1 0.02666666666666667 0.6165413533834586 0.05333333333333334 0.23558897243107768
1 0.12250000000000001 0.5964912280701754 0.05166666666666667 0.19047619047619047
1 0.07166666666666667 0.56265664160401 0.03666666666666667 0.13283208020050125
1 0.04666666666666667 0.5513784461152882 0.02666666666666667 0.10526315789473684
1 0.14250000000000002 0.5588972431077694 0.035 0.13032581453634084
1 0.24416666666666667 0.6979949874686716 0.11166666666666668 0.41854636591478694
1 0.3358333333333334 0.6679197994987468 0.07833333333333334 0.2882205513784461
1 0.385 0.6290726817042607 0.06666666666666667 0.2506265664160401
1 0.4391666666666667 0.6027568922305764 0.055 0.20300751879699247
1 0.8183333333333334 0.7230576441102756 0.12000000000000001 0.44360902255639095
1 0.7683333333333334 0.6679197994987468 0.08666666666666667 0.3233082706766917
1 0.7383333333333334 0.6403508771929824 0.06666666666666667 0.24812030075187969
1 0.7041666666666667 0.5977443609022556 0.055 0.20802005012531327
1 0.6858333333333334 0.5852130325814536 0.045000000000000005 0.17293233082706766
1 0.8933333333333334 0.5802005012531328 0.04 0.15288220551378445
1 0.8433333333333334 0.5651629072681704 0.03333333333333333 0.12280701754385964
1 0.9608333333333334 0.5864661654135338 0.04833333333333334 0.17543859649122806
1 0.4666666666666667 0.5714285714285714 0.04 0.15538847117794485
1 0.4891666666666667 0.5676691729323308 0.035 0.12781954887218044
1 0.49833333333333335 0.5639097744360901 0.030000000000000002 0.11528822055137844
1 0.19083333333333335 0.5526315789473684 0.028333333333333335 0.10776942355889724
1 0.25583333333333336 0.5701754385964912 0.04166666666666667 0.15288220551378445
1 0.6566666666666667 0.5576441102756892 0.03666666666666667 0.13283208020050125
1 0.9775 0.5651629072681704 0.03166666666666667 0.12280701754385964
