1 0.18416666666666667 0.8106508875739645 0.07833333333333334 0.3431952662721893
1 0.21833333333333335 0.7529585798816568 0.07666666666666667 0.3343195266272189
1 0.3191666666666667 0.7529585798816568 0.065 0.28698224852071
1 0.3466666666666667 0.6538461538461539 0.04 0.1834319526627219
1 0.7275 0.6863905325443787 0.055 0.24260355029585798
1 0.645 0.6242603550295858 0.04 0.17159763313609466
1 0.5141666666666667 0.7233727810650887 0.06833333333333334 0.3047337278106509
1 0.04916666666666667 0.7618343195266272 0.08166666666666667 0.35207100591715973
1 0.9316666666666668 0.6331360946745562 0.043333333333333335 0.1893491124260355
1 0.8783333333333334 0.636094674556213 0.04666666666666667 0.21301775147928995
1 0.9650000000000001 0.6538461538461539 0.04666666666666667 0.20710059171597633
1 0.09666666666666668 0.8831360946745562 0.11666666666666667 0.17455621301775148
1 0.09666666666666668 0.7292899408284024 0.08 0.17455621301775148
1 0.45333333333333337 0.8757396449704142 0.13333333333333333 0.1893491124260355
1 0.43083333333333335 0.7411242603550295 0.07500000000000001 0.1272189349112426
1 0.4133333333333334 0.6479289940828402 0.07 0.08875739644970414
1 0.5941666666666667 0.8446745562130177 0.095 0.257396449704142
1 0.5858333333333333 0.7233727810650887 0.058333333333333334 0.1272189349112426
1 0.6966666666666667 0.8284023668639053 0.08333333333333334 0.30177514792899407
1 0.7975000000000001 0.8683431952662721 0.11166666666666668 0.2455621301775148
1 0.78 0.7204142011834319 0.07333333333333333 0.08579881656804733
1 0.8500000000000001 0.7840236686390533 0.06666666666666667 0.17159763313609466
1 0.8350000000000001 0.6834319526627218 0.05666666666666667 0.11242603550295857
1 0.9225000000000001 0.7529585798816568 0.07166666666666667 0.15680473372781065
1 0.9133333333333334 0.6494082840236686 0.07666666666666667 0.09763313609467456
1 0.14250000000000002 0.6050295857988166 0.055 0.07396449704142012
1 0.7733333333333334 0.5843195266272189 0.05333333333333334 0.10355029585798817
1 0.8241666666666667 0.5650887573964497 0.04166666666666667 0.08875739644970414
1 0.2675 0.5724852071005917 0.04833333333333334 0.056213017751479286
1 0.1925 0.5902366863905325 0.03166666666666667 0.07988165680473372
