1 0.02625 0.7086466165413533 0.0525 0.31954887218045114
1 0.06 0.7142857142857142 0.07 0.2631578947368421
1 0.02875 0.6917293233082706 0.0575 0.2857142857142857
1 0.08750000000000001 0.6804511278195489 0.06 0.23308270676691728
1 0.1625 0.6766917293233082 0.07 0.2556390977443609
1 0.13875 0.6842105263157894 0.0575 0.21052631578947367
1 0.18 0.6635338345864661 0.06 0.22180451127819548
1 0.2 0.6635338345864661 0.055 0.20676691729323307
1 0.225 0.6616541353383458 0.055 0.21052631578947367
1 0.26375 0.650375939849624 0.0525 0.20300751879699247
1 0.28125 0.6522556390977443 0.0475 0.18421052631578946
1 0.30125 0.6409774436090225 0.0475 0.18421052631578946
1 0.33875 0.6484962406015037 0.0425 0.16917293233082706
1 0.36125 0.6353383458646616 0.0425 0.16541353383458646
1 0.43875000000000003 0.6296992481203008 0.0325 0.13157894736842105
1 0.48 0.7744360902255638 0.115 0.43609022556390975
1 0.56 0.7218045112781954 0.08 0.3007518796992481
1 0.595 0.6954887218045113 0.075 0.2781954887218045
1 0.65125 0.7349624060150376 0.10250000000000001 0.37969924812030076
1 0.69125 0.7105263157894737 0.0925 0.3383458646616541
1 0.72375 0.6860902255639098 0.08750000000000001 0.3270676691729323
1 0.7525000000000001 0.6710526315789473 0.08 0.2969924812030075
1 0.79 0.6691729323308271 0.065 0.24812030075187969
1 0.82625 0.5770676691729323 0.0075 0.041353383458646614
1 0.8825000000000001 0.6015037593984962 0.025 0.09022556390977443
1 0.89125 0.599624060150376 0.0225 0.09398496240601503
1 0.9137500000000001 0.599624060150376 0.0275 0.10150375939849623
1 0.93625 0.599624060150376 0.0275 0.10150375939849623
1 0.98 0.5714285714285714 0.015 0.06015037593984962
1 0.0825 0.3289473684210526 0.055 0.20676691729323307
1 0.04 0.31954887218045114 0.06 0.21804511278195488
1 0.195 0.3590225563909774 0.05 0.18421052631578946
1 0.23 0.3684210526315789 0.045 0.17293233082706766
1 0.2775 0.3740601503759398 0.045 0.16165413533834586
1 0.325 0.40037593984962405 0.045 0.16165413533834586
1 0.37125 0.40977443609022557 0.0425 0.15789473684210525
1 0.46375 0.424812030075188 0.0375 0.13533834586466165
1 0.0325 0.5770676691729323 0.02 0.05639097744360902
1 0.06875 0.575187969924812 0.0225 0.045112781954887216
1 0.0925 0.5827067669172932 0.01 0.045112781954887216
1 0.14625 0.5714285714285714 0.0175 0.03007518796992481
1 0.45875 0.5789473684210527 0.0225 0.05263157894736842
1 0.62125 0.5770676691729323 0.0275 0.05639097744360902
1 0.83625 0.5883458646616541 0.0125 0.02631578947368421
1 0.85 0.5883458646616541 0.015 0.018796992481203006
1 0.8075 0.5733082706766917 0.01 0.02631578947368421
1 0.96125 0.5319548872180451 0.0125 0.02631578947368421
1 0.9812500000000001 0.5319548872180451 0.0175 0.02631578947368421
1 0.0275 0.06578947368421052 0.02 0.041353383458646614
1 0.085 0.11090225563909774 0.02 0.05639097744360902
1 0.105 0.10526315789473684 0.015 0.045112781954887216
1 0.11875000000000001 0.10526315789473684 0.0125 0.045112781954887216
1 0.14125000000000001 0.12969924812030076 0.0225 0.041353383458646614
1 0.1675 0.13157894736842105 0.02 0.045112781954887216
1 0.3 0.22556390977443608 0.02 0.05263157894736842
1 0.0175 0.10902255639097744 0.02 0.045112781954887216
1 0.03875 0.11842105263157894 0.0125 0.03383458646616541
1 0.051250000000000004 0.12218045112781954 0.0125 0.02631578947368421
1 0.07375 0.13345864661654133 0.0175 0.05639097744360902
1 0.18875 0.14661654135338345 0.0125 0.03007518796992481
1 0.4925 0.3026315789473684 0.01 0.02631578947368421
1 0.56125 0.3289473684210526 0.0175 0.03383458646616541
