1 0.046363636363636364 0.616504854368932 0.09272727272727273 0.31553398058252424
1 0.13454545454545455 0.5995145631067961 0.09454545454545454 0.3106796116504854
1 0.29363636363636364 0.5995145631067961 0.0890909090909091 0.2961165048543689
1 0.3836363636363636 0.6007281553398057 0.07636363636363637 0.24999999999999997
1 0.45545454545454545 0.5885922330097086 0.08545454545454545 0.279126213592233
1 0.5318181818181819 0.5898058252427184 0.08181818181818182 0.27184466019417475
1 0.5981818181818181 0.587378640776699 0.08 0.2621359223300971
1 0.67 0.5703883495145631 0.08545454545454545 0.28640776699029125
1 0.7854545454545454 0.587378640776699 0.07636363636363637 0.24757281553398056
1 0.86 0.5849514563106796 0.07636363636363637 0.2524271844660194
1 0.9227272727272727 0.5679611650485437 0.07818181818181819 0.25728155339805825
1 0.7681818181818182 0.15048543689320387 0.045454545454545456 0.15048543689320387
1 0.7290909090909091 0.154126213592233 0.04363636363636364 0.050970873786407765
1 0.6845454545454546 0.12014563106796115 0.04181818181818182 0.0558252427184466
1 0.85 0.13106796116504854 0.038181818181818185 0.07766990291262135
1 0.1618181818181818 0.020631067961165046 0.04363636363636364 0.03640776699029126
1 0.12090909090909091 0.020631067961165046 0.038181818181818185 0.04126213592233009
1 0.06818181818181818 0.012135922330097085 0.03090909090909091 0.02427184466019417
