1 0.031632653061224494 0.5463215258855586 0.014285714285714287 0.051771117166212535
1 0.01938775510204082 0.544959128065395 0.010204081632653062 0.03814713896457766
1 0.04387755102040817 0.553133514986376 0.014285714285714287 0.05449591280653951
1 0.06836734693877551 0.5517711171662125 0.014285714285714287 0.04632152588555858
1 0.10102040816326531 0.5435967302452316 0.014285714285714287 0.04632152588555858
1 0.0816326530612245 0.5435967302452316 0.012244897959183675 0.04632152588555858
1 0.11836734693877551 0.547683923705722 0.012244897959183675 0.043596730245231606
1 0.13571428571428573 0.553133514986376 0.014285714285714287 0.05449591280653951
1 0.15306122448979592 0.553133514986376 0.012244897959183675 0.043596730245231606
1 0.17448979591836736 0.5367847411444141 0.010204081632653062 0.043596730245231606
1 0.19183673469387758 0.5381471389645777 0.012244897959183675 0.04087193460490463
1 0.20918367346938777 0.544959128065395 0.010204081632653062 0.043596730245231606
1 0.23775510204081635 0.5395095367847411 0.014285714285714287 0.049046321525885554
1 0.2642857142857143 0.5408719346049046 0.014285714285714287 0.051771117166212535
1 0.3704081632653062 0.5340599455040872 0.022448979591836737 0.08174386920980926
1 0.29183673469387755 0.7479564032697548 0.07755102040816328 0.18256130790190736
1 0.20510204081632655 0.6975476839237057 0.06326530612244899 0.16348773841961853
1 0.1326530612244898 0.6634877384196185 0.04081632653061225 0.10081743869209808
1 0.09081632653061225 0.6525885558583105 0.04285714285714286 0.11171662125340599
1 0.036734693877551024 0.6348773841961852 0.0326530612244898 0.07629427792915532
1 0.0163265306122449 0.5994550408719346 0.020408163265306124 0.0653950953678474
1 0.0663265306122449 0.5858310626702997 0.030612244897959186 0.0653950953678474
1 0.09591836734693879 0.5858310626702997 0.020408163265306124 0.05994550408719346
1 0.1489795918367347 0.6130790190735694 0.02448979591836735 0.08719346049046321
1 0.16632653061224492 0.6198910081743869 0.030612244897959186 0.09536784741144413
1 0.21938775510204084 0.6294277929155313 0.03469387755102041 0.09809264305177111
1 0.28775510204081634 0.6103542234332425 0.036734693877551024 0.09264305177111716
1 0.2540816326530613 0.6062670299727521 0.03877551020408164 0.08446866485013624
1 0.2581632653061225 0.6416893732970027 0.030612244897959186 0.08991825613079019
1 0.3785714285714286 0.667574931880109 0.05102040816326531 0.1307901907356948
1 0.3336734693877551 0.6226158038147138 0.03877551020408164 0.08446866485013624
1 0.513265306122449 0.7029972752043596 0.05510204081632654 0.15258855585831063
1 0.5285714285714286 0.6539509536784741 0.04081632653061225 0.12534059945504086
1 0.6326530612244898 0.6730245231607629 0.0489795918367347 0.1416893732970027
1 0.663265306122449 0.6294277929155313 0.0489795918367347 0.09809264305177111
1 0.7642857142857143 0.6471389645776566 0.06326530612244899 0.12261580381471389
1 0.8438775510204083 0.6267029972752043 0.04693877551020409 0.10899182561307902
1 0.9112244897959184 0.6130790190735694 0.04285714285714286 0.10899182561307902
1 0.956122448979592 0.600817438692098 0.04285714285714286 0.10081743869209808
1 0.8183673469387756 0.603542234332425 0.04081632653061225 0.09536784741144413
1 0.703061224489796 0.5885558583106267 0.030612244897959186 0.08174386920980926
1 0.6428571428571429 0.5858310626702997 0.028571428571428574 0.0653950953678474
1 0.6040816326530613 0.5749318801089918 0.036734693877551024 0.07629427792915532
1 0.45612244897959187 0.5994550408719346 0.030612244897959186 0.08719346049046321
1 0.413265306122449 0.6335149863760218 0.04285714285714286 0.10081743869209808
1 0.48163265306122455 0.5899182561307902 0.036734693877551024 0.08446866485013624
1 0.4244897959183674 0.5776566757493188 0.02448979591836735 0.05994550408719346
1 0.40204081632653066 0.5667574931880108 0.020408163265306124 0.049046321525885554
1 0.3887755102040817 0.5803814713896458 0.02653061224489796 0.05449591280653951
1 0.3459183673469388 0.5912806539509536 0.02653061224489796 0.07629427792915532
1 0.3163265306122449 0.5653950953678474 0.028571428571428574 0.05722070844686648
1 0.1979591836734694 0.5790190735694822 0.0163265306122449 0.051771117166212535
1 0.17755102040816328 0.5749318801089918 0.020408163265306124 0.05994550408719346
