1 0.052000000000000005 0.7822822822822822 0.10400000000000001 0.40540540540540543
1 0.277 0.6036036036036035 0.078 0.29429429429429427
1 0.189 0.551051051051051 0.062 0.22522522522522523
1 0.127 0.527027027027027 0.05 0.1831831831831832
1 0.09 0.49099099099099097 0.04 0.15315315315315314
1 0.038 0.44894894894894893 0.032 0.11711711711711711
1 0.417 0.6981981981981982 0.106 0.3933933933933934
1 0.611 0.6111111111111112 0.082 0.3033033033033033
1 0.9480000000000001 0.7312312312312312 0.1 0.36336336336336333
1 0.879 0.6141141141141141 0.038 0.14114114114114115
1 0.919 0.4804804804804805 0.07 0.25825825825825827
1 0.848 0.4894894894894895 0.068 0.25825825825825827
1 0.577 0.43843843843843844 0.05 0.18618618618618618
1 0.485 0.566066066066066 0.062 0.22522522522522523
1 0.512 0.5015015015015015 0.04 0.15015015015015015
1 0.383 0.5180180180180181 0.05 0.1891891891891892
1 0.325 0.503003003003003 0.038 0.14114114114114115
1 0.22 0.4744744744744745 0.04 0.14414414414414414
1 0.55 0.4264264264264264 0.044 0.16216216216216217
1 0.41600000000000004 0.4039039039039039 0.04 0.15315315315315314
1 0.295 0.4249249249249249 0.026000000000000002 0.0990990990990991
1 0.23700000000000002 0.4219219219219219 0.022 0.08108108108108109
1 0.16 0.43093093093093093 0.02 0.07507507507507508
1 0.099 0.44294294294294295 0.034 0.12312312312312312
1 0.367 0.45345345345345345 0.034 0.13213213213213212
1 0.46900000000000003 0.4159159159159159 0.038 0.14114114114114115
1 0.745 0.43543543543543545 0.05 0.18018018018018017
1 0.759 0.566066066066066 0.05 0.1831831831831832
1 0.625 0.44294294294294295 0.054 0.19519519519519518
1 0.646 0.45045045045045046 0.06 0.2222222222222222
1 0.676 0.4264264264264264 0.056 0.2042042042042042
1 0.746 0.8048048048048048 0.168 0.3783783783783784
1 0.805 0.515015015015015 0.042 0.1111111111111111
1 0.787 0.34984984984984985 0.034 0.04504504504504504
1 0.8320000000000001 0.3588588588588589 0.028 0.06306306306306306
1 0.903 0.36186186186186187 0.038 0.07507507507507508
1 0.601 0.35135135135135137 0.022 0.04204204204204204
