1 0.03833333333333333 0.8141666666666667 0.043333333333333335 0.16166666666666668
1 0.049444444444444444 0.8016666666666667 0.052222222222222225 0.19333333333333336
1 0.09666666666666666 0.8391666666666667 0.06 0.225
1 0.18 0.8533333333333334 0.04888888888888889 0.18333333333333335
1 0.29333333333333333 0.8558333333333333 0.03333333333333333 0.125
1 0.31222222222222223 0.8441666666666667 0.03777777777777778 0.13833333333333334
1 0.33555555555555555 0.8316666666666667 0.026666666666666665 0.10333333333333335
1 0.36444444444444446 0.8250000000000001 0.03777777777777778 0.14
1 0.3883333333333333 0.8158333333333334 0.04111111111111111 0.155
1 0.41444444444444445 0.8091666666666667 0.03777777777777778 0.14166666666666666
1 0.7233333333333334 0.8400000000000001 0.06 0.22333333333333336
1 0.64 0.8133333333333334 0.03111111111111111 0.12000000000000001
1 0.6033333333333334 0.7991666666666667 0.03333333333333333 0.12166666666666667
1 0.5833333333333334 0.8033333333333333 0.03333333333333333 0.12666666666666668
1 0.5527777777777778 0.8183333333333334 0.025555555555555557 0.09666666666666668
1 0.5111111111111111 0.8208333333333334 0.035555555555555556 0.135
1 0.2638888888888889 0.8183333333333334 0.043333333333333335 0.16
1 0.23444444444444446 0.8266666666666668 0.026666666666666665 0.10333333333333335
1 0.13277777777777777 0.8258333333333334 0.043333333333333335 0.16166666666666668
1 0.6577777777777778 0.7966666666666667 0.035555555555555556 0.13333333333333333
1 0.6766666666666666 0.7991666666666667 0.035555555555555556 0.13166666666666668
1 0.6961111111111111 0.8066666666666668 0.027777777777777776 0.1
1 0.7488888888888889 0.8016666666666667 0.03111111111111111 0.12000000000000001
1 0.9766666666666667 0.8491666666666667 0.04666666666666667 0.28500000000000003
1 0.8616666666666667 0.88 0.06111111111111111 0.23
1 0.8 0.8733333333333334 0.06222222222222222 0.23
1 0.9216666666666666 0.7833333333333334 0.027777777777777776 0.10666666666666667
1 0.8944444444444445 0.7866666666666667 0.03111111111111111 0.12000000000000001
1 0.8766666666666667 0.8208333333333334 0.044444444444444446 0.16833333333333333
1 0.8138888888888889 0.7891666666666667 0.03666666666666667 0.135
1 0.9527777777777777 0.7966666666666667 0.03222222222222222 0.12000000000000001
1 0.24388888888888888 0.8291666666666667 0.03 0.10833333333333334
1 0.14333333333333334 0.8266666666666668 0.03777777777777778 0.14
1 0.47888888888888886 0.9 0.051111111111111114 0.18666666666666668
1 0.46 0.89 0.05333333333333333 0.2
1 0.2927777777777778 0.7683333333333334 0.03222222222222222 0.05333333333333334
1 0.21944444444444444 0.6933333333333334 0.025555555555555557 0.04666666666666667
1 0.1938888888888889 0.7591666666666668 0.034444444444444444 0.045000000000000005
1 0.45555555555555555 0.8041666666666667 0.05555555555555555 0.10166666666666667
