1 0.025 0.60875 0.03333333333333333 0.1225
1 0.045000000000000005 0.6 0.02666666666666667 0.1
1 0.058333333333333334 0.605 0.02666666666666667 0.1
1 0.14166666666666666 0.5925 0.05 0.19
1 0.27166666666666667 0.605 0.04666666666666667 0.17500000000000002
1 0.39583333333333337 0.59 0.05166666666666667 0.195
1 0.5033333333333334 0.58125 0.07 0.2575
1 0.5908333333333333 0.59 0.04833333333333334 0.185
1 0.6875 0.59375 0.05166666666666667 0.1875
1 0.7533333333333334 0.62125 0.030000000000000002 0.11750000000000001
1 0.8200000000000001 0.6125 0.03666666666666667 0.14
1 0.1975 0.6125 0.018333333333333333 0.065
1 0.17666666666666667 0.61 0.013333333333333334 0.055
1 0.21666666666666667 0.61 0.013333333333333334 0.055
1 0.22833333333333336 0.61125 0.01 0.0425
1 0.255 0.6125 0.013333333333333334 0.05
1 0.3325 0.615 0.011666666666666667 0.045
1 0.5308333333333334 0.61875 0.018333333333333333 0.0725
1 0.545 0.61875 0.02 0.0725
1 0.7808333333333334 0.615 0.028333333333333335 0.105
1 0.7983333333333333 0.61125 0.030000000000000002 0.1125
