1 0.042 0.7014705882352941 0.028 0.10882352941176471
1 0.10300000000000001 0.7014705882352941 0.034 0.12058823529411765
1 0.161 0.7014705882352941 0.034 0.12058823529411765
1 0.218 0.6941176470588235 0.028 0.11176470588235293
1 0.281 0.6970588235294117 0.03 0.11176470588235293
1 0.34800000000000003 0.6882352941176471 0.028 0.11176470588235293
1 0.406 0.6897058823529412 0.028 0.10882352941176471
1 0.462 0.6897058823529412 0.028 0.10294117647058823
1 0.531 0.6941176470588235 0.03 0.10588235294117647
1 0.583 0.6897058823529412 0.03 0.10882352941176471
1 0.646 0.6838235294117647 0.028 0.10294117647058823
1 0.704 0.6838235294117647 0.028 0.10294117647058823
1 0.758 0.6794117647058824 0.028 0.10588235294117647
1 0.809 0.6779411764705883 0.03 0.10882352941176471
1 0.865 0.6764705882352942 0.026000000000000002 0.1
1 0.923 0.6764705882352942 0.026000000000000002 0.1
1 0.886 0.6617647058823529 0.02 0.08235294117647059
1 0.974 0.6779411764705883 0.024 0.09705882352941177
