1 0.202 0.7462462462462462 0.06 0.23123123123123124
1 0.428 0.8213213213213213 0.076 0.27927927927927926
1 0.606 0.7282282282282282 0.06 0.21921921921921922
1 0.6970000000000001 0.6876876876876877 0.042 0.15615615615615616
1 0.761 0.6681681681681682 0.034 0.12312312312312312
1 0.803 0.6576576576576576 0.03 0.11411411411411411
1 0.921 0.7717717717717718 0.074 0.27627627627627627
1 0.8260000000000001 0.6426426426426426 0.02 0.08408408408408408
1 0.851 0.6336336336336337 0.022 0.07807807807807808
1 0.243 0.6816816816816816 0.042 0.16216216216216217
1 0.068 0.6591591591591591 0.036000000000000004 0.12912912912912913
1 0.027 0.7387387387387387 0.054 0.21021021021021022
1 0.146 0.6726726726726726 0.032 0.12012012012012012
1 0.113 0.6366366366366366 0.026000000000000002 0.0960960960960961
1 0.375 0.6771771771771772 0.026000000000000002 0.10510510510510511
1 0.41200000000000003 0.7012012012012012 0.036000000000000004 0.12912912912912913
1 0.276 0.6636636636636637 0.032 0.12012012012012012
1 0.527 0.6876876876876877 0.03 0.10810810810810811
1 0.551 0.6426426426426426 0.026000000000000002 0.1021021021021021
1 0.46900000000000003 0.6546546546546547 0.026000000000000002 0.1021021021021021
1 0.069 0.6591591591591591 0.034 0.12912912912912913
1 0.672 0.6366366366366366 0.028 0.1021021021021021
