1 0.051449275362318844 0.5367504835589942 0.04782608695652174 0.16054158607350097
1 0.18840579710144928 0.5357833655705996 0.10434782608695653 0.3404255319148936
1 0.322463768115942 0.5425531914893617 0.09710144927536232 0.3191489361702128
1 0.46159420289855074 0.528046421663443 0.08840579710144927 0.2901353965183752
1 0.5478260869565218 0.5357833655705996 0.0782608695652174 0.25918762088974856
1 0.636231884057971 0.5203094777562862 0.07246376811594203 0.23984526112185686
1 0.7398550724637681 0.5212765957446809 0.07101449275362319 0.23017408123791103
1 0.7985507246376812 0.5145067698259188 0.06666666666666667 0.21663442940038685
1 0.8746376811594203 0.5241779497098646 0.059420289855072465 0.19729206963249515
1 0.913768115942029 0.5135396518375241 0.0536231884057971 0.17988394584139264
1 0.9746376811594203 0.4990328820116054 0.050724637681159424 0.2011605415860735
1 0.25434782608695655 0.5541586073500967 0.06521739130434782 0.1218568665377176
1 0.6869565217391305 0.5125725338491296 0.052173913043478265 0.09671179883945842
1 0.9521739130434783 0.5096711798839458 0.034782608695652174 0.07543520309477757
