1 0.5523809523809524 0.875866050808314 0.046753246753246755 0.07736720554272518
1 0.6155844155844156 0.8533487297921478 0.03982683982683983 0.06581986143187067
1 0.7774891774891775 0.8195727482678984 0.06060606060606061 0.098729792147806
1 0.7428571428571429 0.7941685912240185 0.0380952380952381 0.06177829099307159
1 0.4064935064935065 0.9105080831408776 0.05281385281385281 0.08545034642032333
1 0.37835497835497833 0.9194572748267898 0.048484848484848485 0.07909930715935334
1 0.45930735930735933 0.8946304849884527 0.030303030303030304 0.05023094688221709
1 0.4922077922077922 0.8865473441108545 0.030303030303030304 0.05023094688221709
1 0.329004329004329 0.9298498845265589 0.048484848484848485 0.08025404157043879
1 0.2987012987012987 0.9503464203233256 0.06060606060606061 0.09815242494226328
1 0.2606060606060606 0.9523672055427251 0.05367965367965368 0.08833718244803695
1 0.23636363636363636 0.9616050808314087 0.04502164502164502 0.07332563510392609
1 0.12294372294372294 0.9745958429561201 0.02077922077922078 0.03579676674364896
1 0.10735930735930736 0.9812355658198614 0.02077922077922078 0.034064665127020784
1 0.08787878787878788 0.9832563510392609 0.01818181818181818 0.03117782909930716
1 0.19783549783549784 0.9630484988452656 0.032034632034632034 0.05196304849884526
1 0.43463203463203465 0.8986720554272517 0.027705627705627706 0.04561200923787529
1 0.8298701298701299 0.7901270207852193 0.025108225108225107 0.040993071593533485
1 0.8701298701298701 0.7921478060046189 0.013852813852813853 0.024249422632794455
1 0.9506493506493506 0.8112009237875288 0.0987012987012987 0.16050808314087758
1 0.9658008658008658 0.7609699769053118 0.021645021645021644 0.03579676674364896
1 0.9878787878787879 0.7485565819861432 0.024242424242424242 0.040993071593533485
1 0.59004329004329 0.8446882217090069 0.032034632034632034 0.054272517321016164
1 0.564069264069264 0.8513279445727483 0.030303030303030304 0.04907621247113164
1 0.4445887445887446 0.8957852193995381 0.030303030303030304 0.04907621247113164
1 0.667965367965368 0.8285219399538106 0.019913419913419914 0.03348729792147806
1 0.6532467532467533 0.8342956120092379 0.019913419913419914 0.03348729792147806
1 0.6844155844155844 0.8308314087759815 0.023376623376623377 0.03810623556581986
1 0.8056277056277056 0.793879907621247 0.01645021645021645 0.028868360277136258
