1 0.23083333333333333 0.5188888888888888 0.095 0.31333333333333335
1 0.30583333333333335 0.5155555555555555 0.08833333333333333 0.29333333333333333
1 0.3775 0.5888888888888889 0.10166666666666667 0.3288888888888889
1 0.4191666666666667 0.4855555555555556 0.095 0.3088888888888889
1 0.3416666666666667 0.36333333333333334 0.07 0.2288888888888889
1 0.5108333333333334 0.4166666666666667 0.065 0.2111111111111111
1 0.5491666666666667 0.5155555555555555 0.085 0.28
1 0.5966666666666667 0.6022222222222222 0.11 0.35555555555555557
1 0.6483333333333334 0.5844444444444444 0.1 0.3333333333333333
1 0.7266666666666667 0.4666666666666667 0.08666666666666667 0.28
1 0.7725000000000001 0.34555555555555556 0.058333333333333334 0.19333333333333333
1 0.8541666666666667 0.3933333333333333 0.06833333333333334 0.22666666666666666
1 0.8858333333333334 0.48777777777777775 0.08833333333333333 0.2866666666666667
1 0.9458333333333334 0.4388888888888889 0.07166666666666667 0.23333333333333334
1 0.31083333333333335 0.35777777777777775 0.025 0.03111111111111111
1 0.42250000000000004 0.30666666666666664 0.04166666666666667 0.05333333333333333
1 0.5275000000000001 0.2877777777777778 0.03833333333333334 0.051111111111111114
1 0.6000000000000001 0.25666666666666665 0.04 0.051111111111111114
1 0.5933333333333334 0.34555555555555556 0.043333333333333335 0.04666666666666667
1 0.5483333333333333 0.56 0.02666666666666667 0.05333333333333333
