1 0.09454545454545454 0.614010989010989 0.12363636363636364 0.4642857142857143
1 0.14181818181818182 0.6195054945054945 0.12727272727272726 0.4752747252747253
1 0.2009090909090909 0.6126373626373627 0.1509090909090909 0.565934065934066
1 0.32 0.625 0.13818181818181818 0.5192307692307693
1 0.36272727272727273 0.5934065934065934 0.11818181818181818 0.4395604395604396
1 0.5218181818181818 0.6016483516483517 0.14181818181818182 0.521978021978022
1 0.5963636363636363 0.5796703296703297 0.12363636363636364 0.4560439560439561
1 0.6890909090909091 0.6181318681318682 0.15272727272727274 0.565934065934066
1 0.8018181818181818 0.6016483516483517 0.14909090909090908 0.5494505494505495
1 0.9418181818181818 0.5906593406593407 0.11636363636363636 0.5934065934065934
1 0.4690909090909091 0.5618131868131868 0.11272727272727273 0.42582417582417587
1 0.7445454545454545 0.49313186813186816 0.07818181818181819 0.29395604395604397
1 0.42454545454545456 0.39010989010989017 0.034545454545454546 0.06043956043956045
1 0.25636363636363635 0.40384615384615385 0.04727272727272727 0.07142857142857144
1 0.6554545454545454 0.38461538461538464 0.034545454545454546 0.07692307692307693
1 0.5663636363636364 0.28983516483516486 0.11818181818181818 0.1565934065934066
