1 0.675 0.5635416666666666 0.0675 0.27708333333333335
1 0.583125 0.525 0.03125 0.125
1 0.5525 0.5489583333333333 0.045 0.18541666666666667
1 0.525 0.5333333333333333 0.0375 0.15416666666666667
1 0.5075000000000001 0.5333333333333333 0.0325 0.13333333333333333
1 0.486875 0.5083333333333333 0.02875 0.12083333333333333
1 0.46375 0.534375 0.0325 0.13541666666666666
1 0.43375 0.5270833333333333 0.035 0.14166666666666666
1 0.41625 0.540625 0.04 0.16458333333333333
1 0.39937500000000004 0.5260416666666666 0.03125 0.13125
1 0.3825 0.540625 0.035 0.14791666666666667
1 0.36312500000000003 0.5322916666666666 0.02875 0.12291666666666666
1 0.3425 0.521875 0.0325 0.13541666666666666
1 0.315625 0.546875 0.03375 0.13958333333333334
1 0.296875 0.5395833333333333 0.03125 0.13333333333333333
1 0.28625 0.53125 0.03 0.12916666666666665
1 0.27625 0.5197916666666667 0.0275 0.11875
1 0.259375 0.5541666666666667 0.03625 0.15
1 0.245625 0.54375 0.03125 0.125
1 0.230625 0.5260416666666666 0.03125 0.12708333333333333
1 0.216875 0.5208333333333334 0.02625 0.1125
1 0.538125 0.5239583333333333 0.02625 0.11458333333333333
1 0.448125 0.521875 0.02625 0.11458333333333333
1 0.3275 0.5166666666666666 0.03 0.125
1 0.021875000000000002 0.5291666666666667 0.03625 0.10416666666666667
