1 0.8458333333333334 0.535 0.16833333333333333 0.615
1 0.7858333333333334 0.52375 0.15833333333333335 0.5875
1 0.7275 0.5225 0.155 0.5700000000000001
1 0.6616666666666667 0.5175 0.14333333333333334 0.53
1 0.6033333333333334 0.52 0.14 0.515
1 0.5700000000000001 0.5175 0.13333333333333333 0.495
1 0.535 0.51875 0.12666666666666668 0.47250000000000003
1 0.4941666666666667 0.51875 0.12166666666666667 0.4475
1 0.4575 0.5175 0.12166666666666667 0.445
1 0.4166666666666667 0.515 0.11 0.41000000000000003
1 0.39916666666666667 0.53 0.09833333333333334 0.365
1 0.36750000000000005 0.51375 0.10166666666666667 0.3725
1 0.3383333333333334 0.51125 0.1 0.3675
1 0.31583333333333335 0.49625 0.095 0.34750000000000003
1 0.2966666666666667 0.50625 0.09333333333333334 0.3425
1 0.275 0.51125 0.08666666666666667 0.3175
1 0.24833333333333335 0.505 0.08333333333333334 0.31
1 0.23 0.50875 0.08 0.2975
1 0.21666666666666667 0.52 0.07 0.265
1 0.2041666666666667 0.5125 0.07166666666666667 0.27
1 0.18583333333333335 0.50625 0.07166666666666667 0.2675
1 0.16583333333333333 0.50875 0.06833333333333334 0.2525
