1 0.335625 0.6452631578947369 0.058750000000000004 0.2463157894736842
1 0.48375 0.6378947368421053 0.0675 0.28210526315789475
1 0.55625 0.6147368421052631 0.07 0.2863157894736842
1 0.664375 0.6305263157894737 0.06125 0.25052631578947365
1 0.15875 0.6052631578947368 0.05 0.21263157894736842
1 0.215625 0.6231578947368421 0.06125 0.25684210526315787
1 0.23625000000000002 0.6768421052631579 0.0625 0.25473684210526315
1 0.030625 0.588421052631579 0.04625 0.1031578947368421
1 0.106875 0.523157894736842 0.04125 0.04842105263157895
1 0.11125 0.6031578947368421 0.05 0.12421052631578947
1 0.095 0.7231578947368421 0.0525 0.1957894736842105
1 0.14625 0.7105263157894737 0.045 0.19157894736842104
1 0.18812500000000001 0.72 0.04125 0.2231578947368421
1 0.25375000000000003 0.7463157894736842 0.05 0.2463157894736842
1 0.039375 0.7463157894736842 0.05625 0.23368421052631577
1 0.6218750000000001 0.7378947368421053 0.058750000000000004 0.25052631578947365
1 0.685625 0.7442105263157894 0.04625 0.2463157894736842
1 0.7368750000000001 0.7652631578947369 0.04875 0.23789473684210527
1 0.73625 0.6031578947368421 0.035 0.10736842105263157
1 0.7875 0.7378947368421053 0.035 0.23789473684210527
1 0.843125 0.7378947368421053 0.043750000000000004 0.22526315789473683
1 0.888125 0.7621052631578947 0.04125 0.24
1 0.978125 0.7547368421052632 0.03375 0.23368421052631577
1 0.971875 0.5915789473684211 0.04625 0.1094736842105263
1 0.886875 0.5894736842105263 0.03875 0.08842105263157894
1 0.815625 0.5810526315789474 0.051250000000000004 0.09263157894736843
1 0.8150000000000001 0.4936842105263158 0.0425 0.06526315789473684
1 0.765 0.5894736842105263 0.0425 0.11368421052631579
