1 0.06666666666666667 0.9201388888888888 0.020833333333333332 0.09027777777777778
1 0.021875 0.9166666666666666 0.027083333333333334 0.1111111111111111
1 0.040625 0.7916666666666666 0.022916666666666665 0.09722222222222221
1 0.096875 0.796875 0.01875 0.0798611111111111
1 0.13125 0.9131944444444444 0.0125 0.0625
1 0.19479166666666667 0.9166666666666666 0.022916666666666665 0.09027777777777778
1 0.14479166666666665 0.8090277777777777 0.01875 0.08333333333333333
1 0.14375 0.7083333333333333 0.016666666666666666 0.07638888888888888
1 0.19166666666666665 0.7100694444444444 0.016666666666666666 0.07291666666666666
1 0.19166666666666665 0.798611111111111 0.016666666666666666 0.07638888888888888
1 0.23229166666666667 0.8038194444444444 0.01875 0.07291666666666666
1 0.28125 0.8038194444444444 0.020833333333333332 0.09375
1 0.24479166666666666 0.9270833333333333 0.01875 0.07638888888888888
1 0.3052083333333333 0.923611111111111 0.01875 0.08333333333333333
1 0.3625 0.9253472222222222 0.020833333333333332 0.09375
1 0.3260416666666667 0.8003472222222222 0.027083333333333334 0.10763888888888888
1 0.37395833333333334 0.8038194444444444 0.01875 0.0798611111111111
1 0.42916666666666664 0.90625 0.020833333333333332 0.09027777777777778
1 0.48333333333333334 0.9027777777777777 0.025 0.10416666666666666
1 0.440625 0.8020833333333333 0.022916666666666665 0.09027777777777778
1 0.49895833333333334 0.7899305555555555 0.022916666666666665 0.10069444444444443
1 0.5489583333333333 0.9166666666666666 0.022916666666666665 0.09027777777777778
1 0.5520833333333334 0.798611111111111 0.020833333333333332 0.08333333333333333
1 0.6052083333333333 0.798611111111111 0.022916666666666665 0.10416666666666666
1 0.6229166666666667 0.9149305555555555 0.020833333333333332 0.09375
1 0.9260416666666667 0.907986111111111 0.027083333333333334 0.12152777777777778
1 0.9822916666666667 0.796875 0.022916666666666665 0.10069444444444443
1 0.9666666666666667 0.7395833333333333 0.016666666666666666 0.07638888888888888
1 0.9302083333333333 0.6875 0.01875 0.08333333333333333
1 0.9614583333333333 0.657986111111111 0.01875 0.07291666666666666
1 0.9010416666666666 0.6527777777777778 0.01875 0.08333333333333333
1 0.8739583333333333 0.6996527777777778 0.01875 0.07291666666666666
1 0.8166666666666667 0.7013888888888888 0.016666666666666666 0.07638888888888888
1 0.7822916666666666 0.6961805555555555 0.014583333333333334 0.06597222222222222
1 0.7302083333333333 0.7065972222222222 0.01875 0.07291666666666666
1 0.7604166666666666 0.626736111111111 0.016666666666666666 0.0798611111111111
1 0.6875 0.704861111111111 0.0125 0.05555555555555555
1 0.6229166666666667 0.6996527777777778 0.016666666666666666 0.06597222222222222
1 0.5895833333333333 0.6996527777777778 0.016666666666666666 0.06597222222222222
1 0.5364583333333334 0.6979166666666666 0.014583333333333334 0.06944444444444445
1 0.48541666666666666 0.703125 0.016666666666666666 0.06597222222222222
1 0.43854166666666666 0.6979166666666666 0.014583333333333334 0.0625
1 0.38958333333333334 0.703125 0.016666666666666666 0.07291666666666666
1 0.3489583333333333 0.6996527777777778 0.014583333333333334 0.06597222222222222
1 0.3260416666666667 0.6996527777777778 0.010416666666666666 0.05208333333333333
1 0.2739583333333333 0.6996527777777778 0.014583333333333334 0.059027777777777776
1 0.2375 0.6961805555555555 0.016666666666666666 0.07291666666666666
1 0.24375 0.6284722222222222 0.0125 0.0625
1 0.225 0.6006944444444444 0.008333333333333333 0.041666666666666664
1 0.25104166666666666 0.5520833333333333 0.010416666666666666 0.05555555555555555
1 0.28020833333333334 0.6302083333333333 0.01875 0.0798611111111111
1 0.051041666666666666 0.6788194444444444 0.014583333333333334 0.059027777777777776
1 0.013541666666666667 0.6319444444444444 0.010416666666666666 0.05555555555555555
1 0.053125 0.5833333333333333 0.014583333333333334 0.0625
1 0.084375 0.6319444444444444 0.01875 0.07638888888888888
1 0.11458333333333333 0.65625 0.016666666666666666 0.07638888888888888
1 0.14791666666666667 0.6232638888888888 0.016666666666666666 0.07291666666666666
1 0.11145833333333333 0.5885416666666666 0.010416666666666666 0.05208333333333333
1 0.08125 0.5625 0.0125 0.05555555555555555
1 0.165625 0.5850694444444444 0.014583333333333334 0.06597222222222222
1 0.18958333333333333 0.5520833333333333 0.016666666666666666 0.06944444444444445
1 0.203125 0.5295138888888888 0.014583333333333334 0.059027777777777776
1 0.221875 0.5138888888888888 0.010416666666666666 0.041666666666666664
1 0.23854166666666665 0.4722222222222222 0.010416666666666666 0.041666666666666664
1 0.26458333333333334 0.5347222222222222 0.0125 0.048611111111111105
1 0.2833333333333333 0.501736111111111 0.008333333333333333 0.03819444444444444
1 0.296875 0.46527777777777773 0.010416666666666666 0.041666666666666664
1 0.309375 0.44965277777777773 0.00625 0.03819444444444444
1 0.31666666666666665 0.4409722222222222 0.008333333333333333 0.041666666666666664
1 0.321875 0.4131944444444444 0.0020833333333333333 0.020833333333333332
1 0.33229166666666665 0.3958333333333333 0.010416666666666666 0.041666666666666664
1 0.11666666666666667 0.501736111111111 0.0125 0.059027777777777776
1 0.14270833333333333 0.5451388888888888 0.014583333333333334 0.0625
1 0.134375 0.48090277777777773 0.00625 0.03819444444444444
1 0.15625 0.5190972222222222 0.008333333333333333 0.03819444444444444
1 0.17083333333333334 0.4930555555555555 0.0125 0.048611111111111105
1 0.15416666666666667 0.46354166666666663 0.008333333333333333 0.04513888888888889
1 0.16875 0.4461805555555555 0.008333333333333333 0.04513888888888889
1 0.184375 0.4375 0.010416666666666666 0.041666666666666664
1 0.18645833333333334 0.484375 0.00625 0.03819444444444444
1 0.20520833333333333 0.4600694444444444 0.010416666666666666 0.05208333333333333
1 0.24687499999999998 0.4565972222222222 0.010416666666666666 0.04513888888888889
1 0.2625 0.4461805555555555 0.0125 0.05208333333333333
1 0.26875 0.4253472222222222 0.0125 0.059027777777777776
1 0.30833333333333335 0.564236111111111 0.0125 0.059027777777777776
1 0.325 0.6336805555555555 0.016666666666666666 0.06597222222222222
1 0.3302083333333333 0.5694444444444444 0.014583333333333334 0.06944444444444445
1 0.371875 0.5729166666666666 0.010416666666666666 0.05555555555555555
1 0.36041666666666666 0.6354166666666666 0.016666666666666666 0.06944444444444445
1 0.38958333333333334 0.6284722222222222 0.0125 0.0625
1 0.4083333333333333 0.5729166666666666 0.0125 0.0625
1 0.4239583333333333 0.625 0.014583333333333334 0.06944444444444445
1 0.43854166666666666 0.5729166666666666 0.014583333333333334 0.06944444444444445
1 0.4791666666666667 0.5763888888888888 0.0125 0.05555555555555555
1 0.471875 0.6284722222222222 0.01875 0.07638888888888888
1 0.5041666666666667 0.625 0.0125 0.0625
1 0.50625 0.5590277777777778 0.0125 0.048611111111111105
1 0.5395833333333333 0.5694444444444444 0.016666666666666666 0.06944444444444445
1 0.5708333333333333 0.5711805555555555 0.0125 0.059027777777777776
1 0.5458333333333333 0.6302083333333333 0.0125 0.059027777777777776
1 0.5822916666666667 0.6336805555555555 0.014583333333333334 0.06597222222222222
1 0.6072916666666667 0.5659722222222222 0.014583333333333334 0.06944444444444445
1 0.6197916666666666 0.625 0.014583333333333334 0.06944444444444445
1 0.665625 0.625 0.014583333333333334 0.0625
1 0.6552083333333333 0.5677083333333333 0.014583333333333334 0.06597222222222222
1 0.6802083333333333 0.5625 0.010416666666666666 0.05555555555555555
1 0.5625 0.37152777777777773 0.0125 0.048611111111111105
1 0.12708333333333333 0.4114583333333333 0.008333333333333333 0.03819444444444444
1 0.13541666666666666 0.3784722222222222 0.008333333333333333 0.041666666666666664
1 0.2375 0.328125 0.008333333333333333 0.03125
1 0.265625 0.30902777777777773 0.00625 0.027777777777777776
1 0.29791666666666666 0.3211805555555555 0.008333333333333333 0.03819444444444444
1 0.703125 0.6319444444444444 0.014583333333333334 0.06944444444444445
1 0.8145833333333333 0.6076388888888888 0.016666666666666666 0.07638888888888888
1 0.8 0.5763888888888888 0.0125 0.0625
1 0.7833333333333333 0.5503472222222222 0.0125 0.05208333333333333
1 0.76875 0.5277777777777778 0.0125 0.0625
1 0.75625 0.4913194444444444 0.0125 0.05208333333333333
1 0.7395833333333334 0.4739583333333333 0.0125 0.05208333333333333
1 0.728125 0.45138888888888884 0.010416666666666666 0.041666666666666664
1 0.7166666666666667 0.4375 0.008333333333333333 0.041666666666666664
1 0.7083333333333334 0.4149305555555555 0.008333333333333333 0.04513888888888889
1 0.6947916666666667 0.390625 0.010416666666666666 0.04513888888888889
1 0.6770833333333334 0.35590277777777773 0.0125 0.05208333333333333
1 0.64375 0.3628472222222222 0.004166666666666667 0.024305555555555552
1 0.70625 0.35416666666666663 0.008333333333333333 0.041666666666666664
1 0.6270833333333333 0.41666666666666663 0.008333333333333333 0.041666666666666664
1 0.6583333333333333 0.4878472222222222 0.008333333333333333 0.04513888888888889
1 0.6520833333333333 0.4739583333333333 0.0125 0.05208333333333333
1 0.6427083333333333 0.4548611111111111 0.010416666666666666 0.048611111111111105
1 0.7260416666666667 0.5520833333333333 0.010416666666666666 0.05555555555555555
1 0.715625 0.517361111111111 0.010416666666666666 0.048611111111111105
1 0.7052083333333333 0.49826388888888884 0.014583333333333334 0.059027777777777776
1 0.6947916666666667 0.4756944444444444 0.00625 0.034722222222222224
1 0.684375 0.45138888888888884 0.010416666666666666 0.05555555555555555
1 0.675 0.4427083333333333 0.0125 0.05208333333333333
1 0.66875 0.41666666666666663 0.008333333333333333 0.041666666666666664
1 0.8395833333333333 0.6458333333333333 0.016666666666666666 0.06944444444444445
1 0.8802083333333334 0.611111111111111 0.014583333333333334 0.06944444444444445
1 0.8572916666666667 0.5763888888888888 0.014583333333333334 0.0625
1 0.8416666666666667 0.5520833333333333 0.0125 0.0625
1 0.8229166666666666 0.5225694444444444 0.0125 0.059027777777777776
1 0.8020833333333334 0.49826388888888884 0.0125 0.05208333333333333
1 0.7833333333333333 0.4756944444444444 0.0125 0.0625
1 0.7677083333333333 0.453125 0.014583333333333334 0.059027777777777776
1 0.753125 0.43229166666666663 0.00625 0.03819444444444444
1 0.7416666666666667 0.4079861111111111 0.0125 0.05208333333333333
1 0.73125 0.3940972222222222 0.008333333333333333 0.04513888888888889
1 0.7208333333333333 0.3784722222222222 0.008333333333333333 0.034722222222222224
1 0.934375 0.6076388888888888 0.01875 0.07638888888888888
1 0.8760416666666666 0.5416666666666666 0.014583333333333334 0.0625
1 0.9166666666666666 0.5711805555555555 0.008333333333333333 0.04513888888888889
1 0.8979166666666667 0.548611111111111 0.0125 0.048611111111111105
1 0.8510416666666667 0.4913194444444444 0.00625 0.03819444444444444
1 0.8312499999999999 0.4618055555555555 0.004166666666666667 0.027777777777777776
1 0.8125 0.4392361111111111 0.008333333333333333 0.03125
1 0.7947916666666667 0.421875 0.00625 0.024305555555555552
1 0.7854166666666667 0.40104166666666663 0.008333333333333333 0.03819444444444444
1 0.7739583333333333 0.3784722222222222 0.00625 0.027777777777777776
1 0.7583333333333333 0.3680555555555555 0.004166666666666667 0.020833333333333332
