1 0.25 0.6482035928143713 0.124 0.45808383233532934
1 0.315 0.6691616766467067 0.11800000000000001 0.42814371257485034
1 0.367 0.6347305389221557 0.11800000000000001 0.4311377245508982
1 0.40900000000000003 0.6497005988023953 0.106 0.38922155688622756
1 0.46 0.6497005988023953 0.1 0.37125748502994016
1 0.509 0.6526946107784432 0.106 0.39520958083832336
1 0.5660000000000001 0.6541916167664671 0.10400000000000001 0.3862275449101797
1 0.62 0.6497005988023953 0.12 0.44311377245508987
1 0.681 0.6811377245508983 0.106 0.3982035928143713
1 0.732 0.6766467065868264 0.112 0.407185628742515
1 0.802 0.688622754491018 0.10400000000000001 0.38922155688622756
1 0.02 0.534431137724551 0.024 0.038922155688622756
1 0.13 0.5553892215568863 0.032 0.0688622754491018
1 0.152 0.5224550898203593 0.02 0.03293413173652695
1 0.869 0.5763473053892216 0.022 0.05089820359281438
1 0.979 0.5853293413173654 0.026000000000000002 0.038922155688622756
