1 0.20400000000000001 0.6973333333333334 0.14400000000000002 0.472
1 0.297 0.6053333333333333 0.074 0.24533333333333332
1 0.652 0.5479999999999999 0.044 0.14133333333333334
1 0.725 0.5666666666666667 0.046 0.152
1 0.986 0.5439999999999999 0.028 0.112
1 0.8160000000000001 0.5253333333333333 0.02 0.06933333333333333
1 0.837 0.532 0.014 0.050666666666666665
1 0.856 0.5306666666666666 0.016 0.05333333333333333
1 0.762 0.528 0.016 0.05333333333333333
1 0.749 0.5333333333333333 0.018000000000000002 0.058666666666666666
1 0.258 0.5519999999999999 0.048 0.15466666666666667
1 0.363 0.5133333333333333 0.026000000000000002 0.08266666666666667
1 0.553 0.49466666666666664 0.018000000000000002 0.056
1 0.579 0.488 0.018000000000000002 0.058666666666666666
1 0.911 0.52 0.014 0.048
1 0.079 0.46399999999999997 0.014 0.042666666666666665
1 0.105 0.4653333333333333 0.018000000000000002 0.050666666666666665
1 0.058 0.47733333333333333 0.024 0.048
1 0.067 0.4333333333333333 0.014 0.029333333333333333
1 0.082 0.42666666666666664 0.016 0.021333333333333333
1 0.064 0.39599999999999996 0.024 0.034666666666666665
1 0.093 0.3933333333333333 0.022 0.050666666666666665
1 0.131 0.4013333333333333 0.026000000000000002 0.050666666666666665
1 0.14100000000000001 0.46266666666666667 0.022 0.050666666666666665
1 0.162 0.46799999999999997 0.016 0.034666666666666665
1 0.18 0.4653333333333333 0.016 0.04
1 0.164 0.424 0.012 0.042666666666666665
1 0.185 0.42666666666666664 0.022 0.042666666666666665
1 0.271 0.4693333333333333 0.022 0.05333333333333333
1 0.298 0.45866666666666667 0.024 0.058666666666666666
1 0.322 0.45866666666666667 0.024 0.058666666666666666
1 0.366 0.46399999999999997 0.02 0.048
1 0.398 0.4653333333333333 0.016 0.04533333333333333
