1 0.0362 0.7602409638554217 0.050800000000000005 0.1879518072289157
1 0.0762 0.7506024096385543 0.046 0.16867469879518074
1 0.11660000000000001 0.7518072289156628 0.048400000000000006 0.1783132530120482
1 0.168 0.7427710843373495 0.0448 0.16626506024096388
1 0.1932 0.7481927710843375 0.046400000000000004 0.16987951807228918
1 0.23120000000000002 0.7430722891566266 0.0424 0.15722891566265063
1 0.2506 0.7481927710843375 0.042800000000000005 0.15783132530120483
1 0.279 0.7340361445783133 0.0436 0.16204819277108434
1 0.257 0.7349397590361446 0.042800000000000005 0.15783132530120483
1 0.3084 0.7451807228915663 0.0432 0.15903614457831328
1 0.34640000000000004 0.7445783132530122 0.0368 0.13734939759036147
1 0.3672 0.741566265060241 0.0424 0.15542168674698797
1 0.37920000000000004 0.7376506024096386 0.033600000000000005 0.1246987951807229
1 0.373 0.6265060240963856 0.0316 0.11566265060240966
1 0.434 0.738855421686747 0.0424 0.15602409638554218
1 0.451 0.7343373493975904 0.034 0.12650602409638556
1 0.49300000000000005 0.7391566265060242 0.042 0.15421686746987953
1 0.5348 0.7286144578313254 0.0368 0.13554216867469882
1 0.5042 0.6963855421686748 0.0332 0.12289156626506025
1 0.5096 0.6201807228915663 0.028800000000000003 0.10542168674698796
1 0.5516 0.727710843373494 0.0344 0.12650602409638556
1 0.678 0.6246987951807229 0.0304 0.11325301204819278
1 0.5446 0.6204819277108434 0.027600000000000003 0.10240963855421688
1 0.6974 0.7201807228915663 0.037200000000000004 0.13674698795180723
1 0.6714 0.733132530120482 0.0396 0.14698795180722893
1 0.658 0.7240963855421687 0.038400000000000004 0.14216867469879518
1 0.6168 0.7307228915662651 0.0368 0.13734939759036147
1 0.5742 0.7295180722891567 0.0388 0.14216867469879518
1 0.5868 0.7237951807228916 0.0408 0.15120481927710844
1 0.7456 0.733433734939759 0.0408 0.15000000000000002
1 0.7612 0.7231927710843374 0.0408 0.15120481927710844
1 0.8150000000000001 0.7310240963855422 0.040400000000000005 0.15000000000000002
1 0.8326 0.721987951807229 0.0396 0.14518072289156628
1 0.8858 0.7316265060240964 0.0412 0.15361445783132532
1 0.905 0.7262048192771084 0.038 0.14156626506024098
1 0.9808 0.7322289156626507 0.038400000000000004 0.15843373493975904
1 0.9918 0.5572289156626506 0.0164 0.09156626506024097
1 0.9706 0.5484939759036145 0.0212 0.08012048192771085
1 0.9822000000000001 0.4837349397590362 0.0164 0.06144578313253012
1 0.6898000000000001 0.6945783132530121 0.034 0.12650602409638556
1 0.545 0.6951807228915663 0.034 0.12650602409638556
1 0.0738 0.577710843373494 0.0252 0.0927710843373494
1 0.054 0.5792168674698795 0.024800000000000003 0.09096385542168675
1 0.0308 0.5798192771084338 0.024 0.08975903614457832
1 0.0092 0.5792168674698795 0.0184 0.0921686746987952
1 0.3672 0.6674698795180724 0.0256 0.05662650602409639
