1 0.33333333333333337 0.47117794486215536 0.09000000000000001 0.3308270676691729
1 0.38083333333333336 0.47243107769423553 0.07500000000000001 0.2781954887218045
1 0.4475 0.46240601503759393 0.07833333333333334 0.2932330827067669
1 0.48833333333333334 0.4649122807017544 0.07 0.2631578947368421
1 0.8233333333333334 0.5075187969924811 0.14666666666666667 0.5388471177944862
1 0.7566666666666667 0.5050125313283208 0.08666666666666667 0.3233082706766917
1 0.9225000000000001 0.49874686716791977 0.07500000000000001 0.2807017543859649
1 0.8533333333333334 0.46240601503759393 0.08333333333333334 0.3082706766917293
1 0.9658333333333334 0.47117794486215536 0.03166666666666667 0.12030075187969924
1 0.6408333333333334 0.45363408521303256 0.03166666666666667 0.11528822055137844
1 0.555 0.45739348370927313 0.03333333333333333 0.12781954887218044
1 0.5341666666666667 0.46240601503759393 0.03166666666666667 0.11779448621553884
1 0.27166666666666667 0.44862155388471175 0.03666666666666667 0.13533834586466165
1 0.2966666666666667 0.46115288220551376 0.02666666666666667 0.10025062656641603
1 0.6683333333333333 0.45864661654135336 0.02666666666666667 0.10025062656641603
