1 0.028333333333333335 0.56265664160401 0.043333333333333335 0.16791979949874686
1 0.0975 0.600250626566416 0.07500000000000001 0.2832080200501253
1 0.16666666666666669 0.568922305764411 0.05333333333333334 0.19548872180451127
1 0.12000000000000001 0.506265664160401 0.023333333333333334 0.08521303258145363
1 0.2916666666666667 0.44110275689223055 0.016666666666666666 0.06516290726817042
1 0.275 0.5075187969924811 0.023333333333333334 0.08771929824561403
1 0.24250000000000002 0.5025062656641603 0.025 0.09273182957393483
1 0.22916666666666669 0.5087719298245614 0.015000000000000001 0.06015037593984962
1 0.22083333333333335 0.5363408521303258 0.03166666666666667 0.12531328320802004
1 0.19833333333333333 0.5513784461152882 0.04666666666666667 0.17543859649122806
1 0.38583333333333336 0.5989974937343359 0.07500000000000001 0.2756892230576441
1 0.35500000000000004 0.5338345864661653 0.04 0.15037593984962405
1 0.5075000000000001 0.5275689223057644 0.035 0.13283208020050125
1 0.42333333333333334 0.5050125313283208 0.023333333333333334 0.09273182957393483
1 0.53 0.531328320802005 0.04 0.15538847117794485
1 0.5708333333333334 0.5538847117794485 0.055 0.20050125313283207
1 0.6291666666666667 0.5827067669172932 0.07500000000000001 0.2781954887218045
1 0.66 0.537593984962406 0.043333333333333335 0.16791979949874686
1 0.7200000000000001 0.5463659147869674 0.05333333333333334 0.19548872180451127
1 0.7675000000000001 0.5388471177944862 0.04166666666666667 0.15037593984962405
1 0.8183333333333334 0.5676691729323308 0.06666666666666667 0.24812030075187969
1 0.8500000000000001 0.5526315789473684 0.04666666666666667 0.17293233082706766
1 0.8650000000000001 0.5 0.023333333333333334 0.09273182957393483
1 0.8966666666666667 0.5350877192982456 0.03666666666666667 0.13283208020050125
1 0.91 0.5288220551378446 0.030000000000000002 0.11528822055137844
1 0.9141666666666667 0.5087719298245614 0.025 0.09022556390977443
1 0.9750000000000001 0.5701754385964912 0.05 0.21804511278195488
