1 0.6039062500000001 0.6531322505800464 0.1421875 0.5127610208816705
1 0.46796875000000004 0.6264501160092807 0.1265625 0.45939675174013916
1 0.7375 0.6473317865429234 0.12187500000000001 0.44083526682134566
1 0.6609375000000001 0.5951276102088167 0.096875 0.35034802784222735
1 0.52734375 0.5997679814385151 0.08281250000000001 0.308584686774942
1 0.42500000000000004 0.568445475638051 0.08750000000000001 0.31554524361948955
1 0.38125000000000003 0.5336426914153132 0.040625 0.1531322505800464
1 0.34453125 0.5545243619489559 0.06406250000000001 0.23201856148491878
1 0.27265625 0.5197215777262181 0.0421875 0.1531322505800464
1 0.24296875 0.5197215777262181 0.0390625 0.14849187935034802
1 0.16484375 0.4396751740139211 0.0234375 0.09048723897911833
1 0.14140625 0.43503480278422274 0.029687500000000002 0.10904872389791183
1 0.1265625 0.43503480278422274 0.028125 0.10904872389791183
1 0.0890625 0.42923433874709976 0.03125 0.11136890951276102
1 0.0390625 0.4048723897911833 0.028125 0.09976798143851508
1 0.0546875 0.43039443155452434 0.03125 0.11832946635730858
