1 0.3406666666666667 0.6797619047619048 0.11599999999999999 0.5071428571428572
1 0.474 0.5904761904761905 0.09999999999999999 0.43809523809523815
1 0.26066666666666666 0.5297619047619048 0.07333333333333333 0.32142857142857145
1 0.29 0.5107142857142858 0.06533333333333333 0.2833333333333334
1 0.39466666666666667 0.4190476190476191 0.026666666666666665 0.12380952380952381
1 0.4093333333333333 0.42380952380952386 0.026666666666666665 0.1142857142857143
1 0.416 0.4035714285714286 0.029333333333333333 0.12619047619047621
1 0.572 0.44642857142857145 0.032 0.14047619047619048
1 0.6486666666666666 0.45119047619047625 0.03866666666666667 0.16904761904761906
1 0.5926666666666667 0.3940476190476191 0.022666666666666665 0.09761904761904763
1 0.046 0.7011904761904763 0.092 0.5928571428571429
1 0.17466666666666666 0.6607142857142858 0.14933333333333332 0.6547619047619048
1 0.8773333333333333 0.717857142857143 0.12 0.5261904761904762
1 0.8633333333333333 0.6785714285714286 0.14266666666666666 0.6190476190476191
1 0.24133333333333332 0.49404761904761907 0.06666666666666667 0.29761904761904767
1 0.7173333333333333 0.4357142857142858 0.021333333333333333 0.1
1 0.072 0.46666666666666673 0.06666666666666667 0.1142857142857143
1 0.09733333333333333 0.3916666666666667 0.042666666666666665 0.12619047619047621
1 0.7879999999999999 0.7214285714285715 0.06666666666666667 0.28095238095238095
1 0.3473333333333333 0.380952380952381 0.03333333333333333 0.1
