1 0.22 0.6383333333333334 0.115 0.38333333333333336
1 0.03375 0.615 0.0675 0.2966666666666667
1 0.0775 0.5900000000000001 0.08 0.26666666666666666
1 0.13125 0.5916666666666667 0.0675 0.23
1 0.17375000000000002 0.5816666666666667 0.0725 0.2366666666666667
1 0.305 0.6383333333333334 0.055 0.17666666666666667
1 0.33875 0.6433333333333334 0.0575 0.19333333333333336
1 0.3925 0.6433333333333334 0.06 0.19333333333333336
1 0.4375 0.6383333333333334 0.07 0.2366666666666667
1 0.49 0.64 0.06 0.2066666666666667
1 0.5575 0.6416666666666667 0.065 0.21000000000000002
1 0.6125 0.655 0.065 0.21666666666666667
1 0.685 0.6050000000000001 0.05 0.17
1 0.72 0.5850000000000001 0.045 0.15000000000000002
1 0.775 0.5866666666666667 0.05 0.16666666666666669
1 0.8150000000000001 0.5900000000000001 0.045 0.15333333333333335
1 0.9375 0.5366666666666667 0.035 0.12000000000000001
1 0.865 0.5016666666666667 0.05 0.16333333333333333
1 0.89375 0.4966666666666667 0.0425 0.14666666666666667
