1 0.771 0.745674740484429 0.074 0.3217993079584775
1 0.654 0.7474048442906575 0.084 0.36678200692041524
1 0.547 0.7560553633217993 0.07 0.30103806228373703
1 0.462 0.740484429065744 0.076 0.33217993079584773
1 0.311 0.7629757785467128 0.106 0.4463667820069204
1 0.226 0.7716262975778547 0.08 0.3391003460207613
1 0.126 0.7906574394463668 0.088 0.3771626297577855
1 0.036000000000000004 0.7958477508650519 0.07200000000000001 0.3737024221453287
1 0.169 0.6799307958477508 0.03 0.12802768166089964
1 0.987 0.6868512110726643 0.026000000000000002 0.15570934256055363
1 0.812 0.7041522491349481 0.044 0.18339100346020762
1 0.72 0.7145328719723184 0.044 0.1972318339100346
1 0.593 0.6920415224913495 0.026000000000000002 0.11072664359861592
1 0.616 0.685121107266436 0.032 0.1384083044982699
1 0.509 0.6799307958477508 0.018000000000000002 0.08650519031141869
1 0.499 0.6747404844290658 0.018000000000000002 0.08304498269896193
1 0.724 0.39792387543252594 0.012 0.06228373702422146
1 0.967 0.31833910034602075 0.018000000000000002 0.08304498269896193
1 0.5710000000000001 0.6868512110726643 0.026000000000000002 0.10726643598615918
1 0.21 0.6176470588235294 0.036000000000000004 0.051903114186851215
1 0.744 0.6141868512110726 0.024 0.04498269896193772
1 0.926 0.6591695501730104 0.108 0.10726643598615918
