1 0.073 0.5615615615615616 0.074 0.27627627627627627
1 0.099 0.566066066066066 0.078 0.2852852852852853
1 0.176 0.5570570570570571 0.088 0.3213213213213213
1 0.259 0.5630630630630631 0.082 0.3033033033033033
1 0.325 0.5705705705705706 0.074 0.2702702702702703
1 0.359 0.5705705705705706 0.074 0.2822822822822823
1 0.381 0.575075075075075 0.074 0.27927927927927926
1 0.443 0.5705705705705706 0.078 0.2882882882882883
1 0.467 0.5900900900900901 0.07 0.26726726726726724
1 0.517 0.56006006006006 0.082 0.3033033033033033
1 0.5650000000000001 0.5735735735735735 0.074 0.2822822822822823
1 0.588 0.5690690690690691 0.076 0.2852852852852853
1 0.647 0.5675675675675675 0.078 0.29429429429429427
1 0.674 0.5765765765765766 0.076 0.2882882882882883
1 0.743 0.575075075075075 0.078 0.2912912912912913
1 0.84 0.5570570570570571 0.084 0.3153153153153153
1 0.92 0.5720720720720721 0.08 0.2912912912912913
1 0.978 0.575075075075075 0.044 0.2912912912912913
1 0.785 0.5720720720720721 0.078 0.2852852852852853
1 0.967 0.6231231231231231 0.038 0.14714714714714713
1 0.246 0.4444444444444444 0.028 0.06606606606606606
1 0.14 0.44744744744744747 0.032 0.06006006006006006
1 0.731 0.4444444444444444 0.054 0.06006006006006006
