1 0.055625 0.8958724202626641 0.05625 0.20825515947467166
1 0.11125 0.8977485928705441 0.0525 0.19324577861163228
1 0.206875 0.8799249530956847 0.06375 0.2401500938086304
1 0.260625 0.875234521575985 0.06125 0.23076923076923078
1 0.316875 0.8780487804878049 0.058750000000000004 0.21388367729831145
1 0.365 0.8818011257035647 0.0625 0.22889305816135083
1 0.4525 0.9052532833020638 0.045 0.16322701688555347
1 0.53 0.9015009380863039 0.05 0.18198874296435272
1 0.625625 0.874296435272045 0.06375 0.2326454033771107
1 0.670625 0.8818011257035647 0.06125 0.225140712945591
1 0.73375 0.8818011257035647 0.065 0.23639774859287055
1 0.77 0.8893058161350844 0.055 0.2026266416510319
1 0.80875 0.8789868667917449 0.0575 0.21200750469043153
1 0.28875 0.34803001876172607 0.045 0.17073170731707318
1 0.3825 0.32082551594746717 0.0325 0.12382739212007504
1 0.288125 0.46153846153846156 0.13375 0.19887429643527205
1 0.738125 0.46153846153846156 0.13375 0.18761726078799248
1 0.018125 0.6397748592870544 0.01875 0.0300187617260788
1 0.04875 0.6425891181988743 0.025 0.03564727954971857
1 0.08750000000000001 0.649155722326454 0.025 0.0375234521575985
1 0.12 0.6435272045028143 0.0175 0.03377110694183865
1 0.155625 0.6341463414634146 0.02125 0.04127579737335835
1 0.166875 0.5919324577861164 0.01875 0.028142589118198873
1 0.1275 0.5938086303939962 0.025 0.024390243902439025
1 0.08875 0.600375234521576 0.0225 0.0225140712945591
1 0.058125 0.5909943714821764 0.02625 0.0300187617260788
1 0.03125 0.549718574108818 0.025 0.0375234521575985
1 0.058750000000000004 0.5440900562851783 0.0225 0.0375234521575985
1 0.095 0.5544090056285178 0.025 0.039399624765478425
1 0.1275 0.5572232645403377 0.03 0.04127579737335835
1 0.163125 0.5590994371482176 0.02375 0.0300187617260788
1 0.19187500000000002 0.4971857410881801 0.02875 0.04127579737335835
1 0.164375 0.5037523452157598 0.02875 0.03189493433395872
1 0.1275 0.5075046904315197 0.0275 0.039399624765478425
1 0.088125 0.5093808630393997 0.03125 0.039399624765478425
1 0.055625 0.50093808630394 0.02875 0.04127579737335835
1 0.01875 0.5056285178236398 0.025 0.024390243902439025
1 0.030625 0.4634146341463415 0.02875 0.04127579737335835
1 0.0975 0.4606003752345216 0.02 0.03564727954971857
1 0.12687500000000002 0.45872420262664165 0.02375 0.039399624765478425
1 0.16125 0.4652908067542214 0.0275 0.0375234521575985
1 0.1975 0.4652908067542214 0.0175 0.04127579737335835
1 0.241875 0.4699812382739212 0.04125 0.03189493433395872
1 0.17125 0.42026266416510316 0.025 0.0450281425891182
1 0.13625 0.4052532833020638 0.03 0.0375234521575985
1 0.136875 0.36585365853658536 0.02375 0.03377110694183865
1 0.164375 0.3705440900562852 0.02125 0.028142589118198873
1 0.20625000000000002 0.3649155722326454 0.0275 0.03564727954971857
1 0.078125 0.4174484052532833 0.02875 0.03189493433395872
1 0.0775 0.3771106941838649 0.03 0.0375234521575985
1 0.05 0.36866791744840527 0.025 0.03189493433395872
1 0.013125 0.36397748592870544 0.01875 0.03377110694183865
1 0.018125 0.4155722326454034 0.02625 0.024390243902439025
1 0.049375 0.4146341463414634 0.02625 0.0375234521575985
1 0.33187500000000003 0.3771106941838649 0.02625 0.0300187617260788
1 0.3625 0.37523452157598497 0.03 0.03377110694183865
1 0.4 0.3724202626641651 0.0375 0.05065666041275797
1 0.435 0.36585365853658536 0.03 0.04878048780487805
1 0.46625 0.3705440900562852 0.03 0.05065666041275797
1 0.491875 0.36866791744840527 0.02125 0.03564727954971857
1 0.525625 0.38367729831144465 0.03125 0.03189493433395872
1 0.556875 0.37617260787992496 0.02125 0.043151969981238276
1 0.575625 0.36585365853658536 0.02375 0.05628517823639775
1 0.64125 0.37429643527204504 0.0225 0.039399624765478425
1 0.6775 0.3714821763602251 0.0275 0.03377110694183865
1 0.748125 0.36866791744840527 0.04875 0.03564727954971857
1 0.309375 0.46716697936210133 0.02375 0.0375234521575985
1 0.34 0.46622889305816134 0.0275 0.043151969981238276
1 0.3775 0.4699812382739212 0.0275 0.03564727954971857
1 0.33375 0.41181988742964354 0.025 0.03564727954971857
1 0.378125 0.42213883677298314 0.01875 0.04127579737335835
1 0.39937500000000004 0.42120075046904315 0.01625 0.03189493433395872
1 0.463125 0.41932457786116323 0.03375 0.04690431519699812
1 0.500625 0.42120075046904315 0.02625 0.04690431519699812
1 0.66125 0.41088180112570355 0.035 0.0375234521575985
1 0.6475 0.4699812382739212 0.0325 0.04690431519699812
1 0.62625 0.4146341463414634 0.025 0.04127579737335835
1 0.728125 0.4165103189493433 0.02375 0.0225140712945591
1 0.75375 0.4155722326454034 0.025 0.039399624765478425
1 0.403125 0.6378986866791745 0.02125 0.03377110694183865
1 0.42875 0.6425891181988743 0.02 0.043151969981238276
1 0.485 0.648217636022514 0.0275 0.03189493433395872
1 0.520625 0.6463414634146342 0.03375 0.05065666041275797
1 0.548125 0.6444652908067542 0.02125 0.054409005628517824
1 0.58375 0.650093808630394 0.0375 0.06191369606003752
1 0.5975 0.5853658536585366 0.035 0.0300187617260788
1 0.56 0.5863039399624765 0.025 0.020637898686679174
1 0.5325 0.5928705440900562 0.025 0.03377110694183865
1 0.49 0.6013133208255159 0.025 0.03564727954971857
1 0.45437500000000003 0.5947467166979362 0.02625 0.04127579737335835
1 0.419375 0.5928705440900562 0.02875 0.03377110694183865
1 0.404375 0.4634146341463415 0.01625 0.0375234521575985
1 0.433125 0.4624765478424015 0.02625 0.05065666041275797
1 0.5225 0.4540337711069418 0.02 0.0300187617260788
1 0.558125 0.46716697936210133 0.03125 0.0300187617260788
1 0.505 0.5103189493433395 0.0375 0.0450281425891182
1 0.46375 0.50093808630394 0.03 0.0450281425891182
1 0.43375 0.5093808630393997 0.03 0.039399624765478425
1 0.42812500000000003 0.5440900562851783 0.02625 0.03377110694183865
1 0.465 0.5647279549718575 0.02 0.0450281425891182
1 0.4925 0.5572232645403377 0.015 0.03377110694183865
1 0.528125 0.549718574108818 0.03625 0.03377110694183865
1 0.55625 0.551594746716698 0.0225 0.04127579737335835
1 0.585 0.5459662288930581 0.0325 0.03377110694183865
1 0.36062500000000003 0.5075046904315197 0.03375 0.024390243902439025
1 0.8575 0.651031894934334 0.03 0.03377110694183865
1 0.916875 0.6444652908067542 0.02875 0.028142589118198873
1 0.9706250000000001 0.6557223264540337 0.03625 0.03189493433395872
1 0.8375 0.599437148217636 0.0225 0.024390243902439025
1 0.864375 0.5984990619136961 0.01125 0.03377110694183865
1 0.894375 0.5938086303939962 0.03125 0.043151969981238276
1 0.98875 0.38367729831144465 0.015 0.03189493433395872
1 0.96625 0.3893058161350844 0.015 0.03189493433395872
1 0.953125 0.42026266416510316 0.02375 0.026266416510318948
1 0.973125 0.46716697936210133 0.02875 0.026266416510318948
1 0.9187500000000001 0.4624765478424015 0.0275 0.039399624765478425
1 0.8675 0.5178236397748592 0.0275 0.0375234521575985
1 0.834375 0.5159474671669794 0.03625 0.0450281425891182
1 0.835 0.4699812382739212 0.025 0.03189493433395872
1 0.855625 0.46622889305816134 0.01625 0.054409005628517824
1 0.865625 0.4174484052532833 0.02125 0.043151969981238276
1 0.891875 0.4174484052532833 0.03125 0.05065666041275797
1 0.911875 0.41369606003752346 0.02375 0.043151969981238276
1 0.82125 0.3818011257035647 0.02 0.05065666041275797
1 0.80375 0.425891181988743 0.0025 0.04878048780487805
1 0.8200000000000001 0.42213883677298314 0.0275 0.0375234521575985
1 0.86875 0.5572232645403377 0.0275 0.03377110694183865
1 0.894375 0.5478424015009381 0.01375 0.04878048780487805
1 0.928125 0.5684803001876173 0.02375 0.04127579737335835
1 0.96875 0.6050656660412758 0.04 0.054409005628517824
1 0.905625 0.6041275797373359 0.09625 0.13133208255159476
1 0.9425 0.5178236397748592 0.045 0.0450281425891182
1 0.9812500000000001 0.5290806754221389 0.025 0.0600375234521576
1 0.82875 0.22138836772983114 0.0475 0.0600375234521576
1 0.57125 0.2176360225140713 0.0275 0.04127579737335835
1 0.4675 0.2223264540337711 0.03 0.054409005628517824
1 0.509375 0.2223264540337711 0.03125 0.06941838649155722
