1 0.6733333333333333 0.7311827956989247 0.1 0.39784946236559143
1 0.7483333333333334 0.7634408602150539 0.11 0.4301075268817205
1 0.8216666666666668 0.6155913978494624 0.06333333333333334 0.25268817204301075
1 0.9550000000000001 0.6102150537634409 0.05666666666666667 0.23118279569892475
1 0.895 0.6209677419354839 0.05666666666666667 0.22043010752688175
1 0.32833333333333337 0.5322580645161291 0.05 0.19354838709677422
1 0.4133333333333334 0.5994623655913979 0.05333333333333334 0.20967741935483872
1 0.47500000000000003 0.5483870967741936 0.043333333333333335 0.17204301075268819
1 0.56 0.5725806451612904 0.04666666666666667 0.19892473118279572
1 0.61 0.5752688172043011 0.05333333333333334 0.21505376344086025
1 0.38333333333333336 0.5080645161290323 0.03333333333333333 0.14516129032258066
1 0.35500000000000004 0.5134408602150538 0.03666666666666667 0.14516129032258066
1 0.10500000000000001 0.5188172043010754 0.03666666666666667 0.15591397849462366
1 0.045000000000000005 0.5188172043010754 0.03666666666666667 0.15591397849462366
1 0.021666666666666667 0.5215053763440861 0.043333333333333335 0.17204301075268819
1 0.25833333333333336 0.5349462365591399 0.05 0.20967741935483872
1 0.2816666666666667 0.5456989247311829 0.043333333333333335 0.1774193548387097
1 0.15166666666666667 0.49462365591397855 0.030000000000000002 0.08602150537634409
