1 0.10300000000000001 0.7088948787061995 0.08600000000000001 0.28571428571428575
1 0.179 0.7008086253369272 0.08600000000000001 0.29110512129380056
1 0.263 0.7075471698113208 0.082 0.2722371967654987
1 0.33 0.7102425876010782 0.08 0.261455525606469
1 0.387 0.711590296495957 0.082 0.2749326145552561
1 0.468 0.702156334231806 0.084 0.2776280323450135
1 0.531 0.6994609164420486 0.082 0.2776280323450135
1 0.595 0.7008086253369272 0.082 0.2749326145552561
1 0.661 0.6954177897574124 0.082 0.2749326145552561
1 0.742 0.6954177897574124 0.08 0.2695417789757413
1 0.809 0.6846361185983828 0.08600000000000001 0.29110512129380056
1 0.888 0.6886792452830189 0.084 0.2830188679245283
