1 0.034 0.6381381381381381 0.068 0.2972972972972973
1 0.058 0.6216216216216216 0.076 0.2882882882882883
1 0.108 0.6231231231231231 0.088 0.3213213213213213
1 0.177 0.6171171171171171 0.09 0.3333333333333333
1 0.246 0.6321321321321322 0.08 0.2912912912912913
1 0.217 0.5945945945945946 0.078 0.29429429429429427
1 0.296 0.6111111111111112 0.08 0.2972972972972973
1 0.352 0.6096096096096096 0.084 0.3123123123123123
1 0.391 0.6081081081081081 0.078 0.2852852852852853
1 0.431 0.6126126126126126 0.074 0.27627627627627627
1 0.47500000000000003 0.596096096096096 0.078 0.2912912912912913
1 0.5 0.6126126126126126 0.07200000000000001 0.2702702702702703
1 0.5640000000000001 0.6111111111111112 0.068 0.24924924924924924
1 0.626 0.6231231231231231 0.068 0.24924924924924924
1 0.7020000000000001 0.6171171171171171 0.084 0.3153153153153153
1 0.737 0.6156156156156156 0.078 0.2882882882882883
1 0.767 0.6291291291291291 0.082 0.30930930930930933
1 0.8310000000000001 0.6381381381381381 0.08600000000000001 0.3213213213213213
1 0.886 0.6501501501501501 0.08 0.3033033033033033
1 0.9590000000000001 0.6396396396396397 0.082 0.35435435435435436
1 0.515 0.6996996996996997 0.062 0.1981981981981982
1 0.5730000000000001 0.6876876876876877 0.062 0.2222222222222222
1 0.635 0.6996996996996997 0.074 0.2222222222222222
1 0.132 0.4774774774774775 0.028 0.06606606606606606
1 0.268 0.49099099099099097 0.028 0.05105105105105105
1 0.326 0.48648648648648646 0.032 0.06606606606606606
1 0.41000000000000003 0.481981981981982 0.024 0.057057057057057055
1 0.452 0.47597597597597596 0.02 0.04504504504504504
1 0.524 0.48348348348348347 0.036000000000000004 0.05405405405405406
1 0.5630000000000001 0.46846846846846846 0.018000000000000002 0.04804804804804805
1 0.587 0.4894894894894895 0.026000000000000002 0.06006006006006006
1 0.611 0.46846846846846846 0.018000000000000002 0.04804804804804805
1 0.631 0.47147147147147145 0.03 0.04204204204204204
1 0.652 0.45795795795795796 0.032 0.05105105105105105
1 0.674 0.487987987987988 0.024 0.03903903903903904
1 0.798 0.487987987987988 0.032 0.05105105105105105
1 0.855 0.4774774774774775 0.038 0.04804804804804805
1 0.894 0.4189189189189189 0.04 0.03903903903903904
1 0.909 0.48348348348348347 0.03 0.04804804804804805
1 0.9410000000000001 0.45495495495495497 0.034 0.05105105105105105
