1 0.069 0.6666666666666666 0.10200000000000001 0.33066666666666666
1 0.181 0.6346666666666666 0.078 0.256
1 0.23800000000000002 0.6293333333333333 0.068 0.224
1 0.08700000000000001 0.6026666666666667 0.05 0.16
1 0.139 0.608 0.046 0.14933333333333332
1 0.34900000000000003 0.6373333333333333 0.074 0.24
1 0.324 0.6093333333333333 0.056 0.18933333333333333
1 0.419 0.6093333333333333 0.046 0.152
1 0.39 0.5946666666666667 0.032 0.112
1 0.47000000000000003 0.6186666666666667 0.056 0.18666666666666665
1 0.493 0.5986666666666667 0.038 0.12533333333333332
1 0.53 0.6506666666666666 0.07200000000000001 0.23466666666666666
1 0.601 0.636 0.066 0.22133333333333333
1 0.714 0.6493333333333333 0.06 0.19466666666666665
1 0.775 0.64 0.082 0.26666666666666666
1 0.6950000000000001 0.6093333333333333 0.046 0.152
1 0.658 0.6053333333333333 0.04 0.128
1 0.63 0.6093333333333333 0.048 0.16266666666666665
1 0.583 0.6066666666666667 0.042 0.14133333333333334
1 0.552 0.6186666666666667 0.04 0.13333333333333333
1 0.8220000000000001 0.6186666666666667 0.052000000000000005 0.176
1 0.865 0.6266666666666666 0.05 0.17066666666666666
1 0.913 0.6306666666666666 0.05 0.16266666666666665
1 0.9520000000000001 0.6253333333333333 0.056 0.184
1 0.984 0.6333333333333333 0.032 0.16799999999999998
1 0.886 0.6106666666666667 0.032 0.112
1 0.837 0.5986666666666667 0.038 0.12533333333333332
1 0.897 0.5946666666666667 0.034 0.11733333333333333
1 0.279 0.596 0.042 0.13599999999999998
1 0.198 0.6026666666666667 0.04 0.13866666666666666
1 0.182 0.6013333333333333 0.04 0.13599999999999998
1 0.311 0.608 0.05 0.16533333333333333
