1 0.029296875 0.7659574468085106 0.03255208333333333 0.13617021276595745
1 0.17447916666666666 0.7755319148936171 0.033854166666666664 0.13404255319148936
1 0.29752604166666663 0.7893617021276595 0.029947916666666664 0.12340425531914893
1 0.3489583333333333 0.6617021276595745 0.026041666666666664 0.10638297872340426
1 0.24609375 0.6585106382978724 0.0234375 0.1
1 0.1328125 0.6585106382978724 0.0234375 0.1
1 0.037760416666666664 0.6510638297872341 0.026041666666666664 0.10638297872340426
1 0.06380208333333333 0.5648936170212766 0.018229166666666664 0.07872340425531915
1 0.006510416666666666 0.5234042553191489 0.013020833333333332 0.059574468085106386
1 0.013020833333333332 0.48510638297872344 0.0078125 0.03829787234042553
1 0.021484375 0.45 0.006510416666666666 0.031914893617021274
1 0.138671875 0.5638297872340425 0.01953125 0.07659574468085106
1 0.126953125 0.5234042553191489 0.014322916666666666 0.055319148936170216
1 0.11653645833333333 0.4968085106382979 0.01171875 0.05319148936170213
1 0.18229166666666666 0.48297872340425535 0.010416666666666666 0.0425531914893617
1 0.20247395833333331 0.524468085106383 0.014322916666666666 0.06170212765957447
1 0.21419270833333331 0.5765957446808511 0.022135416666666664 0.09361702127659574
1 0.22135416666666666 0.46489361702127663 0.010416666666666666 0.04468085106382979
1 0.2532552083333333 0.4957446808510638 0.014322916666666666 0.055319148936170216
1 0.275390625 0.5276595744680851 0.014322916666666666 0.055319148936170216
1 0.2890625 0.46489361702127663 0.010416666666666666 0.04468085106382979
1 0.314453125 0.4957446808510638 0.014322916666666666 0.055319148936170216
1 0.333984375 0.5180851063829788 0.014322916666666666 0.06170212765957447
1 0.29752604166666663 0.5851063829787234 0.01953125 0.08085106382978724
1 0.376953125 0.5893617021276596 0.01953125 0.08085106382978724
1 0.39322916666666663 0.526595744680851 0.015625 0.07021276595744681
1 0.36197916666666663 0.48829787234042554 0.010416666666666666 0.04468085106382979
1 0.3802083333333333 0.4574468085106383 0.0078125 0.03829787234042553
1 0.4153645833333333 0.498936170212766 0.015625 0.06170212765957447
1 0.42643229166666663 0.46914893617021275 0.01171875 0.05319148936170213
1 0.44401041666666663 0.8085106382978724 0.03645833333333333 0.15319148936170213
1 0.4602864583333333 0.6808510638297872 0.024739583333333332 0.10638297872340426
1 0.46158854166666663 0.5946808510638298 0.022135416666666664 0.08723404255319149
1 0.4680989583333333 0.5287234042553192 0.01953125 0.07872340425531915
1 0.5345052083333333 0.5 0.014322916666666666 0.059574468085106386
1 0.546875 0.5319148936170213 0.018229166666666664 0.08085106382978724
1 0.5625 0.5904255319148937 0.015625 0.06595744680851064
1 0.572265625 0.6787234042553192 0.024739583333333332 0.1021276595744681
1 0.609375 0.8159574468085107 0.03645833333333333 0.15106382978723404
1 0.7643229166666666 0.8106382978723404 0.03645833333333333 0.14893617021276595
1 0.6829427083333333 0.6882978723404255 0.024739583333333332 0.1
1 0.6087239583333333 0.5404255319148936 0.014322916666666666 0.06382978723404255
1 0.5872395833333333 0.5085106382978724 0.015625 0.06382978723404255
1 0.568359375 0.4819148936170213 0.01171875 0.05319148936170213
1 0.599609375 0.4542553191489362 0.009114583333333332 0.04042553191489362
1 0.6165364583333333 0.46702127659574466 0.01171875 0.04893617021276596
1 0.8977864583333333 0.8095744680851064 0.03515625 0.13829787234042554
1 0.9075520833333333 0.6840425531914893 0.0234375 0.1
1 0.779296875 0.6946808510638298 0.024739583333333332 0.10425531914893617
1 0.7200520833333333 0.6042553191489362 0.020833333333333332 0.08936170212765958
1 0.6692708333333333 0.5478723404255319 0.015625 0.06595744680851064
1 0.6419270833333333 0.498936170212766 0.013020833333333332 0.0574468085106383
1 0.703125 0.5010638297872341 0.010416666666666666 0.04042553191489362
1 0.7122395833333333 0.4595744680851064 0.005208333333333333 0.025531914893617023
1 0.6901041666666666 0.4521276595744681 0.010416666666666666 0.04468085106382979
1 0.6588541666666666 0.46914893617021275 0.010416666666666666 0.04042553191489362
1 0.7473958333333333 0.5404255319148936 0.018229166666666664 0.07659574468085106
1 0.78125 0.5106382978723404 0.013020833333333332 0.059574468085106386
1 0.7669270833333333 0.47127659574468084 0.010416666666666666 0.04042553191489362
1 0.81640625 0.5074468085106383 0.013020833333333332 0.0574468085106383
1 0.81640625 0.5414893617021277 0.018229166666666664 0.07872340425531915
1 0.8294270833333333 0.6159574468085106 0.020833333333333332 0.08297872340425531
1 0.87890625 0.5436170212765957 0.013020833333333332 0.05319148936170213
1 0.9036458333333333 0.6031914893617021 0.020833333333333332 0.08297872340425531
1 0.9798177083333333 0.6 0.01953125 0.08085106382978724
1 0.9713541666666666 0.5329787234042553 0.015625 0.06170212765957447
1 0.8873697916666666 0.5 0.01171875 0.04680851063829787
1 0.8424479166666666 0.4797872340425532 0.013020833333333332 0.05319148936170213
1 0.9186197916666666 0.46063829787234045 0.009114583333333332 0.04042553191489362
1 0.9479166666666666 0.49361702127659574 0.013020833333333332 0.059574468085106386
1 0.9895833333333333 0.4797872340425532 0.010416666666666666 0.04893617021276596
1 0.06380208333333333 0.5138297872340426 0.013020833333333332 0.0574468085106383
1 0.4739583333333333 0.49361702127659574 0.013020833333333332 0.055319148936170216
1 0.33984375 0.46702127659574466 0.013020833333333332 0.05319148936170213
1 0.3802083333333333 0.46063829787234045 0.010416666666666666 0.04042553191489362
1 0.018880208333333332 0.47127659574468084 0.022135416666666664 0.08723404255319149
1 0.07942708333333333 0.4595744680851064 0.010416666666666666 0.04680851063829787
1 0.014322916666666666 0.49148936170212765 0.013020833333333332 0.055319148936170216
1 0.8912760416666666 0.5021276595744681 0.014322916666666666 0.06382978723404255
1 0.6399739583333333 0.5968085106382979 0.022135416666666664 0.09574468085106383
1 0.041666666666666664 0.9297872340425533 0.0703125 0.13617021276595745
1 0.22265625 0.9382978723404255 0.0703125 0.10638297872340426
1 0.4231770833333333 0.9425531914893617 0.06770833333333333 0.08936170212765958
1 0.6471354166666666 0.9478723404255319 0.057291666666666664 0.06595744680851064
1 0.904296875 0.9680851063829787 0.04296875 0.0425531914893617
