1 0.025833333333333337 0.7525000000000001 0.05166666666666667 0.325
1 0.04416666666666667 0.75 0.08166666666666667 0.3
1 0.07 0.7675000000000001 0.07333333333333333 0.27
1 0.08833333333333333 0.75875 0.07333333333333333 0.2725
1 0.10083333333333334 0.7525000000000001 0.07166666666666667 0.265
1 0.13083333333333333 0.74 0.07166666666666667 0.26
1 0.14666666666666667 0.74625 0.06666666666666667 0.2425
1 0.17833333333333334 0.735 0.06666666666666667 0.25
1 0.20583333333333334 0.73625 0.065 0.2425
1 0.23750000000000002 0.72375 0.06833333333333334 0.2575
1 0.26583333333333337 0.7225 0.065 0.24
1 0.29500000000000004 0.7225 0.06333333333333334 0.23
1 0.3166666666666667 0.7225 0.05333333333333334 0.195
1 0.3383333333333334 0.7175 0.05666666666666667 0.21
1 0.33666666666666667 0.71125 0.060000000000000005 0.2225
1 0.37000000000000005 0.7075 0.05333333333333334 0.2
1 0.3975 0.7000000000000001 0.055 0.2
1 0.42000000000000004 0.73 0.04 0.155
1 0.43750000000000006 0.70625 0.045000000000000005 0.17250000000000001
1 0.4525 0.7212500000000001 0.03166666666666667 0.1225
1 0.4608333333333334 0.6925 0.045000000000000005 0.17
1 0.47750000000000004 0.69875 0.03833333333333334 0.1475
1 0.5083333333333334 0.6900000000000001 0.043333333333333335 0.165
1 0.5258333333333334 0.69125 0.035 0.1325
1 0.54 0.68625 0.03333333333333333 0.1225
1 0.6966666666666667 0.6875 0.06333333333333334 0.23500000000000001
1 0.8366666666666667 0.66625 0.04666666666666667 0.1775
1 0.6050000000000001 0.67375 0.09333333333333334 0.1075
1 0.7683333333333334 0.665 0.07333333333333333 0.055
1 0.9241666666666667 0.65 0.13833333333333334 0.08
1 0.015000000000000001 0.525 0.02 0.075
1 0.0325 0.57125 0.021666666666666667 0.0475
1 0.1675 0.56875 0.2016666666666667 0.0775
