1 0.03666666666666667 0.82625 0.07333333333333333 0.3325
1 0.08166666666666667 0.8125 0.09333333333333334 0.34
1 0.09416666666666668 0.80875 0.09833333333333334 0.3575
1 0.21750000000000003 0.82625 0.08833333333333333 0.3225
1 0.25333333333333335 0.81375 0.09666666666666668 0.3575
1 0.29500000000000004 0.82625 0.09000000000000001 0.3275
1 0.3666666666666667 0.8225 0.09333333333333334 0.34
1 0.3825 0.80375 0.06833333333333334 0.2525
1 0.5125000000000001 0.835 0.07833333333333334 0.295
1 0.7258333333333333 0.7975 0.07833333333333334 0.28500000000000003
1 0.8033333333333333 0.79625 0.10666666666666667 0.3925
1 0.8333333333333334 0.7975 0.07666666666666667 0.28500000000000003
1 0.8925000000000001 0.795 0.07166666666666667 0.27
1 0.9775 0.79625 0.045000000000000005 0.2675
1 0.6316666666666667 0.82875 0.09666666666666668 0.3125
1 0.9375000000000001 0.885 0.08166666666666667 0.20500000000000002
