1 0.6958128078817734 0.6240740740740741 0.15517241379310345 0.5666666666666667
1 0.9273399014778325 0.6888888888888889 0.14532019704433496 0.6
1 0.1206896551724138 0.6981481481481482 0.1477832512315271 0.5444444444444445
1 0.479064039408867 0.5407407407407407 0.1206896551724138 0.4518518518518519
1 0.37807881773399016 0.4759259259259259 0.10098522167487685 0.3814814814814815
1 0.5615763546798029 0.45925925925925926 0.09852216748768473 0.3703703703703704
1 0.7697044334975369 0.562962962962963 0.11083743842364532 0.40740740740740744
1 0.05172413793103448 0.6185185185185186 0.10344827586206896 0.5185185185185185
1 0.17857142857142858 0.4981481481481482 0.0665024630541872 0.3888888888888889
1 0.07758620689655173 0.32962962962962966 0.10098522167487685 0.12592592592592594
1 0.2697044334975369 0.3314814814814815 0.06157635467980296 0.12222222222222223
1 0.3263546798029557 0.35370370370370374 0.046798029556650245 0.1814814814814815
1 0.44704433497536944 0.32407407407407407 0.05665024630541872 0.20370370370370372
1 0.7844827586206896 0.31851851851851853 0.046798029556650245 0.15555555555555556
1 0.916256157635468 0.3388888888888889 0.03940886699507389 0.1814814814814815
1 0.9839901477832512 0.31666666666666665 0.027093596059113302 0.13703703703703704
1 0.9470443349753694 0.2833333333333333 0.027093596059113302 0.1
1 0.9051724137931034 0.24629629629629632 0.05172413793103448 0.07777777777777778
