1 0.08775510204081634 0.5217983651226158 0.13877551020408163 0.4550408719346049
1 0.903061224489796 0.5762942779291553 0.19387755102040818 0.8038147138964578
1 0.2612244897959184 0.5027247956403269 0.09387755102040818 0.3079019073569482
1 0.3336734693877551 0.47820163487738415 0.07551020408163266 0.24795640326975477
1 0.5438775510204082 0.6076294277929155 0.2795918367346939 0.7574931880108992
1 0.7622448979591837 0.6130790190735694 0.22244897959183677 0.7193460490463215
1 0.14285714285714288 0.38283378746594005 0.0653061224489796 0.1662125340599455
1 0.9061224489795919 0.4373297002724795 0.06938775510204082 0.3569482288828338
1 0.8561224489795919 0.3732970027247956 0.07959183673469389 0.2615803814713896
1 0.41224489795918373 0.44959128065395093 0.06122448979591837 0.1416893732970027
