1 0.091 0.7893333333333333 0.058 0.192
1 0.17300000000000001 0.6466666666666666 0.054 0.17333333333333334
1 0.279 0.7906666666666666 0.054 0.184
1 0.55 0.8093333333333333 0.056 0.184
1 0.606 0.8093333333333333 0.084 0.27466666666666667
1 0.653 0.8133333333333334 0.098 0.3253333333333333
1 0.335 0.532 0.042 0.13599999999999998
1 0.393 0.532 0.042 0.14133333333333334
1 0.428 0.5413333333333333 0.036000000000000004 0.12266666666666666
1 0.8290000000000001 0.8039999999999999 0.07 0.22666666666666666
1 0.866 0.7386666666666667 0.056 0.18133333333333332
1 0.858 0.6719999999999999 0.052000000000000005 0.176
1 0.906 0.616 0.052000000000000005 0.176
1 0.8260000000000001 0.616 0.056 0.18133333333333332
1 0.562 0.572 0.048 0.15733333333333333
1 0.488 0.6493333333333333 0.048 0.16266666666666665
1 0.745 0.424 0.038 0.12266666666666666
1 0.7010000000000001 0.4066666666666667 0.03 0.104
1 0.306 0.4053333333333333 0.032 0.10666666666666666
1 0.593 0.472 0.034 0.11733333333333333
1 0.519 0.38266666666666665 0.034 0.10933333333333332
1 0.544 0.372 0.032 0.10933333333333332
1 0.578 0.352 0.028 0.10133333333333333
1 0.629 0.576 0.046 0.15466666666666667
1 0.47500000000000003 0.5533333333333333 0.042 0.14133333333333334
1 0.499 0.5053333333333333 0.042 0.14666666666666667
1 0.146 0.5426666666666666 0.04 0.13066666666666665
1 0.181 0.5653333333333334 0.054 0.176
1 0.244 0.6533333333333333 0.056 0.192
1 0.017 0.3853333333333333 0.034 0.11466666666666667
1 0.121 0.384 0.026000000000000002 0.09066666666666666
1 0.153 0.37066666666666664 0.034 0.112
1 0.248 0.38666666666666666 0.036000000000000004 0.11733333333333333
1 0.35100000000000003 0.38266666666666665 0.034 0.10933333333333332
1 0.644 0.46266666666666667 0.032 0.10933333333333332
1 0.617 0.44666666666666666 0.038 0.12533333333333332
1 0.112 0.5386666666666666 0.056 0.11733333333333333
1 0.731 0.6333333333333333 0.062 0.11466666666666667
1 0.256 0.532 0.036000000000000004 0.09333333333333332
1 0.9380000000000001 0.8346666666666667 0.076 0.21333333333333332
