1 0.16833333333333333 0.10125 0.05 0.1875
1 0.23500000000000001 0.0975 0.05333333333333334 0.195
1 0.9500000000000001 0.25625 0.060000000000000005 0.2275
1 0.905 0.14125000000000001 0.060000000000000005 0.2175
1 0.5525 0.25125000000000003 0.06833333333333334 0.2525
1 0.445 0.24 0.07 0.255
1 0.3875 0.26 0.065 0.245
1 0.5083333333333334 0.27375 0.05 0.1925
1 0.7616666666666667 0.33 0.07666666666666667 0.28500000000000003
1 0.8116666666666668 0.335 0.07 0.26
1 0.05166666666666667 0.9225 0.1 0.135
1 0.25 0.88 0.08 0.2
1 0.3175 0.885 0.07500000000000001 0.195
1 0.3816666666666667 0.88125 0.08333333333333334 0.2125
1 0.4691666666666667 0.915 0.08833333333333333 0.165
1 0.5916666666666667 0.9125 0.09333333333333334 0.155
1 0.7291666666666667 0.90375 0.09166666666666667 0.1825
1 0.8666666666666667 0.81625 0.07 0.2475
1 0.9025000000000001 0.7212500000000001 0.07833333333333334 0.1775
1 0.9458333333333334 0.68625 0.06833333333333334 0.1675
1 0.9650000000000001 0.90125 0.060000000000000005 0.1775
1 0.7725000000000001 0.73875 0.058333333333333334 0.17250000000000001
1 0.7766666666666667 0.73 0.09333333333333334 0.195
1 0.6658333333333334 0.715 0.07833333333333334 0.25
1 0.6075 0.69125 0.07500000000000001 0.28750000000000003
1 0.6075 0.56625 0.065 0.11750000000000001
1 0.6433333333333334 0.545 0.060000000000000005 0.135
1 0.7200000000000001 0.51875 0.08 0.14250000000000002
1 0.7966666666666667 0.57625 0.05666666666666667 0.1325
1 0.8450000000000001 0.5775 0.04 0.085
1 0.8775000000000001 0.5925 0.058333333333333334 0.1
1 0.8583333333333334 0.67 0.05333333333333334 0.135
1 0.9383333333333334 0.46125 0.06333333333333334 0.1975
1 0.9808333333333334 0.48375 0.025 0.1675
1 0.9308333333333334 0.4175 0.03833333333333334 0.065
1 0.7133333333333334 0.37375 0.07333333333333333 0.2325
1 0.655 0.34125 0.05333333333333334 0.2025
1 0.6233333333333334 0.29875 0.05333333333333334 0.1675
1 0.6308333333333334 0.23625000000000002 0.04166666666666667 0.10250000000000001
1 0.6825 0.25875 0.035 0.0775
1 0.7350000000000001 0.23875000000000002 0.05333333333333334 0.0925
1 0.8008333333333334 0.26 0.04166666666666667 0.15
1 0.1875 0.8625 0.06166666666666667 0.225
1 0.18333333333333335 0.79 0.07666666666666667 0.21
1 0.21000000000000002 0.70875 0.08666666666666667 0.2225
1 0.29833333333333334 0.6825 0.1 0.19
1 0.38 0.685 0.09333333333333334 0.17500000000000002
1 0.43833333333333335 0.70125 0.15333333333333335 0.14250000000000002
1 0.46166666666666667 0.77 0.19 0.24
1 0.5458333333333334 0.77375 0.07166666666666667 0.2175
1 0.03833333333333334 0.61375 0.06666666666666667 0.2525
1 0.14416666666666667 0.61625 0.11166666666666668 0.2575
1 0.19666666666666668 0.5675 0.08 0.18
1 0.21500000000000002 0.50875 0.06666666666666667 0.1375
1 0.18250000000000002 0.4675 0.08166666666666667 0.155
1 0.10916666666666668 0.4625 0.06166666666666667 0.13
1 0.020833333333333336 0.44625000000000004 0.03833333333333334 0.1275
1 0.05166666666666667 0.38625 0.06666666666666667 0.1575
1 0.03416666666666667 0.31125 0.058333333333333334 0.14250000000000002
1 0.06666666666666667 0.3275 0.05 0.09
1 0.4083333333333334 0.485 0.06333333333333334 0.18
1 0.4625 0.48375 0.04166666666666667 0.1625
1 0.5041666666666667 0.49 0.08166666666666667 0.23
1 0.56 0.45875 0.07 0.2225
1 0.5775 0.40750000000000003 0.07500000000000001 0.15
1 0.5866666666666667 0.37375 0.04666666666666667 0.14250000000000002
1 0.5225000000000001 0.36 0.03833333333333334 0.065
1 0.49083333333333334 0.32125 0.06833333333333334 0.1075
1 0.43500000000000005 0.33125 0.05 0.0925
1 0.3916666666666667 0.32875 0.043333333333333335 0.0775
1 0.36083333333333334 0.34750000000000003 0.045000000000000005 0.095
1 0.3241666666666667 0.41250000000000003 0.04833333333333334 0.135
1 0.36583333333333334 0.4575 0.06166666666666667 0.21
1 0.0325 0.18 0.055 0.155
1 0.06583333333333334 0.16375 0.04166666666666667 0.1225
1 0.10666666666666667 0.13625 0.04 0.0775
1 0.12916666666666668 0.19375 0.065 0.1275
1 0.17666666666666667 0.17250000000000001 0.05333333333333334 0.105
1 0.2025 0.15375 0.05166666666666667 0.08750000000000001
1 0.15833333333333335 0.12625 0.05333333333333334 0.0725
1 0.19083333333333335 0.30625 0.05166666666666667 0.1525
1 0.23833333333333334 0.3275 0.06666666666666667 0.15
1 0.2891666666666667 0.2975 0.058333333333333334 0.13
1 0.33666666666666667 0.28875 0.07 0.1275
1 0.35750000000000004 0.25125000000000003 0.05166666666666667 0.1475
1 0.4133333333333334 0.165 0.03333333333333333 0.065
1 0.2566666666666667 0.2125 0.043333333333333335 0.085
1 0.31083333333333335 0.155 0.05166666666666667 0.115
1 0.3075 0.065 0.05166666666666667 0.09
1 0.3541666666666667 0.06375 0.035 0.0825
1 0.4033333333333334 0.115 0.03666666666666667 0.09
1 0.4066666666666667 0.0725 0.04666666666666667 0.07
1 0.4516666666666667 0.065 0.04 0.085
1 0.4691666666666667 0.0675 0.05166666666666667 0.1
1 0.48333333333333334 0.14625 0.02666666666666667 0.0775
1 0.4966666666666667 0.1475 0.04 0.065
1 0.5341666666666667 0.15125 0.03166666666666667 0.0725
1 0.5208333333333334 0.08375 0.045000000000000005 0.10250000000000001
1 0.5116666666666667 0.0275 0.03666666666666667 0.05
1 0.4733333333333334 0.043750000000000004 0.043333333333333335 0.0825
1 0.5583333333333333 0.04125 0.05 0.0725
1 0.5858333333333333 0.043750000000000004 0.045000000000000005 0.0775
1 0.5975 0.06625 0.03166666666666667 0.0975
1 0.6425000000000001 0.14625 0.058333333333333334 0.1275
1 0.7275 0.15125 0.045000000000000005 0.1225
1 0.7925000000000001 0.11125 0.03166666666666667 0.1225
1 0.8333333333333334 0.12125 0.05333333333333334 0.1575
1 0.8750000000000001 0.1225 0.03666666666666667 0.135
1 0.895 0.04 0.023333333333333334 0.05
1 0.8625 0.03625 0.035 0.0525
1 0.7491666666666668 0.08 0.055 0.085
1 0.7408333333333333 0.04625 0.045000000000000005 0.0725
1 0.7683333333333334 0.03 0.03666666666666667 0.055
1 0.8125 0.0375 0.045000000000000005 0.045
1 0.6533333333333333 0.0475 0.05333333333333334 0.09
1 0.6925 0.045 0.04166666666666667 0.085
