1 0.12250000000000001 0.7411242603550295 0.025 0.10946745562130178
1 0.15833333333333335 0.7233727810650887 0.030000000000000002 0.1390532544378698
1 0.31333333333333335 0.7100591715976331 0.03333333333333333 0.14792899408284024
1 0.4475 0.7144970414201183 0.035 0.15680473372781065
1 0.4816666666666667 0.7115384615384616 0.03333333333333333 0.15088757396449703
1 0.5308333333333334 0.7233727810650887 0.028333333333333335 0.1272189349112426
1 0.5650000000000001 0.7278106508875739 0.03666666666666667 0.15976331360946744
1 0.63 0.7204142011834319 0.043333333333333335 0.1923076923076923
1 0.6175 0.7115384615384616 0.03166666666666667 0.1390532544378698
1 0.8458333333333334 0.7085798816568047 0.028333333333333335 0.12130177514792899
1 0.8841666666666668 0.7071005917159763 0.028333333333333335 0.1242603550295858
1 0.8958333333333334 0.7011834319526628 0.03166666666666667 0.13609467455621302
1 0.5041666666666667 0.6775147928994083 0.028333333333333335 0.08284023668639053
1 0.685 0.7189349112426036 0.05 0.11242603550295857
1 0.555 0.735207100591716 0.05 0.09171597633136094
