1 0.05272727272727273 0.5149863760217983 0.07272727272727272 0.2670299727520436
1 0.17363636363636364 0.5858310626702997 0.14 0.5177111716621253
1 0.4718181818181818 0.5817438692098093 0.10727272727272727 0.3896457765667575
1 0.6063636363636363 0.5653950953678474 0.08181818181818182 0.30245231607629425
1 0.5272727272727272 0.5163487738419619 0.04 0.1553133514986376
1 0.02 0.48501362397820164 0.04 0.16893732970027248
1 0.639090909090909 0.5122615803814714 0.038181818181818185 0.14713896457765668
1 0.6654545454545454 0.5095367847411444 0.03636363636363636 0.1416893732970027
1 0.6927272727272727 0.5163487738419619 0.03272727272727273 0.12261580381471389
1 0.7354545454545455 0.5149863760217983 0.034545454545454546 0.13623978201634876
1 0.7727272727272727 0.5217983651226158 0.03272727272727273 0.11716621253405994
1 0.8118181818181818 0.5149863760217983 0.03090909090909091 0.11444141689373297
1 0.8409090909090909 0.5136239782016349 0.02727272727272727 0.10626702997275204
1 0.8690909090909091 0.5177111716621253 0.025454545454545455 0.10354223433242507
1 0.8527272727272728 0.5190735694822888 0.02909090909090909 0.11171662125340599
1 0.8954545454545455 0.5190735694822888 0.023636363636363636 0.08991825613079019
1 0.9227272727272727 0.5204359673024523 0.02727272727272727 0.09809264305177111
1 0.5609090909090909 0.5081743869209809 0.038181818181818185 0.13896457765667575
1 0.5890909090909091 0.4632152588555858 0.02909090909090909 0.049046321525885554
1 0.68 0.47002724795640327 0.01090909090909091 0.04087193460490463
1 0.7172727272727273 0.4632152588555858 0.02 0.043596730245231606
1 0.7536363636363637 0.46730245231607626 0.012727272727272728 0.03542234332425068
1 0.7663636363636364 0.4645776566757493 0.016363636363636365 0.02997275204359673
1 0.79 0.4713896457765667 0.023636363636363636 0.0326975476839237
1 0.5036363636363637 0.43324250681198906 0.02909090909090909 0.043596730245231606
