1 0.27 0.5105105105105106 0.076 0.2882882882882883
1 0.523 0.503003003003003 0.182 0.6636636636636637
1 0.8 0.4894894894894895 0.124 0.4624624624624625
1 0.9530000000000001 0.4774774774774775 0.058 0.21621621621621623
1 0.976 0.47297297297297297 0.048 0.23723723723723725
1 0.381 0.4444444444444444 0.038 0.13813813813813813
1 0.34400000000000003 0.44294294294294295 0.036000000000000004 0.12912912912912913
1 0.432 0.4294294294294294 0.028 0.1021021021021021
1 0.878 0.47147147147147145 0.048 0.18618618618618618
1 0.023 0.4984984984984985 0.034 0.13813813813813813
1 0.058 0.487987987987988 0.06 0.12912912912912913
1 0.073 0.43093093093093093 0.038 0.07507507507507508
1 0.10200000000000001 0.44144144144144143 0.024 0.1021021021021021
1 0.13 0.4339339339339339 0.036000000000000004 0.08108108108108109
1 0.133 0.4804804804804805 0.038 0.0960960960960961
1 0.191 0.4804804804804805 0.034 0.08408408408408408
1 0.23 0.503003003003003 0.06 0.14714714714714713
1 0.17200000000000001 0.4069069069069069 0.036000000000000004 0.06306306306306306
1 0.358 0.512012012012012 0.056 0.1831831831831832
1 0.397 0.4984984984984985 0.046 0.15615615615615616
1 0.44 0.503003003003003 0.048 0.16516516516516516
1 0.482 0.506006006006006 0.056 0.17117117117117117
1 0.47600000000000003 0.4069069069069069 0.04 0.03903903903903904
1 0.588 0.4894894894894895 0.04 0.13213213213213212
1 0.613 0.496996996996997 0.038 0.14114114114114115
1 0.658 0.506006006006006 0.048 0.17717717717717718
1 0.633 0.43993993993993996 0.026000000000000002 0.03903903903903904
1 0.627 0.4114114114114114 0.03 0.05405405405405406
1 0.66 0.41291291291291293 0.028 0.05105105105105105
1 0.678 0.39789789789789787 0.02 0.04504504504504504
1 0.7030000000000001 0.4024024024024024 0.022 0.04804804804804805
1 0.712 0.3933933933933934 0.012 0.04204204204204204
1 0.846 0.4039039039039039 0.016 0.057057057057057055
1 0.911 0.4174174174174174 0.026000000000000002 0.04204204204204204
1 0.748 0.41291291291291293 0.024 0.03903903903903904
1 0.671 0.46096096096096095 0.026000000000000002 0.06906906906906907
1 0.6960000000000001 0.5 0.036000000000000004 0.14114114114114115
1 0.724 0.4984984984984985 0.04 0.14414414414414414
1 0.748 0.515015015015015 0.048 0.16516516516516516
1 0.87 0.3933933933933934 0.02 0.03003003003003003
