1 0.5730000000000001 0.3425 0.07 0.435
1 0.711 0.3725 0.08600000000000001 0.525
1 0.878 0.3675 0.088 0.555
1 0.794 0.47250000000000003 0.052000000000000005 0.315
1 0.771 0.4425 0.05 0.315
1 0.665 0.405 0.05 0.3
1 0.615 0.305 0.042 0.26
1 0.9570000000000001 0.3025 0.03 0.185
1 0.137 0.3375 0.08600000000000001 0.535
1 0.217 0.3275 0.046 0.28500000000000003
1 0.328 0.34500000000000003 0.056 0.34
1 0.466 0.315 0.056 0.34
1 0.447 0.32 0.05 0.32
1 0.266 0.3525 0.036000000000000004 0.23500000000000001
1 0.984 0.3225 0.032 0.215
1 0.513 0.2975 0.034 0.295
1 0.76 0.28500000000000003 0.016 0.07
1 0.781 0.2775 0.014 0.045
