1 0.39416666666666667 0.7816377171215881 0.09833333333333334 0.36228287841191065
1 0.3375 0.7307692307692307 0.07500000000000001 0.27543424317617865
1 0.47500000000000003 0.7034739454094293 0.07333333333333333 0.2655086848635236
1 0.42583333333333334 0.6637717121588089 0.058333333333333334 0.22084367245657568
1 0.23583333333333334 0.5583126550868487 0.028333333333333335 0.10421836228287841
1 0.27083333333333337 0.5558312655086849 0.021666666666666667 0.0794044665012407
1 0.35750000000000004 0.5558312655086849 0.015000000000000001 0.05955334987593052
1 0.335 0.5583126550868487 0.02 0.07444168734491315
1 0.3825 0.5508684863523573 0.018333333333333333 0.06947890818858561
1 0.43333333333333335 0.543424317617866 0.016666666666666666 0.05955334987593052
1 0.41250000000000003 0.5421836228287841 0.021666666666666667 0.08188585607940446
1 0.45833333333333337 0.5384615384615384 0.016666666666666666 0.06947890818858561
1 0.48500000000000004 0.533498759305211 0.016666666666666666 0.06451612903225806
1 0.5058333333333334 0.5297766749379652 0.015000000000000001 0.062034739454094295
1 0.5341666666666667 0.826302729528536 0.09166666666666667 0.3424317617866005
1 0.5583333333333333 0.728287841191067 0.08333333333333334 0.3002481389578164
1 0.6333333333333334 0.7022332506203474 0.07333333333333333 0.2729528535980149
1 0.5916666666666667 0.6538461538461539 0.06333333333333334 0.23573200992555832
1 0.535 0.6538461538461539 0.05666666666666667 0.2109181141439206
1 0.6975 0.7878411910669976 0.115 0.41935483870967744
1 0.7441666666666668 0.7617866004962779 0.09166666666666667 0.337468982630273
1 0.8125 0.7009925558312655 0.08833333333333333 0.3250620347394541
1 0.7616666666666667 0.5744416873449132 0.03666666666666667 0.13647642679900746
1 0.7783333333333334 0.5707196029776674 0.03666666666666667 0.13399503722084366
1 0.685 0.6364764267990074 0.060000000000000005 0.22084367245657568
1 0.6525000000000001 0.630272952853598 0.055 0.20843672456575682
1 0.7933333333333333 0.5570719602977667 0.03333333333333333 0.12158808933002481
1 0.8400000000000001 0.6178660049627791 0.06333333333333334 0.23325062034739455
1 0.8258333333333334 0.6464019851116626 0.07500000000000001 0.2704714640198511
1 0.8508333333333334 0.6066997518610422 0.058333333333333334 0.2109181141439206
1 0.9675 0.6972704714640199 0.065 0.36228287841191065
1 0.8658333333333333 0.5843672456575683 0.04833333333333334 0.1761786600496278
1 0.8741666666666668 0.5732009925558312 0.04833333333333334 0.17369727047146402
1 0.8883333333333334 0.5645161290322581 0.043333333333333335 0.1662531017369727
1 0.8975000000000001 0.5496277915632755 0.045000000000000005 0.16129032258064516
1 0.09916666666666667 0.7047146401985112 0.06166666666666667 0.228287841191067
1 0.16166666666666668 0.7630272952853598 0.08666666666666667 0.315136476426799
1 0.16416666666666668 0.7357320099255583 0.07833333333333334 0.2853598014888337
1 0.03666666666666667 0.7146401985111662 0.060000000000000005 0.18858560794044665
1 0.025833333333333337 0.6253101736972705 0.03166666666666667 0.06451612903225806
1 0.06583333333333334 0.6352357320099256 0.03833333333333334 0.08933002481389578
1 0.1675 0.6426799007444168 0.035 0.10421836228287841
1 0.06666666666666667 0.5806451612903226 0.016666666666666666 0.02977667493796526
1 0.07916666666666668 0.5806451612903226 0.011666666666666667 0.02977667493796526
1 0.8675 0.8660049627791563 0.18833333333333335 0.25806451612903225
1 0.9216666666666667 0.6650124069478908 0.09000000000000001 0.24317617866004962
1 0.9341666666666667 0.5558312655086849 0.04833333333333334 0.09925558312655086
1 0.9783333333333334 0.5409429280397022 0.030000000000000002 0.08933002481389578
1 0.7408333333333333 0.575682382133995 0.05166666666666667 0.10421836228287841
1 0.635 0.5409429280397022 0.04666666666666667 0.07444168734491315
1 0.6725000000000001 0.533498759305211 0.028333333333333335 0.05459057071960298
