1 0.9806818181818181 0.5787878787878787 0.038636363636363635 0.2
1 0.9693181818181817 0.5651515151515152 0.06136363636363636 0.22727272727272727
1 0.9227272727272727 0.5803030303030303 0.06363636363636363 0.20909090909090908
1 0.8852272727272726 0.5681818181818182 0.07045454545454545 0.22727272727272727
1 0.8454545454545455 0.5712121212121212 0.06818181818181818 0.22727272727272727
1 0.7261363636363636 0.5727272727272728 0.06136363636363636 0.2
1 0.7159090909090908 0.5757575757575758 0.06363636363636363 0.21212121212121213
1 0.6795454545454546 0.5848484848484848 0.06363636363636363 0.20606060606060606
1 0.6465909090909091 0.5787878787878787 0.0659090909090909 0.21212121212121213
1 0.6034090909090909 0.5787878787878787 0.075 0.24242424242424243
1 0.5420454545454545 0.5878787878787879 0.075 0.24848484848484848
1 0.5147727272727273 0.5833333333333334 0.075 0.24545454545454545
1 0.45227272727272727 0.5954545454545455 0.07727272727272727 0.25757575757575757
1 0.3977272727272727 0.5924242424242424 0.08181818181818182 0.27575757575757576
1 0.33749999999999997 0.5924242424242424 0.08409090909090909 0.2818181818181818
1 0.27386363636363636 0.603030303030303 0.08409090909090909 0.2787878787878788
1 0.2534090909090909 0.5924242424242424 0.07954545454545454 0.2696969696969697
1 0.19999999999999998 0.6045454545454545 0.08181818181818182 0.27575757575757576
1 0.15454545454545454 0.6015151515151516 0.09090909090909091 0.30606060606060603
1 0.12159090909090908 0.5954545454545455 0.08409090909090909 0.2818181818181818
1 0.07272727272727272 0.6272727272727273 0.08181818181818182 0.2727272727272727
1 0.03295454545454545 0.6060606060606061 0.0659090909090909 0.3151515151515151
1 0.48522727272727273 0.593939393939394 0.075 0.24848484848484848
1 0.8034090909090909 0.6378787878787878 0.07045454545454545 0.11212121212121212
1 0.6272727272727272 0.6530303030303031 0.08181818181818182 0.1606060606060606
1 0.6227272727272727 0.5 0.022727272727272728 0.06060606060606061
1 0.09545454545454544 0.593939393939394 0.031818181818181815 0.24242424242424243
