1 0.075 0.7124060150375939 0.075 0.2744360902255639
1 0.19625 0.7105263157894737 0.0725 0.2631578947368421
1 0.31 0.7180451127819548 0.07 0.2556390977443609
1 0.4225 0.7048872180451128 0.075 0.2744360902255639
1 0.48375 0.7011278195488722 0.0775 0.2969924812030075
1 0.56 0.6823308270676691 0.09 0.3270676691729323
1 0.70375 0.68796992481203 0.0925 0.3533834586466165
1 0.805 0.6936090225563909 0.085 0.31954887218045114
1 0.89 0.6672932330827067 0.095 0.34962406015037595
1 0.27875 0.7124060150375939 0.0575 0.22180451127819548
1 0.35375 0.706766917293233 0.0625 0.23308270676691728
1 0.4 0.7011278195488722 0.045 0.17669172932330826
1 0.115 0.7086466165413533 0.045 0.17669172932330826
1 0.15375 0.7086466165413533 0.0475 0.18421052631578946
1 0.63 0.6936090225563909 0.06 0.22932330827067668
1 0.51375 0.7105263157894737 0.0275 0.21052631578947367
1 0.60875 0.6823308270676691 0.0425 0.19924812030075187
1 0.735 0.68796992481203 0.055 0.24060150375939848
1 0.66625 0.6785714285714285 0.0475 0.19924812030075187
1 0.7675000000000001 0.6785714285714285 0.05 0.17669172932330826
1 0.81625 0.6804511278195489 0.0675 0.24812030075187969
1 0.8425 0.6860902255639098 0.03 0.14661654135338345
1 0.89375 0.7048872180451128 0.0375 0.11654135338345864
1 0.2625 0.7048872180451128 0.02 0.18421052631578946
1 0.2275 0.6973684210526315 0.025 0.18421052631578946
1 0.435 0.7180451127819548 0.03 0.21052631578947367
