1 0.7026315789473684 0.6538461538461539 0.18947368421052632 0.676923076923077
1 0.3763157894736842 0.6615384615384616 0.10526315789473684 0.38461538461538464
1 0.31184210526315786 0.6480769230769231 0.09210526315789473 0.33461538461538465
1 0.26842105263157895 0.6365384615384616 0.07368421052631578 0.2730769230769231
1 0.23026315789473684 0.6519230769230769 0.060526315789473685 0.21923076923076923
1 0.2013157894736842 0.6423076923076924 0.05526315789473684 0.2076923076923077
1 0.18157894736842106 0.6384615384615385 0.05263157894736842 0.2
1 0.16710526315789473 0.6365384615384616 0.049999999999999996 0.18846153846153846
1 0.015789473684210527 0.6326923076923078 0.015789473684210527 0.06538461538461539
1 0.05263157894736842 0.6346153846153847 0.015789473684210527 0.06153846153846154
1 0.07763157894736841 0.6326923076923078 0.013157894736842105 0.057692307692307696
1 0.09473684210526316 0.5461538461538462 0.010526315789473684 0.046153846153846156
1 0.4342105263157895 0.6442307692307693 0.03684210526315789 0.1423076923076923
1 0.41578947368421054 0.6403846153846154 0.03684210526315789 0.1423076923076923
1 0.46710526315789475 0.6442307692307693 0.04473684210526316 0.1653846153846154
1 0.5644736842105263 0.6461538461538462 0.039473684210526314 0.13846153846153847
1 0.7618421052631579 0.6596153846153846 0.06578947368421052 0.23461538461538461
1 0.8552631578947368 0.6557692307692308 0.07368421052631578 0.2653846153846154
1 0.9592105263157894 0.65 0.08157894736842106 0.30000000000000004
1 0.906578947368421 0.6403846153846154 0.07631578947368421 0.28076923076923077
1 0.8144736842105263 0.6538461538461539 0.06578947368421052 0.23076923076923078
1 0.15657894736842104 0.6346153846153847 0.02368421052631579 0.16923076923076924
1 0.6039473684210526 0.7115384615384616 0.02368421052631579 0.1076923076923077
