1 0.04 0.5902255639097744 0.07 0.2556390977443609
1 0.111875 0.5977443609022556 0.09375 0.34962406015037595
1 0.18937500000000002 0.6015037593984962 0.09375 0.3421052631578947
1 0.27 0.5930451127819548 0.1 0.3665413533834586
1 0.3375 0.5968045112781954 0.0775 0.287593984962406
1 0.15937500000000002 0.5977443609022556 0.07125000000000001 0.26691729323308266
1 0.37125 0.6156015037593985 0.09 0.33270676691729323
1 0.406875 0.5986842105263157 0.07875 0.287593984962406
1 0.4675 0.6099624060150376 0.09 0.33270676691729323
1 0.555 0.6043233082706767 0.09 0.3364661654135338
1 0.641875 0.5902255639097744 0.10125 0.3721804511278195
1 0.73875 0.6109022556390977 0.0975 0.3609022556390977
1 0.819375 0.6052631578947368 0.09875 0.3609022556390977
1 0.920625 0.599624060150376 0.10375000000000001 0.38345864661654133
1 0.51375 0.6109022556390977 0.0775 0.2857142857142857
1 0.593125 0.513157894736842 0.03375 0.06015037593984962
1 0.781875 0.5075187969924811 0.01875 0.07142857142857142
1 0.8612500000000001 0.5366541353383458 0.0425 0.13345864661654133
1 0.229375 0.4981203007518797 0.03875 0.06390977443609022
