1 0.019 0.39473684210526316 0.038 0.23076923076923078
1 0.28200000000000003 0.39271255060728744 0.04 0.21052631578947367
1 0.32 0.4048582995951417 0.04 0.19433198380566802
1 0.363 0.38461538461538464 0.038 0.20242914979757085
1 0.551 0.402834008097166 0.038 0.1902834008097166
1 0.72 0.4149797570850203 0.04 0.19838056680161945
1 0.165 0.6518218623481782 0.10200000000000001 0.3319838056680162
1 0.537 0.6194331983805668 0.058 0.3157894736842105
1 0.592 0.49190283400809715 0.036000000000000004 0.18218623481781376
1 0.669 0.5566801619433198 0.058 0.2550607287449393
1 0.6940000000000001 0.4757085020242915 0.044 0.18218623481781376
1 0.646 0.39068825910931176 0.024 0.07692307692307693
1 0.776 0.5364372469635628 0.044 0.22267206477732793
1 0.901 0.631578947368421 0.126 0.32388663967611336
1 0.872 0.4676113360323887 0.04 0.11740890688259109
1 0.84 0.4251012145748988 0.016 0.032388663967611336
1 0.967 0.5344129554655871 0.046 0.26720647773279355
1 0.07100000000000001 0.5141700404858299 0.07 0.26720647773279355
1 0.397 0.5566801619433198 0.054 0.2550607287449393
1 0.34900000000000003 0.4939271255060729 0.026000000000000002 0.1862348178137652
1 0.243 0.46356275303643724 0.034 0.14979757085020243
1 0.262 0.42105263157894735 0.036000000000000004 0.13765182186234817
1 0.17300000000000001 0.402834008097166 0.03 0.08502024291497975
1 0.14100000000000001 0.4493927125506073 0.038 0.05668016194331984
1 0.098 0.4534412955465587 0.032 0.09716599190283401
1 0.51 0.4331983805668016 0.036000000000000004 0.08906882591093118
1 0.461 0.4757085020242915 0.026000000000000002 0.19838056680161945
1 0.06 0.3319838056680162 0.036000000000000004 0.08097165991902834
1 0.097 0.3360323886639676 0.03 0.08097165991902834
1 0.14 0.34210526315789475 0.032 0.11740890688259109
1 0.171 0.32186234817813764 0.018000000000000002 0.05263157894736842
1 0.199 0.3360323886639676 0.026000000000000002 0.05668016194331984
1 0.228 0.3117408906882591 0.012 0.048582995951417005
1 0.41100000000000003 0.340080971659919 0.022 0.08906882591093118
1 0.47000000000000003 0.3522267206477733 0.032 0.13765182186234817
1 0.511 0.34615384615384615 0.034 0.08502024291497975
1 0.9470000000000001 0.3340080971659919 0.022 0.06882591093117409
1 0.931 0.4109311740890688 0.014 0.07692307692307693
