1 0.12783333333333333 0.52975 0.048999999999999995 0.1795
1 0.20575 0.517375 0.041166666666666664 0.15075
1 0.255 0.53075 0.050333333333333334 0.1845
1 0.2683333333333333 0.50825 0.035333333333333335 0.13
1 0.30583333333333335 0.498875 0.033666666666666664 0.12375
1 0.321 0.51775 0.043333333333333335 0.1585
1 0.36166666666666664 0.59225 0.08633333333333333 0.3165
1 0.39766666666666667 0.533 0.052 0.19
1 0.4385833333333333 0.517375 0.042833333333333334 0.15725
1 0.46791666666666665 0.5085000000000001 0.0355 0.1305
1 0.48366666666666663 0.501875 0.03233333333333333 0.11925000000000001
1 0.50025 0.495375 0.029833333333333333 0.10975
1 0.42291666666666666 0.49362500000000004 0.03083333333333333 0.11375
1 0.5745 0.5385 0.051333333333333335 0.188
1 0.5852499999999999 0.52025 0.0435 0.16
1 0.5970833333333333 0.510625 0.03716666666666667 0.13675
1 0.60275 0.50225 0.0335 0.1225
1 0.7609166666666667 0.535375 0.0525 0.19275
1 0.736 0.52 0.045 0.165
1 0.7175 0.509375 0.03666666666666667 0.13475
1 0.7042499999999999 0.5025000000000001 0.0325 0.11950000000000001
1 0.6950833333333333 0.496125 0.03083333333333333 0.11325
1 0.8065833333333333 0.510625 0.036166666666666666 0.13225
1 0.7938333333333333 0.500625 0.033666666666666664 0.12325
1 0.7815 0.4955 0.030666666666666665 0.112
1 0.8466666666666667 0.52125 0.04433333333333333 0.1625
1 0.8937499999999999 0.536125 0.0525 0.19225
1 0.093 0.244375 0.027666666666666666 0.09975
1 0.11583333333333333 0.23750000000000002 0.027666666666666666 0.1085
1 0.14183333333333334 0.242125 0.026 0.11125
1 0.12575 0.687125 0.03916666666666666 0.13675
1 0.9234166666666667 0.6723750000000001 0.1125 0.08925
1 0.74775 0.671125 0.13316666666666666 0.07575
1 0.8063333333333333 0.584875 0.03733333333333333 0.03125
1 0.7153333333333333 0.61675 0.071 0.047
1 0.67925 0.57425 0.0805 0.0545
1 0.5245 0.66325 0.12633333333333333 0.0565
1 0.5354166666666667 0.619625 0.1065 0.03125
1 0.39141666666666663 0.8718750000000001 0.17516666666666666 0.25075000000000003
1 0.22525 0.660875 0.07783333333333332 0.07225
1 0.18391666666666667 0.6052500000000001 0.07616666666666666 0.037
1 0.3125833333333333 0.610625 0.050499999999999996 0.03975
1 0.30091666666666667 0.567875 0.035166666666666666 0.02325
1 0.41041666666666665 0.656125 0.0885 0.07425
1 0.45408333333333334 0.615125 0.059166666666666666 0.03925
1 0.4870833333333333 0.583125 0.058833333333333335 0.03175
1 0.5221666666666667 0.552625 0.039 0.02425
