1 0.3609375 0.6489859594383776 0.11979166666666667 0.43993759750390016
1 0.5515625 0.6271450858034322 0.11562499999999999 0.421216848673947
1 0.6729166666666666 0.6053042121684867 0.09791666666666667 0.358814352574103
1 0.7739583333333333 0.5982839313572543 0.08958333333333333 0.33229329173166927
1 0.8661458333333333 0.5733229329173167 0.084375 0.3135725429017161
1 0.5958333333333333 0.578003120124805 0.07708333333333334 0.2823712948517941
1 0.465625 0.5912636505460218 0.075 0.27769110764430577
1 0.28229166666666666 0.5764430577223089 0.06666666666666667 0.2480499219968799
1 0.20989583333333334 0.6037441497659907 0.090625 0.33073322932917315
1 0.1515625 0.578003120124805 0.078125 0.2886115444617785
1 0.2453125 0.5553822152886115 0.065625 0.24024960998439937
1 0.3885416666666667 0.5592823712948518 0.07291666666666667 0.2698907956318253
1 0.4473958333333333 0.5413416536661466 0.06354166666666666 0.23712948517940718
1 0.5046875 0.5514820592823713 0.065625 0.24492979719188768
1 0.043229166666666666 0.5132605304212169 0.028125 0.1060842433697348
1 0.059375 0.5140405616224649 0.029166666666666667 0.10764430577223089
1 0.6041666666666666 0.5124804992199689 0.04375 0.1918876755070203
1 0.1265625 0.45631825273010923 0.021875 0.0452418096723869
