1 0.22062500000000002 0.1575091575091575 0.03875 0.14285714285714285
1 0.15 0.16758241758241757 0.0425 0.152014652014652
1 0.34375 0.14194139194139194 0.0275 0.1043956043956044
1 0.39875 0.13736263736263737 0.025 0.09523809523809523
1 0.663125 0.14102564102564102 0.02125 0.07692307692307693
1 0.25625 0.14926739926739926 0.0275 0.1043956043956044
1 0.3125 0.1401098901098901 0.0275 0.09706959706959707
1 0.603125 0.13736263736263737 0.02375 0.09157509157509157
1 0.8175 0.1336996336996337 0.0225 0.08058608058608059
1 0.725 0.13095238095238096 0.0225 0.07875457875457875
1 0.45875 0.13278388278388278 0.0225 0.07875457875457875
1 0.10250000000000001 0.1382783882783883 0.0275 0.10073260073260074
