1 0.52 0.8723653395784543 0.060000000000000005 0.1053864168618267
1 0.5583333333333333 0.8477751756440282 0.05666666666666667 0.10304449648711944
1 0.8416666666666667 0.5995316159250585 0.03666666666666667 0.0702576112412178
1 0.8733333333333334 0.8138173302107728 0.05333333333333334 0.09133489461358314
1 0.905 0.810304449648712 0.06333333333333334 0.117096018735363
1 0.6883333333333334 0.7892271662763466 0.07 0.12177985948477751
1 0.7533333333333334 0.7997658079625293 0.07333333333333333 0.1288056206088993
1 0.19833333333333333 0.8852459016393442 0.05 0.08899297423887588
1 0.27666666666666667 0.8548009367681498 0.07333333333333333 0.13114754098360656
1 0.9616666666666668 0.46955503512880564 0.05 0.08665105386416862
1 0.9516666666666668 0.5585480093676815 0.05666666666666667 0.02576112412177986
