1 0.6416666666666667 0.3823529411764706 0.11333333333333334 0.542483660130719
1 0.7766666666666667 0.3872549019607843 0.09000000000000001 0.4411764705882353
1 0.49750000000000005 0.3415032679738562 0.06833333333333334 0.3300653594771242
1 0.3975 0.3496732026143791 0.08166666666666667 0.39215686274509803
1 0.3516666666666667 0.33333333333333337 0.07 0.33333333333333337
1 0.24583333333333335 0.315359477124183 0.05166666666666667 0.2581699346405229
1 0.2025 0.2826797385620915 0.035 0.17320261437908496
1 0.16416666666666668 0.32189542483660133 0.055 0.2647058823529412
1 0.13 0.2728758169934641 0.04 0.19934640522875818
1 0.08666666666666667 0.29901960784313725 0.043333333333333335 0.21241830065359477
1 0.10083333333333334 0.2679738562091503 0.03166666666666667 0.16339869281045752
1 0.030833333333333334 0.28758169934640526 0.04166666666666667 0.19607843137254902
1 0.06333333333333334 0.2450980392156863 0.030000000000000002 0.14379084967320263
1 0.050833333333333335 0.25326797385620914 0.028333333333333335 0.13398692810457516
1 0.013333333333333334 0.2647058823529412 0.02666666666666667 0.17647058823529413
1 0.2941666666666667 0.2696078431372549 0.025 0.12745098039215685
1 0.47000000000000003 0.27941176470588236 0.02666666666666667 0.12745098039215685
1 0.4441666666666667 0.35784313725490197 0.04833333333333334 0.23202614379084968
1 0.5566666666666668 0.3088235294117647 0.03333333333333333 0.16666666666666669
1 0.5758333333333334 0.29901960784313725 0.028333333333333335 0.14052287581699346
1 0.7016666666666667 0.3415032679738562 0.03666666666666667 0.17973856209150327
1 0.68 0.3055555555555556 0.030000000000000002 0.15359477124183007
1 0.7375 0.3104575163398693 0.028333333333333335 0.13725490196078433
1 0.7225 0.3104575163398693 0.025 0.11764705882352941
1 0.7558333333333334 0.3104575163398693 0.028333333333333335 0.13725490196078433
1 0.8141666666666667 0.3055555555555556 0.021666666666666667 0.10784313725490197
1 0.8316666666666667 0.3137254901960784 0.030000000000000002 0.14379084967320263
1 0.8408333333333334 0.33169934640522875 0.028333333333333335 0.14705882352941177
1 0.8608333333333333 0.31209150326797386 0.025 0.12091503267973856
1 0.8833333333333334 0.3235294117647059 0.04 0.20261437908496732
1 0.9266666666666667 0.3235294117647059 0.04666666666666667 0.22875816993464054
1 0.9725 0.33496732026143794 0.04833333333333334 0.23202614379084968
1 0.9500000000000001 0.31699346405228757 0.03333333333333333 0.16993464052287582
1 0.03166666666666667 0.19607843137254902 0.023333333333333334 0.05228758169934641
1 0.7000000000000001 0.26143790849673204 0.02 0.05228758169934641
1 0.9741666666666667 0.23366013071895425 0.021666666666666667 0.049019607843137254
1 0.47750000000000004 0.7712418300653595 0.15166666666666667 0.18300653594771243
