1 0.9341666666666667 0.8625 0.05166666666666667 0.19
1 0.8508333333333334 0.8562500000000001 0.03833333333333334 0.14250000000000002
1 0.77 0.8462500000000001 0.03333333333333333 0.1225
1 0.7216666666666667 0.8612500000000001 0.03333333333333333 0.1225
1 0.6558333333333334 0.82375 0.021666666666666667 0.0825
1 0.6058333333333333 0.87875 0.035 0.1375
1 0.5900000000000001 0.8462500000000001 0.030000000000000002 0.1075
1 0.56 0.82375 0.030000000000000002 0.1075
1 0.49833333333333335 0.85875 0.030000000000000002 0.11750000000000001
1 0.44 0.8425 0.02666666666666667 0.1
1 0.3983333333333334 0.82375 0.030000000000000002 0.1075
1 0.3716666666666667 0.82625 0.023333333333333334 0.0925
1 0.3416666666666667 0.835 0.02666666666666667 0.105
1 0.3125 0.8225 0.028333333333333335 0.105
1 0.33 0.8250000000000001 0.023333333333333334 0.095
1 0.2966666666666667 0.81375 0.023333333333333334 0.08750000000000001
1 0.24500000000000002 0.79 0.023333333333333334 0.095
1 0.1875 0.7937500000000001 0.018333333333333333 0.0725
1 0.0825 0.9125 0.10166666666666667 0.16
1 0.0325 0.7925 0.055 0.125
