1 0.05 0.7260383386581469 0.0775 0.24440894568690094
1 0.100625 0.7468051118210862 0.10375000000000001 0.3242811501597444
1 0.021875000000000002 0.7787539936102236 0.043750000000000004 0.2571884984025559
1 0.185625 0.7587859424920127 0.09375 0.2939297124600639
1 0.26375 0.7603833865814696 0.09 0.28434504792332266
1 0.441875 0.7843450479233226 0.07875 0.24920127795527156
1 0.525625 0.773961661341853 0.08875 0.27955271565495204
1 0.625 0.7699680511182109 0.08750000000000001 0.2779552715654952
1 0.70625 0.7747603833865815 0.085 0.26517571884984026
1 0.801875 0.7571884984025559 0.09625 0.3003194888178914
1 0.935625 0.7507987220447284 0.10125 0.31629392971246006
1 0.90125 0.7452076677316294 0.09 0.27955271565495204
1 0.31375000000000003 0.7460063897763578 0.08750000000000001 0.2747603833865815
1 0.364375 0.7723642172523961 0.08875 0.27955271565495204
1 0.97 0.7507987220447284 0.06 0.2971246006389776
1 0.206875 0.6150159744408945 0.04875 0.0670926517571885
1 0.290625 0.6086261980830671 0.05625 0.0670926517571885
1 0.40125 0.6222044728434505 0.04 0.06230031948881789
1 0.465625 0.6230031948881789 0.03875 0.0670926517571885
1 0.65375 0.6110223642172524 0.0475 0.06549520766773162
1 0.62125 0.5950479233226836 0.0375 0.06230031948881789
1 0.5725 0.5710862619808307 0.0375 0.052715654952076675
1 0.5425 0.5742811501597443 0.035 0.05910543130990415
1 0.498125 0.5223642172523961 0.02875 0.04153354632587859
1 0.440625 0.5399361022364217 0.03125 0.04153354632587859
1 0.39 0.555111821086262 0.035 0.04313099041533546
1 0.36125 0.549520766773163 0.0275 0.04153354632587859
1 0.49562500000000004 0.5838658146964856 0.03375 0.04313099041533546
1 0.49562500000000004 0.5559105431309904 0.02625 0.02875399361022364
1 0.624375 0.5447284345047924 0.03875 0.04153354632587859
1 0.6637500000000001 0.5559105431309904 0.0275 0.038338658146964855
1 0.688125 0.5559105431309904 0.02375 0.03194888178913738
1 0.7025 0.603035143769968 0.0425 0.052715654952076675
1 0.73 0.5990415335463258 0.0275 0.04792332268370607
1 0.7468750000000001 0.5822683706070287 0.02875 0.04313099041533546
1 0.7275 0.5686900958466453 0.04 0.04792332268370607
1 0.725 0.5351437699680511 0.0275 0.04153354632587859
1 0.77875 0.5447284345047924 0.0425 0.04792332268370607
1 0.7825 0.5710862619808307 0.0425 0.03354632587859425
1 0.811875 0.5758785942492013 0.03875 0.0463258785942492
1 0.89375 0.5638977635782747 0.035 0.04792332268370607
1 0.313125 0.5527156549520766 0.03375 0.04153354632587859
1 0.27187500000000003 0.5439297124600638 0.03375 0.06230031948881789
1 0.17125 0.579073482428115 0.0525 0.07507987220447285
1 0.82875 0.5439297124600638 0.0325 0.036741214057507986
