1 0.32625482625482627 0.8666666666666667 0.05791505791505792 0.2144927536231884
1 0.40733590733590735 0.8695652173913043 0.06563706563706564 0.23768115942028986
1 0.49131274131274133 0.8753623188405797 0.059845559845559844 0.22028985507246376
1 0.556949806949807 0.8724637681159421 0.059845559845559844 0.22608695652173913
1 0.6293436293436293 0.8724637681159421 0.05791505791505792 0.22028985507246376
1 0.7364864864864865 0.7028985507246377 0.04054054054054054 0.15942028985507248
1 0.5318532818532818 0.663768115942029 0.03667953667953668 0.14492753623188406
1 0.17471042471042472 0.6608695652173913 0.04054054054054054 0.15072463768115943
1 0.006756756756756757 0.38405797101449274 0.013513513513513514 0.07246376811594203
1 0.033783783783783786 0.3898550724637681 0.021235521235521235 0.0782608695652174
1 0.05308880308880309 0.4028985507246377 0.021235521235521235 0.08115942028985507
1 0.0916988416988417 0.4043478260869565 0.021235521235521235 0.08405797101449275
1 0.06274131274131274 0.39710144927536234 0.021235521235521235 0.08115942028985507
1 0.07335907335907337 0.3884057971014493 0.015444015444015444 0.06376811594202898
1 0.10424710424710425 0.39420289855072466 0.019305019305019305 0.06956521739130435
1 0.12934362934362933 0.40869565217391307 0.019305019305019305 0.08115942028985507
1 0.13706563706563707 0.39710144927536234 0.02316602316602317 0.08695652173913043
1 0.16795366795366795 0.4072463768115942 0.019305019305019305 0.07246376811594203
1 0.21814671814671815 0.4 0.02316602316602317 0.08695652173913043
1 0.2548262548262548 0.4057971014492754 0.019305019305019305 0.08115942028985507
1 0.2828185328185328 0.3884057971014493 0.0250965250965251 0.09855072463768116
1 0.3030888030888031 0.4101449275362319 0.02316602316602317 0.08405797101449275
1 0.3552123552123552 0.4101449275362319 0.02316602316602317 0.09565217391304348
1 0.40540540540540543 0.4057971014492754 0.019305019305019305 0.08115942028985507
1 0.44305019305019305 0.4 0.021235521235521235 0.08695652173913043
1 0.4845559845559846 0.4043478260869565 0.02316602316602317 0.08405797101449275
1 0.1833976833976834 0.4 0.019305019305019305 0.07536231884057971
1 0.1891891891891892 0.3869565217391304 0.019305019305019305 0.0782608695652174
1 0.2249034749034749 0.3855072463768116 0.021235521235521235 0.08115942028985507
1 0.26351351351351354 0.39710144927536234 0.021235521235521235 0.08115942028985507
1 0.5250965250965252 0.41449275362318844 0.02316602316602317 0.08695652173913043
1 0.5714285714285714 0.4072463768115942 0.019305019305019305 0.0782608695652174
1 0.6138996138996139 0.4057971014492754 0.02702702702702703 0.09855072463768116
1 0.6486486486486487 0.4072463768115942 0.02316602316602317 0.08985507246376812
1 0.6882239382239382 0.4057971014492754 0.02895752895752896 0.10434782608695653
1 0.7268339768339769 0.4057971014492754 0.021235521235521235 0.08115942028985507
1 0.7866795366795367 0.4072463768115942 0.0250965250965251 0.08985507246376812
1 0.7741312741312741 0.39855072463768115 0.02316602316602317 0.08985507246376812
1 0.7664092664092664 0.3927536231884058 0.02316602316602317 0.08405797101449275
1 0.8233590733590733 0.4101449275362319 0.0250965250965251 0.09565217391304348
1 0.8127413127413128 0.39855072463768115 0.02316602316602317 0.08405797101449275
1 0.8542471042471043 0.4043478260869565 0.021235521235521235 0.08405797101449275
1 0.9150579150579151 0.41594202898550725 0.02316602316602317 0.08985507246376812
1 0.9015444015444015 0.4028985507246377 0.019305019305019305 0.08115942028985507
1 0.88996138996139 0.39420289855072466 0.019305019305019305 0.08115942028985507
1 0.9488416988416989 0.4043478260869565 0.0250965250965251 0.09565217391304348
1 0.9681467181467182 0.42028985507246375 0.021235521235521235 0.08695652173913043
1 0.9362934362934363 0.38405797101449274 0.02316602316602317 0.08405797101449275
1 0.5347490347490348 0.2028985507246377 0.011583011583011584 0.04057971014492753
1 0.1312741312741313 0.19855072463768117 0.011583011583011584 0.043478260869565216
1 0.23262548262548263 0.19710144927536233 0.009652509652509652 0.04057971014492753
1 0.3735521235521236 0.20144927536231885 0.009652509652509652 0.043478260869565216
1 0.6872586872586873 0.2 0.011583011583011584 0.0463768115942029
1 0.8388030888030888 0.20869565217391306 0.013513513513513514 0.052173913043478265
1 0.8552123552123553 0.20434782608695654 0.011583011583011584 0.043478260869565216
1 0.9642857142857143 0.2144927536231884 0.009652509652509652 0.0463768115942029
1 0.7760617760617761 0.2536231884057971 0.015444015444015444 0.05507246376811594
1 0.750965250965251 0.25217391304347825 0.011583011583011584 0.0463768115942029
1 0.5173745173745173 0.28695652173913044 0.015444015444015444 0.06376811594202898
1 0.5038610038610039 0.2739130434782609 0.011583011583011584 0.04927536231884058
1 0.4864864864864865 0.2739130434782609 0.015444015444015444 0.06086956521739131
1 0.4247104247104247 0.28405797101449276 0.015444015444015444 0.057971014492753624
1 0.39575289575289574 0.2753623188405797 0.015444015444015444 0.057971014492753624
