1 0.16 0.6303939962476548 0.0525 0.19136960600375236
1 0.148125 0.6332082551594747 0.04625 0.17448405253283303
1 0.136875 0.6350844277673546 0.04625 0.17448405253283303
1 0.21625 0.6360225140712945 0.0575 0.2176360225140713
1 0.2475 0.649155722326454 0.055 0.20637898686679174
1 0.2775 0.6313320825515948 0.045 0.16322701688555347
1 0.305625 0.6360225140712945 0.043750000000000004 0.1651031894934334
1 0.32875 0.6454033771106942 0.0475 0.1726078799249531
1 0.34750000000000003 0.6425891181988743 0.045 0.17073170731707318
1 0.390625 0.650093808630394 0.04125 0.15572232645403378
1 0.43062500000000004 0.650093808630394 0.03875 0.14821763602251406
1 0.405 0.6332082551594747 0.045 0.16322701688555347
1 0.47125 0.6341463414634146 0.0575 0.21388367729831145
1 0.50375 0.6313320825515948 0.04 0.15196998123827393
1 0.5275 0.625703564727955 0.0375 0.14071294559099437
1 0.556875 0.6191369606003753 0.03625 0.1350844277673546
1 0.574375 0.6181988742964353 0.03625 0.13320825515947468
1 0.58875 0.624765478424015 0.035 0.1350844277673546
1 0.60875 0.6163227016885553 0.035 0.1294559099437148
1 0.625 0.6135084427767354 0.0325 0.12382739212007504
1 0.6481250000000001 0.6088180112570356 0.03375 0.12195121951219512
1 0.669375 0.6097560975609756 0.03125 0.11632270168855535
1 0.6825 0.6013133208255159 0.03 0.11069418386491557
1 0.705 0.6125703564727955 0.0325 0.12195121951219512
1 0.820625 0.5881801125703565 0.02625 0.09943714821763602
1 0.715 0.5290806754221389 0.015 0.05628517823639775
1 0.7262500000000001 0.5938086303939962 0.0225 0.08067542213883677
1 0.744375 0.5947467166979362 0.01875 0.075046904315197
1 0.7575000000000001 0.5975609756097561 0.02 0.07692307692307693
1 0.776875 0.5928705440900562 0.01875 0.075046904315197
1 0.79625 0.5909943714821764 0.02 0.075046904315197
1 0.83625 0.5844277673545967 0.02 0.07317073170731707
1 0.845 0.5844277673545967 0.0175 0.06566604127579738
1 0.85375 0.5834896810506567 0.0175 0.06378986866791744
1 0.859375 0.5787992495309568 0.01625 0.06191369606003752
1 0.870625 0.575984990619137 0.01875 0.07129455909943715
1 0.195 0.5853658536585366 0.0175 0.07879924953095685
1 0.228125 0.5647279549718575 0.02375 0.04878048780487805
1 0.259375 0.5581613508442776 0.02375 0.058161350844277676
1 0.288125 0.5590994371482176 0.02625 0.05628517823639775
1 0.311875 0.5525328330206379 0.02375 0.04690431519699812
1 0.32875 0.5431519699812383 0.0175 0.024390243902439025
1 0.34500000000000003 0.5422138836772983 0.015 0.0450281425891182
1 0.361875 0.5440900562851783 0.02125 0.03377110694183865
1 0.375625 0.5656660412757973 0.01625 0.028142589118198873
1 0.395 0.5459662288930581 0.015 0.0300187617260788
1 0.41250000000000003 0.5534709193245778 0.015 0.03377110694183865
1 0.43875000000000003 0.5572232645403377 0.025 0.0450281425891182
1 0.47750000000000004 0.5440900562851783 0.015 0.0375234521575985
1 0.489375 0.551594746716698 0.02125 0.04127579737335835
1 0.511875 0.5450281425891182 0.02625 0.03189493433395872
1 0.558125 0.5440900562851783 0.02125 0.0300187617260788
1 0.574375 0.5403377110694184 0.02125 0.026266416510318948
1 0.53625 0.5562851782363978 0.0175 0.03189493433395872
