1 0.028333333333333335 0.47750000000000004 0.05666666666666667 0.22
1 0.05416666666666667 0.49125 0.05166666666666667 0.1975
1 0.08 0.51375 0.060000000000000005 0.2175
1 0.11583333333333334 0.5325 0.05166666666666667 0.195
1 0.15000000000000002 0.55 0.060000000000000005 0.22
1 0.18500000000000003 0.5700000000000001 0.06333333333333334 0.23
1 0.21000000000000002 0.585 0.06666666666666667 0.245
1 0.24666666666666667 0.6062500000000001 0.06333333333333334 0.23750000000000002
1 0.3075 0.63125 0.06166666666666667 0.2325
1 0.28750000000000003 0.60375 0.06833333333333334 0.2525
1 0.35083333333333333 0.665 0.06833333333333334 0.25
1 0.39916666666666667 0.665 0.07166666666666667 0.265
1 0.44833333333333336 0.675 0.07 0.255
1 0.5058333333333334 0.675 0.06833333333333334 0.25
1 0.555 0.68375 0.06666666666666667 0.2425
1 0.6066666666666667 0.68125 0.06666666666666667 0.2475
1 0.6525000000000001 0.6825 0.06166666666666667 0.225
1 0.6975 0.68875 0.065 0.23750000000000002
1 0.7433333333333334 0.69125 0.060000000000000005 0.2275
1 0.7966666666666667 0.69375 0.060000000000000005 0.2275
