1 0.7075 0.6177944862155388 0.06833333333333334 0.2581453634085213
1 0.505 0.6090225563909775 0.06666666666666667 0.24561403508771928
1 0.4758333333333334 0.6027568922305764 0.06833333333333334 0.2531328320802005
1 0.3841666666666667 0.5902255639097744 0.04833333333333334 0.18295739348370926
1 0.41000000000000003 0.5776942355889724 0.05 0.18295739348370926
1 0.4366666666666667 0.5864661654135338 0.05333333333333334 0.19548872180451127
1 0.7558333333333334 0.5701754385964912 0.035 0.12781954887218044
1 0.8233333333333334 0.5839598997493733 0.04 0.14536340852130325
1 0.8500000000000001 0.5802005012531328 0.03666666666666667 0.13784461152882205
1 0.785 0.5802005012531328 0.03666666666666667 0.13283208020050125
1 0.9566666666666668 0.5789473684210527 0.04666666666666667 0.18045112781954886
1 0.9791666666666667 0.5952380952380952 0.04166666666666667 0.15288220551378445
1 0.0425 0.7619047619047619 0.085 0.46115288220551376
1 0.5883333333333334 0.8308270676691729 0.15000000000000002 0.3082706766917293
1 0.5075000000000001 0.713032581453634 0.08166666666666667 0.17794486215538846
1 0.35833333333333334 0.8258145363408521 0.15000000000000002 0.3283208020050125
1 0.21333333333333335 0.8107769423558897 0.09666666666666668 0.3383458646616541
1 0.8083333333333333 0.8508771929824561 0.1 0.2781954887218045
