1 0.925 0.8329411764705882 0.046875 0.1788235294117647
1 0.8617187500000001 0.82 0.045312500000000006 0.16705882352941176
1 0.80390625 0.8329411764705882 0.045312500000000006 0.16470588235294117
1 0.7039062500000001 0.8082352941176469 0.0484375 0.1764705882352941
1 0.63203125 0.7658823529411765 0.0421875 0.15294117647058822
1 0.57734375 0.8529411764705882 0.0484375 0.18588235294117644
1 0.484375 0.8564705882352941 0.046875 0.1788235294117647
1 0.47187500000000004 0.8152941176470587 0.046875 0.17176470588235293
1 0.371875 0.8305882352941176 0.053125000000000006 0.1976470588235294
1 0.3203125 0.8188235294117646 0.05 0.18823529411764706
1 0.28828125 0.8423529411764705 0.0421875 0.15999999999999998
1 0.23984375000000002 0.8364705882352941 0.0484375 0.18117647058823527
1 0.18515625000000002 0.8388235294117646 0.0421875 0.16235294117647056
1 0.10312500000000001 0.8552941176470588 0.05 0.18588235294117644
1 0.014843750000000001 0.7011764705882352 0.029687500000000002 0.1176470588235294
1 0.030468750000000003 0.7035294117647058 0.026562500000000003 0.10352941176470587
1 0.07187500000000001 0.7011764705882352 0.025 0.0988235294117647
1 0.1015625 0.7035294117647058 0.028125 0.10352941176470587
1 0.1390625 0.6941176470588235 0.028125 0.10352941176470587
1 0.18281250000000002 0.6941176470588235 0.025 0.0988235294117647
1 0.15546875000000002 0.7 0.029687500000000002 0.11058823529411764
1 0.19843750000000002 0.6917647058823528 0.025 0.0988235294117647
1 0.21406250000000002 0.6941176470588235 0.028125 0.10352941176470587
1 0.22890625 0.6847058823529412 0.0234375 0.08941176470588234
1 0.24296875 0.6894117647058823 0.026562500000000003 0.0988235294117647
1 0.259375 0.6894117647058823 0.025 0.09411764705882353
1 0.27578125000000003 0.6929411764705882 0.026562500000000003 0.10588235294117646
1 0.3046875 0.6929411764705882 0.028125 0.10117647058823528
1 0.33828125000000003 0.6917647058823528 0.029687500000000002 0.10823529411764705
1 0.37890625 0.6964705882352941 0.029687500000000002 0.10823529411764705
1 0.6046875 0.6823529411764705 0.03125 0.11294117647058823
1 0.6453125000000001 0.6823529411764705 0.03125 0.11294117647058823
1 0.6953125 0.6905882352941176 0.028125 0.11058823529411764
1 0.73828125 0.6847058823529412 0.029687500000000002 0.10823529411764705
1 0.7828125 0.6835294117647058 0.028125 0.11058823529411764
1 0.8171875000000001 0.6847058823529412 0.03125 0.11294117647058823
1 0.8765625 0.6752941176470587 0.03125 0.11294117647058823
1 0.8656250000000001 0.6788235294117646 0.03125 0.11529411764705881
1 0.915625 0.6811764705882353 0.03125 0.11529411764705881
1 0.94453125 0.6799999999999999 0.029687500000000002 0.10823529411764705
1 0.97421875 0.6776470588235294 0.029687500000000002 0.1176470588235294
1 0.17343750000000002 0.9129411764705881 0.046875 0.12705882352941175
1 0.23984375000000002 0.9129411764705881 0.045312500000000006 0.1176470588235294
1 0.29453125 0.9058823529411764 0.045312500000000006 0.1176470588235294
1 0.3640625 0.8941176470588235 0.028125 0.12235294117647058
1 0.7453125 0.9035294117647058 0.040625 0.1411764705882353
1 0.7984375 0.896470588235294 0.040625 0.14588235294117646
1 0.8562500000000001 0.8905882352941176 0.037500000000000006 0.11529411764705881
