1 0.7593333333333333 0.7571174377224199 0.14266666666666666 0.4679715302491103
1 0.058666666666666666 0.7233096085409252 0.08266666666666667 0.27580071174377224
1 0.12466666666666666 0.7206405693950177 0.08399999999999999 0.2775800711743772
1 0.376 0.6948398576512456 0.06666666666666667 0.2188612099644128
1 0.44 0.7144128113879004 0.032 0.10498220640569395
1 0.31866666666666665 0.6512455516014235 0.029333333333333333 0.09608540925266904
1 0.18666666666666665 0.6565836298932384 0.03733333333333333 0.12455516014234874
1 0.5833333333333333 0.6396797153024911 0.025333333333333333 0.08718861209964412
1 0.6393333333333333 0.646797153024911 0.03333333333333333 0.10854092526690391
1 0.6593333333333333 0.6459074733096085 0.028 0.09252669039145907
1 0.08466666666666667 0.6476868327402134 0.03866666666666667 0.12455516014234874
1 0.5126666666666666 0.547153024911032 0.022666666666666665 0.08718861209964412
1 0.49466666666666664 0.545373665480427 0.026666666666666665 0.08362989323843416
