1 0.043750000000000004 0.563953488372093 0.08750000000000001 0.375968992248062
1 0.13375 0.5290697674418604 0.0825 0.32170542635658916
1 0.2125 0.5271317829457365 0.105 0.3953488372093023
1 0.27 0.5193798449612403 0.095 0.3565891472868217
1 0.315 0.5348837209302325 0.09 0.3488372093023256
1 0.35000000000000003 0.5213178294573644 0.1 0.38372093023255816
1 0.405 0.5135658914728682 0.09 0.35271317829457366
1 0.47375 0.5348837209302325 0.0975 0.3798449612403101
1 0.5425 0.5271317829457365 0.105 0.4108527131782946
1 0.5962500000000001 0.5116279069767442 0.1075 0.40310077519379844
1 0.71 0.5348837209302325 0.105 0.3953488372093023
1 0.6475 0.5213178294573644 0.105 0.3992248062015504
1 0.7775 0.5310077519379844 0.095 0.3565891472868217
1 0.8562500000000001 0.5348837209302325 0.0975 0.37209302325581395
1 0.9225 0.5271317829457365 0.095 0.3565891472868217
1 0.9575 0.5077519379844961 0.085 0.3875968992248062
1 0.10375000000000001 0.6434108527131783 0.10250000000000001 0.24031007751937983
1 0.18875 0.6356589147286822 0.0775 0.24806201550387597
1 0.25125000000000003 0.6375968992248062 0.0525 0.25193798449612403
1 0.31 0.6356589147286822 0.065 0.2558139534883721
1 0.38125000000000003 0.6414728682170543 0.0625 0.2596899224806202
1 0.4375 0.6337209302325582 0.06 0.2441860465116279
1 0.47375 0.6356589147286822 0.0575 0.2558139534883721
1 0.535 0.6414728682170543 0.06 0.2364341085271318
1 0.6062500000000001 0.6201550387596899 0.0825 0.2868217054263566
1 0.6775 0.6065891472868217 0.1 0.25193798449612403
1 0.75125 0.627906976744186 0.0675 0.26356589147286824
1 0.83375 0.6143410852713178 0.0925 0.26744186046511625
1 0.90625 0.6027131782945736 0.0925 0.25193798449612403
1 0.84375 0.32945736434108525 0.0475 0.06201550387596899
1 0.91125 0.3236434108527132 0.0425 0.08139534883720931
1 0.77125 0.32945736434108525 0.0425 0.06201550387596899
1 0.715 0.3275193798449612 0.035 0.06589147286821706
1 0.66625 0.34108527131782945 0.0425 0.06976744186046512
1 0.56875 0.3333333333333333 0.0475 0.06201550387596899
1 0.5025000000000001 0.34689922480620156 0.05 0.06589147286821706
1 0.46 0.34689922480620156 0.045 0.05813953488372093
1 0.42875 0.3488372093023256 0.0475 0.07751937984496124
1 0.38375000000000004 0.3643410852713178 0.0475 0.06976744186046512
1 0.30125 0.3682170542635659 0.0375 0.05426356589147287
1 0.245 0.3585271317829457 0.05 0.07364341085271317
1 0.17125 0.3682170542635659 0.0525 0.07751937984496124
1 0.07 0.39147286821705424 0.065 0.07751937984496124
