1 0.017148014440433214 0.6384083044982699 0.03429602888086643 0.18339100346020762
1 0.05144404332129964 0.6211072664359861 0.03429602888086643 0.16955017301038064
1 0.08574007220216606 0.7041522491349481 0.048736462093862815 0.23875432525951557
1 0.12093862815884476 0.6695501730103807 0.05054151624548737 0.24567474048442908
1 0.148014440433213 0.6903114186851211 0.05415162454873646 0.2664359861591696
1 0.1976534296028881 0.7145328719723184 0.05956678700361011 0.28027681660899656
1 0.25 0.7024221453287197 0.05956678700361011 0.2768166089965398
1 0.2933212996389892 0.6816608996539792 0.06678700361010831 0.32525951557093424
1 0.3276173285198556 0.6937716262975778 0.052346570397111915 0.24567474048442908
1 0.36101083032490977 0.6799307958477508 0.04693140794223827 0.22491349480968859
1 0.39711191335740076 0.6730103806228374 0.05054151624548737 0.24567474048442908
1 0.434115523465704 0.6660899653979239 0.04512635379061372 0.2110726643598616
1 0.4611913357400722 0.6712802768166091 0.04512635379061372 0.21453287197231835
1 0.4963898916967509 0.6608996539792388 0.043321299638989175 0.20761245674740486
1 0.5243682310469314 0.6539792387543253 0.04512635379061372 0.22145328719723184
1 0.5550541516245487 0.6539792387543253 0.04512635379061372 0.22145328719723184
1 0.5794223826714802 0.6470588235294118 0.043321299638989175 0.21453287197231835
1 0.6119133574007221 0.643598615916955 0.043321299638989175 0.20761245674740486
1 0.6669675090252708 0.643598615916955 0.03429602888086643 0.16608996539792387
1 0.6949458483754513 0.6366782006920415 0.039711191335740074 0.18685121107266436
1 0.7157039711191336 0.6401384083044983 0.03790613718411553 0.17993079584775087
1 0.7445848375451264 0.6539792387543253 0.048736462093862815 0.23529411764705882
1 0.7842960288808665 0.6453287197231834 0.048736462093862815 0.22491349480968859
1 0.802346570397112 0.6747404844290658 0.052346570397111915 0.24221453287197234
1 0.8312274368231047 0.6730103806228374 0.04151624548736462 0.20415224913494812
1 0.8664259927797834 0.6764705882352942 0.039711191335740074 0.18339100346020762
1 0.8925992779783394 0.7006920415224913 0.04512635379061372 0.2179930795847751
1 0.9142599277978339 0.6955017301038062 0.048736462093862815 0.23529411764705882
1 0.9512635379061373 0.6937716262975778 0.043321299638989175 0.2110726643598616
1 0.98014440433213 0.7249134948096886 0.039711191335740074 0.23875432525951557
1 0.2148014440433213 0.5778546712802768 0.025270758122743684 0.05536332179930796
1 0.24187725631768953 0.5795847750865052 0.021660649819494587 0.051903114186851215
1 0.3203971119133574 0.5761245674740485 0.02707581227436823 0.06574394463667821
1 0.30866425992779783 0.5103806228373703 0.043321299638989175 0.04498269896193772
1 0.4729241877256318 0.5501730103806228 0.02888086642599278 0.04152249134948097
1 0.43862815884476536 0.5605536332179931 0.02888086642599278 0.04152249134948097
