1 0.265625 0.760948905109489 0.03375 0.12408759124087591
1 0.373125 0.7728102189781022 0.04125 0.14781021897810218
1 0.509375 0.760036496350365 0.03375 0.12226277372262773
1 0.646875 0.7317518248175182 0.04125 0.15328467153284672
1 0.755625 0.6897810218978102 0.04125 0.145985401459854
1 0.8275 0.6541970802919708 0.0375 0.1332116788321168
1 0.8825000000000001 0.6222627737226277 0.03 0.1094890510948905
1 0.911875 0.5912408759124087 0.02375 0.09124087591240876
1 0.48 0.6523722627737226 0.035 0.12956204379562045
1 0.561875 0.6058394160583941 0.03375 0.12408759124087591
1 0.1925 0.7372262773722628 0.0325 0.11678832116788321
1 0.615 0.5784671532846715 0.03 0.1094890510948905
1 0.473125 0.49635036496350365 0.01875 0.06569343065693431
1 0.44875 0.44525547445255476 0.0125 0.04744525547445255
1 0.41375 0.45255474452554745 0.0125 0.043795620437956206
1 0.3825 0.46897810218978103 0.0125 0.04744525547445255
1 0.353125 0.4844890510948905 0.01625 0.06386861313868612
1 0.316875 0.49908759124087587 0.01625 0.05656934306569343
1 0.279375 0.5218978102189781 0.01875 0.06569343065693431
1 0.25625 0.5282846715328468 0.015 0.05656934306569343
1 0.009375 0.583029197080292 0.01875 0.07481751824817517
1 0.033125 0.5702554744525548 0.01875 0.06751824817518248
1 0.045 0.5675182481751825 0.015 0.058394160583941604
1 0.051250000000000004 0.5565693430656934 0.015 0.058394160583941604
1 0.07062500000000001 0.5383211678832117 0.01125 0.040145985401459854
1 0.089375 0.5383211678832117 0.01125 0.043795620437956206
1 0.1475 0.5063868613138686 0.015 0.06021897810218978
1 0.16625 0.4936131386861314 0.015 0.05656934306569343
1 0.176875 0.48813868613138683 0.01375 0.049270072992700725
1 0.5493750000000001 0.4260948905109489 0.01125 0.03832116788321168
1 0.589375 0.42244525547445255 0.01375 0.049270072992700725
1 0.6125 0.4397810218978102 0.0075 0.032846715328467155
1 0.656875 0.4516423357664233 0.01375 0.05291970802919708
1 0.661875 0.41423357664233573 0.01625 0.058394160583941604
1 0.6975 0.4251824817518248 0.0125 0.043795620437956206
1 0.71125 0.41514598540145986 0.015 0.05291970802919708
1 0.7375 0.4260948905109489 0.0125 0.049270072992700725
1 0.77 0.4324817518248175 0.015 0.05474452554744525
1 0.808125 0.44525547445255476 0.01625 0.058394160583941604
1 0.8512500000000001 0.45529197080291967 0.0125 0.04562043795620438
1 0.863125 0.45985401459854014 0.01375 0.051094890510948905
1 0.8825000000000001 0.47810218978102187 0.0125 0.04744525547445255
1 0.8925000000000001 0.4908759124087591 0.0125 0.04744525547445255
1 0.900625 0.5027372262773723 0.01125 0.04562043795620438
1 0.50875 0.4981751824817518 0.0375 0.043795620437956206
1 0.084375 0.5757299270072993 0.04125 0.03832116788321168
1 0.9550000000000001 0.4954379562043795 0.0275 0.05656934306569343
