1 0.015 0.6318897637795275 0.03 0.20078740157480315
1 0.085 0.6889763779527559 0.06 0.22834645669291337
1 0.18 0.7125984251968503 0.055 0.2125984251968504
1 0.28125 0.7401574803149606 0.0575 0.2204724409448819
1 0.3425 0.6968503937007874 0.055 0.2125984251968504
1 0.41375 0.7578740157480315 0.0625 0.24803149606299213
1 0.605 0.8051181102362205 0.055 0.21653543307086615
1 0.6925 0.7618110236220472 0.06 0.24015748031496062
1 0.59125 0.7401574803149606 0.0625 0.23622047244094488
1 0.46875 0.6830708661417323 0.0525 0.21653543307086615
1 0.4825 0.6259842519685039 0.05 0.1889763779527559
1 0.49125 0.5570866141732284 0.0325 0.12992125984251968
1 0.36625 0.5905511811023622 0.0475 0.18110236220472442
1 0.37875000000000003 0.5649606299212598 0.0425 0.16929133858267717
1 0.3875 0.5255905511811023 0.04 0.16141732283464566
1 0.19875 0.6476377952755905 0.0425 0.17716535433070865
1 0.2325 0.6338582677165354 0.05 0.2047244094488189
1 0.26875 0.5708661417322834 0.0375 0.15748031496062992
1 0.1375 0.6023622047244095 0.055 0.2125984251968504
1 0.11 0.6417322834645669 0.05 0.19685039370078738
1 0.03875 0.5649606299212598 0.0425 0.17716535433070865
1 0.05375 0.5255905511811023 0.0425 0.16141732283464566
1 0.07375 0.4881889763779528 0.0375 0.14173228346456693
1 0.54 0.7834645669291338 0.065 0.25196850393700787
1 0.735 0.84251968503937 0.06 0.22834645669291337
1 0.20500000000000002 0.7834645669291338 0.075 0.13385826771653542
1 0.60375 0.905511811023622 0.0975 0.14960629921259844
1 0.81625 0.7145669291338582 0.0275 0.06692913385826771
1 0.81875 0.6437007874015748 0.0275 0.051181102362204724
1 0.6950000000000001 0.6200787401574803 0.04 0.027559055118110236
1 0.70125 0.5767716535433071 0.0375 0.05905511811023622
1 0.9450000000000001 0.6358267716535433 0.05 0.051181102362204724
1 0.95875 0.6811023622047244 0.0475 0.03937007874015748
1 0.95125 0.7303149606299213 0.0375 0.04330708661417323
1 0.9575 0.8070866141732284 0.055 0.09448818897637795
