1 0.346 0.5311387900355872 0.07866666666666666 0.2615658362989324
1 0.47533333333333333 0.4848754448398576 0.05466666666666666 0.18327402135231316
1 0.5986666666666667 0.46619217081850534 0.050666666666666665 0.16725978647686832
1 0.656 0.4581850533807829 0.04 0.1298932384341637
1 0.734 0.4448398576512455 0.03333333333333333 0.11387900355871886
1 0.8019999999999999 0.4306049822064057 0.03333333333333333 0.11387900355871886
1 0.446 0.47419928825622776 0.03866666666666667 0.1298932384341637
1 0.4106666666666667 0.4572953736654804 0.032 0.10676156583629892
1 0.36666666666666664 0.4875444839857651 0.048 0.16014234875444838
1 0.25 0.4688612099644128 0.028 0.09074733096085409
1 0.06266666666666666 0.4991103202846975 0.04 0.13345195729537365
1 0.033999999999999996 0.5071174377224199 0.03866666666666667 0.12811387900355872
1 0.162 0.4848754448398576 0.028 0.09786476868327401
1 0.8233333333333333 0.4225978647686833 0.028 0.09074733096085409
1 0.19 0.4919928825622776 0.02 0.0693950177935943
1 0.29266666666666663 0.4697508896797153 0.025333333333333333 0.08540925266903915
1 0.5626666666666666 0.4483985765124555 0.032 0.10320284697508897
1 0.62 0.449288256227758 0.034666666666666665 0.11565836298932383
1 0.704 0.4279359430604982 0.018666666666666665 0.06583629893238434
1 0.7673333333333333 0.41192170818505336 0.017333333333333333 0.055160142348754444
1 0.9413333333333334 0.4279359430604982 0.042666666666666665 0.14412811387900354
1 0.6866666666666666 0.4359430604982206 0.029333333333333333 0.09608540925266904
1 0.6759999999999999 0.4368327402135231 0.029333333333333333 0.09786476868327401
1 0.6659999999999999 0.449288256227758 0.028 0.09786476868327401
1 0.6306666666666666 0.4403914590747331 0.029333333333333333 0.09786476868327401
1 0.9073333333333333 0.40658362989323843 0.022666666666666665 0.08007117437722419
1 0.9833333333333333 0.40925266903914587 0.030666666666666665 0.099644128113879
1 0.9606666666666667 0.4172597864768683 0.036 0.12277580071174377
1 0.7806666666666666 0.42882562277580066 0.025333333333333333 0.0889679715302491
1 0.09733333333333333 0.5124555160142349 0.042666666666666665 0.07117437722419928
1 0.01 0.5097864768683273 0.02 0.11209964412811388
