1 0.225 0.6633554083885209 0.13823529411764707 0.5099337748344371
1 0.3536764705882353 0.5982339955849889 0.10735294117647058 0.39293598233995586
1 0.49779411764705883 0.6600441501103753 0.17794117647058824 0.6534216335540839
1 0.6808823529411765 0.641280353200883 0.1323529411764706 0.48344370860927155
1 0.5727941176470588 0.6136865342163356 0.10441176470588236 0.38852097130242824
1 0.7963235294117647 0.5849889624724062 0.0838235294117647 0.3090507726269316
1 0.85 0.5816777041942605 0.08529411764705883 0.3200883002207506
1 0.9110294117647059 0.6136865342163356 0.10441176470588236 0.3841059602649007
1 0.31470588235294117 0.5684326710816777 0.08823529411764705 0.32450331125827814
1 0.11544117647058823 0.5982339955849889 0.10735294117647058 0.39293598233995586
1 0.060294117647058824 0.6390728476821192 0.12058823529411765 0.45253863134657835
1 0.033823529411764704 0.40507726269315675 0.026470588235294117 0.05518763796909492
1 0.07867647058823529 0.38962472406181015 0.027941176470588233 0.037527593818984545
1 0.11397058823529412 0.37527593818984545 0.025 0.052980132450331126
1 0.18308823529411763 0.37858719646799116 0.033823529411764704 0.059602649006622516
1 0.2139705882352941 0.39293598233995586 0.022058823529411763 0.04415011037527594
1 0.5654411764705882 0.41280353200883 0.03676470588235294 0.05739514348785872
1 0.7323529411764705 0.45143487858719644 0.01764705882352941 0.09492273730684327
1 0.7705882352941177 0.4624724061810154 0.03529411764705882 0.1346578366445916
1 0.8125 0.44370860927152317 0.030882352941176472 0.07947019867549669
1 0.9852941176470588 0.4492273730684327 0.023529411764705882 0.08167770419426049
