1 0.9783333333333334 0.5726817042606516 0.043333333333333335 0.16791979949874686
1 0.9641666666666667 0.5764411027568922 0.045000000000000005 0.17042606516290726
1 0.9166666666666667 0.5789473684210527 0.05 0.18546365914786966
1 0.8883333333333334 0.600250626566416 0.043333333333333335 0.16791979949874686
1 0.8616666666666667 0.5776942355889724 0.043333333333333335 0.15789473684210525
1 0.8366666666666667 0.5989974937343359 0.05333333333333334 0.19548872180451127
1 0.8008333333333334 0.587719298245614 0.04833333333333334 0.18295739348370926
1 0.7725000000000001 0.6027568922305764 0.058333333333333334 0.21804511278195488
1 0.7233333333333334 0.62531328320802 0.07333333333333333 0.2681704260651629
1 0.6875 0.5989974937343359 0.055 0.20551378446115287
1 0.6641666666666667 0.6140350877192982 0.065 0.24561403508771928
1 0.5458333333333334 0.6278195488721804 0.08833333333333333 0.3283208020050125
1 0.4658333333333334 0.6491228070175439 0.09166666666666667 0.3408521303258145
1 0.5 0.6015037593984962 0.05666666666666667 0.21553884711779447
1 0.32083333333333336 0.612781954887218 0.065 0.24310776942355888
1 0.375 0.6553884711779449 0.06333333333333334 0.23809523809523808
1 0.3566666666666667 0.6177944862155388 0.06333333333333334 0.23809523809523808
1 0.27166666666666667 0.6303258145363408 0.06666666666666667 0.24812030075187969
1 0.22333333333333336 0.6090225563909775 0.05333333333333334 0.20050125313283207
1 0.1625 0.6165413533834586 0.055 0.20551378446115287
1 0.14833333333333334 0.5902255639097744 0.05 0.18295739348370926
1 0.09333333333333334 0.6102756892230576 0.04666666666666667 0.17293233082706766
1 0.06666666666666667 0.6090225563909775 0.04 0.14536340852130325
1 0.028333333333333335 0.6090225563909775 0.03333333333333333 0.12030075187969924
1 0.009166666666666667 0.5852130325814536 0.018333333333333333 0.11278195488721804
1 0.03166666666666667 0.5889724310776943 0.03333333333333333 0.12030075187969924
1 0.08083333333333334 0.5902255639097744 0.035 0.13784461152882205
1 0.20833333333333334 0.6052631578947368 0.03666666666666667 0.13784461152882205
1 0.24250000000000002 0.5977443609022556 0.04166666666666667 0.15789473684210525
1 0.18500000000000003 0.5889724310776943 0.04 0.15538847117794485
1 0.40166666666666667 0.5050125313283208 0.023333333333333334 0.042606516290726815
1 0.42083333333333334 0.518796992481203 0.015000000000000001 0.03007518796992481
1 0.43833333333333335 0.5087719298245614 0.023333333333333334 0.03508771929824561
1 0.3791666666666667 0.518796992481203 0.03166666666666667 0.03508771929824561
1 0.6991666666666667 0.512531328320802 0.018333333333333333 0.03759398496240601
1 0.8633333333333334 0.49874686716791977 0.023333333333333334 0.03007518796992481
1 0.8150000000000001 0.5075187969924811 0.016666666666666666 0.03759398496240601
1 0.8841666666666668 0.49373433583959897 0.025 0.03508771929824561
1 0.9483333333333334 0.49749373433583954 0.02 0.02756892230576441
1 0.9883333333333334 0.49874686716791977 0.013333333333333334 0.02506265664160401
1 0.7508333333333334 0.5200501253132832 0.021666666666666667 0.03759398496240601
1 0.7833333333333334 0.5087719298245614 0.02 0.03508771929824561
1 0.4816666666666667 0.512531328320802 0.013333333333333334 0.03759398496240601
1 0.5241666666666667 0.5225563909774436 0.025 0.03759398496240601
