1 0.04150197628458498 0.513353115727003 0.08300395256916995 0.33827893175074186
1 0.2954545454545454 0.6409495548961425 0.1719367588932806 0.6350148367952523
1 0.4041501976284585 0.4807121661721068 0.021739130434782608 0.08902077151335312
1 0.36561264822134387 0.470326409495549 0.023715415019762844 0.08605341246290801
1 0.4644268774703557 0.49554896142433236 0.03952569169960474 0.142433234421365
1 0.5098814229249011 0.5311572700296736 0.06719367588932806 0.24332344213649854
1 0.6373517786561265 0.6305637982195846 0.19565217391304346 0.7151335311572701
1 0.808300395256917 0.5385756676557863 0.07905138339920947 0.29376854599406527
1 0.8992094861660078 0.5222551928783383 0.05533596837944664 0.20771513353115728
1 0.9584980237154149 0.5623145400593472 0.07114624505928853 0.26409495548961426
1 0.5454545454545454 0.5341246290801187 0.07114624505928853 0.26706231454005935
1 0.08992094861660078 0.4510385756676558 0.021739130434782608 0.08902077151335312
1 0.11561264822134387 0.4465875370919882 0.02569169960474308 0.10385756676557864
1 0.14624505928853754 0.4480712166172107 0.01976284584980237 0.08308605341246292
1 0.043478260869565216 0.4406528189910979 0.023715415019762844 0.09792284866468844
1 0.44367588932806323 0.46884272997032644 0.02569169960474308 0.10089020771513353
1 0.1768774703557312 0.43768545994065283 0.037549407114624504 0.04451038575667656
1 0.33794466403162055 0.4362017804154303 0.043478260869565216 0.06528189910979229
1 0.06324110671936758 0.43175074183976264 0.02766798418972332 0.05637982195845698
