1 0.03125 0.42391304347826086 0.0575 0.24782608695652175
1 0.05375 0.4173913043478261 0.0575 0.25217391304347825
1 0.0775 0.391304347826087 0.05 0.21739130434782608
1 0.11625 0.41956521739130437 0.0575 0.24782608695652175
1 0.16 0.4152173913043478 0.05 0.2217391304347826
1 0.20750000000000002 0.41304347826086957 0.05 0.20869565217391306
1 0.23750000000000002 0.4152173913043478 0.05 0.21304347826086956
1 0.29 0.4152173913043478 0.045 0.18695652173913044
1 0.2625 0.42391304347826086 0.045 0.20434782608695654
1 0.315 0.4217391304347826 0.045 0.19130434782608696
1 0.155 0.5391304347826087 0.11 0.3391304347826087
1 0.25 0.5565217391304348 0.125 0.3130434782608696
1 0.335 0.5456521739130434 0.12 0.3521739130434783
1 0.39875 0.5304347826086957 0.0975 0.2608695652173913
1 0.45125 0.5304347826086957 0.1325 0.2782608695652174
1 0.53625 0.5347826086956522 0.1125 0.24347826086956523
1 0.6525 0.47608695652173916 0.13 0.16956521739130434
1 0.7625000000000001 0.5934782608695652 0.08 0.29130434782608694
1 0.81875 0.6 0.0625 0.26956521739130435
1 0.87375 0.5760869565217391 0.0775 0.29130434782608694
1 0.925 0.5673913043478261 0.08 0.2739130434782609
1 0.9725 0.5630434782608695 0.04 0.23043478260869565
