1 0.04036872218690401 0.913064133016627 0.05276541640178004 0.09691211401425179
1 0.16751430387794025 0.9064133016627078 0.04513668150031786 0.0826603325415677
1 0.20724729815638906 0.901187648456057 0.04704386522568341 0.0855106888361045
1 0.34901462174189446 0.9152019002375297 0.06102987921169739 0.11258907363420427
1 0.40750158931977115 0.9099762470308789 0.06738715829624921 0.12399049881235154
1 0.5502225047679593 0.8831353919239905 0.031150667514303877 0.057007125890736345
1 0.6751430387794024 0.9080760095011876 0.06611570247933884 0.12209026128266033
1 0.08296249205340114 0.896437054631829 0.02097902097902098 0.039904988123515436
1 0.09535918626827718 0.8935866983372922 0.024157660521296885 0.043705463182897863
1 0.01589319771137953 0.8973871733966746 0.019071837253655435 0.03515439429928741
1 0.7670057215511761 0.8788598574821853 0.02733630006357279 0.0503562945368171
1 0.8026064844246662 0.8895486935866983 0.043865225683407505 0.08028503562945369
1 0.8242212333121424 0.8802850356294537 0.029879211697393517 0.05415676959619953
1 0.8518753973299428 0.8781472684085511 0.02670057215511761 0.048931116389548696
1 0.8709472345835982 0.8764845605700713 0.029243483788938335 0.05320665083135392
1 0.9218054672600128 0.8760095011876484 0.02670057215511761 0.0494061757719715
1 0.6932612841703751 0.8650831353919239 0.01589319771137953 0.028503562945368172
1 0.9535918626827717 0.9211401425178147 0.06484424666242848 0.08646080760095012
