1 0.3597560975609756 0.539179104477612 0.22682926829268293 0.8470149253731343
1 0.08780487804878048 0.7388059701492538 0.07317073170731707 0.27611940298507465
1 0.24390243902439024 0.710820895522388 0.06341463414634146 0.25
1 0.48902439024390243 0.7257462686567164 0.06585365853658537 0.24253731343283583
1 0.5829268292682926 0.707089552238806 0.08292682926829269 0.3171641791044776
1 0.6743902439024391 0.7238805970149254 0.07560975609756097 0.291044776119403
1 0.7634146341463415 0.6772388059701493 0.06341463414634146 0.25
1 0.874390243902439 0.6921641791044776 0.06585365853658537 0.2574626865671642
1 0.9365853658536585 0.6791044776119403 0.06829268292682927 0.2537313432835821
1 0.1402439024390244 0.6847014925373134 0.05609756097560976 0.2126865671641791
1 0.9768292682926829 0.6567164179104478 0.046341463414634146 0.22388059701492538
