1 0.4732472324723247 0.23961218836565096 0.0940959409594096 0.3518005540166205
1 0.3957564575645756 0.8019390581717452 0.09778597785977859 0.3573407202216066
1 0.6411439114391144 0.7839335180055401 0.11254612546125461 0.4099722991689751
1 0.8191881918819188 0.7576177285318559 0.0996309963099631 0.3739612188365651
1 0.7592250922509225 0.7686980609418282 0.09040590405904059 0.3407202216066482
1 0.9077490774907749 0.817174515235457 0.08487084870848709 0.3157894736842105
1 0.9538745387453874 0.7977839335180056 0.09225092250922509 0.3490304709141274
1 0.8025830258302583 0.7728531855955678 0.08856088560885608 0.3268698060941828
1 0.7121771217712177 0.7673130193905817 0.08487084870848709 0.3157894736842105
1 0.5525830258302583 0.817174515235457 0.09040590405904059 0.33240997229916897
1 0.32564575645756455 0.7229916897506925 0.05350553505535055 0.20498614958448755
1 0.2887453874538745 0.7008310249307479 0.03505535055350553 0.13850415512465375
1 0.22970479704797048 0.7894736842105263 0.1014760147601476 0.37119113573407203
1 0.10055350553505535 0.8102493074792244 0.0940959409594096 0.3518005540166205
1 0.15498154981549814 0.760387811634349 0.1143911439114391 0.4182825484764543
1 0.6734317343173432 0.7423822714681441 0.07011070110701106 0.2659279778393352
1 0.8634686346863468 0.7742382271468145 0.0996309963099631 0.3739612188365651
1 0.4898523985239852 0.8005540166204986 0.09778597785977859 0.3601108033240997
1 0.4409594095940959 0.8019390581717452 0.09594095940959409 0.3518005540166205
1 0.9243542435424354 0.6620498614958449 0.055350553505535055 0.12742382271468145
1 0.9806273062730627 0.6149584487534626 0.027675276752767528 0.09418282548476455
1 0.7767527675276753 0.6218836565096952 0.047970479704797044 0.08033240997229917
1 0.6872693726937269 0.6301939058171745 0.03136531365313653 0.06371191135734072
1 0.0470479704797048 0.6357340720221607 0.042435424354243544 0.06925207756232687
1 0.8699261992619925 0.6080332409972299 0.06088560885608856 0.16897506925207756
