1 0.15 0.8440366972477065 0.09583333333333333 0.26146788990825687
1 0.22708333333333333 0.8577981651376148 0.0875 0.23394495412844038
1 0.26145833333333335 0.8635321100917431 0.08958333333333333 0.2408256880733945
1 0.3125 0.8084862385321101 0.0625 0.17201834862385323
1 0.3625 0.8096330275229359 0.05416666666666667 0.15137614678899083
1 0.5666666666666667 0.8291284403669725 0.08333333333333333 0.22706422018348627
1 0.69375 0.8360091743119267 0.08333333333333333 0.231651376146789
1 0.615625 0.8107798165137615 0.05625 0.15366972477064222
1 0.65625 0.8176605504587157 0.05416666666666667 0.14908256880733944
1 0.73125 0.8142201834862386 0.075 0.2018348623853211
1 0.7989583333333333 0.8291284403669725 0.06458333333333333 0.17201834862385323
1 0.8635416666666667 0.8245412844036698 0.07708333333333334 0.20871559633027525
1 0.8979166666666667 0.8360091743119267 0.07916666666666666 0.21330275229357798
1 0.946875 0.834862385321101 0.08125 0.22477064220183487
1 0.9739583333333334 0.8222477064220184 0.052083333333333336 0.17660550458715596
