1 0.25375000000000003 0.6842105263157894 0.0625 0.23308270676691728
1 0.41625 0.7857142857142857 0.1125 0.41353383458646614
1 0.57375 0.7725563909774436 0.11750000000000001 0.4323308270676691
1 0.7000000000000001 0.7687969924812029 0.115 0.4323308270676691
1 0.86375 0.7913533834586466 0.1075 0.4022556390977443
1 0.91625 0.7894736842105263 0.1075 0.40601503759398494
1 0.7925 0.7105263157894737 0.075 0.2781954887218045
1 0.65625 0.7048872180451128 0.0775 0.2894736842105263
1 0.50375 0.6954887218045113 0.0575 0.21804511278195488
1 0.44875 0.7086466165413533 0.0925 0.34962406015037595
1 0.3075 0.6954887218045113 0.065 0.24812030075187969
1 0.3575 0.7048872180451128 0.065 0.23684210526315788
1 0.21375 0.6804511278195489 0.0525 0.19548872180451127
1 0.23625000000000002 0.6766917293233082 0.0575 0.21804511278195488
1 0.38375000000000004 0.6917293233082706 0.0475 0.18045112781954886
1 0.545 0.6710526315789473 0.045 0.16917293233082706
1 0.72875 0.6898496240601504 0.0625 0.22932330827067668
1 0.775 0.6785714285714285 0.055 0.20676691729323307
