1 0.051250000000000004 0.4343629343629344 0.0225 0.08108108108108109
1 0.058750000000000004 0.4189189189189189 0.0275 0.10424710424710425
1 0.08875 0.4420849420849421 0.0225 0.0888030888030888
1 0.11125 0.444015444015444 0.0225 0.09266409266409267
1 0.1575 0.45559845559845563 0.02 0.08494208494208494
1 0.19375 0.4594594594594595 0.0225 0.09266409266409267
1 0.2325 0.4671814671814672 0.025 0.09266409266409267
1 0.2775 0.4691119691119691 0.025 0.09652509652509653
1 0.32125 0.47104247104247104 0.0225 0.09266409266409267
1 0.355 0.4749034749034749 0.025 0.1003861003861004
1 0.39125 0.4768339768339768 0.0225 0.0888030888030888
1 0.43 0.48262548262548266 0.025 0.1003861003861004
1 0.465 0.4845559845559846 0.025 0.10424710424710425
1 0.4975 0.4864864864864865 0.025 0.1003861003861004
1 0.5387500000000001 0.49034749034749037 0.0225 0.09266409266409267
1 0.5700000000000001 0.4942084942084942 0.025 0.1003861003861004
1 0.61125 0.5 0.0275 0.11196911196911197
1 0.6475 0.49613899613899615 0.025 0.10424710424710425
1 0.6925 0.5057915057915058 0.025 0.10810810810810811
1 0.7325 0.5057915057915058 0.025 0.1003861003861004
1 0.77625 0.5077220077220077 0.0275 0.10424710424710425
1 0.8625 0.5154440154440154 0.025 0.09652509652509653
1 0.8975 0.5212355212355212 0.025 0.10810810810810811
1 0.95125 0.528957528957529 0.0275 0.1003861003861004
1 0.91625 0.4768339768339768 0.0225 0.09652509652509653
1 0.90125 0.47297297297297297 0.0225 0.09652509652509653
1 0.975 0.4845559845559846 0.025 0.10424710424710425
1 0.99 0.48841698841698844 0.02 0.09652509652509653
1 0.6025 0.9073359073359074 0.03 0.12355212355212356
1 0.3 0.9015444015444015 0.035 0.13513513513513514
1 0.405 0.8803088803088803 0.03 0.11583011583011583
1 0.47000000000000003 0.832046332046332 0.03 0.1274131274131274
1 0.4875 0.8455598455598455 0.035 0.1312741312741313
1 0.50875 0.8648648648648649 0.0325 0.1312741312741313
1 0.55625 0.8397683397683398 0.0275 0.11196911196911197
1 0.6062500000000001 0.8532818532818534 0.0325 0.12355212355212356
1 0.75625 0.8108108108108109 0.0375 0.14671814671814673
1 0.2025 0.7857142857142857 0.03 0.1274131274131274
1 0.22 0.8050193050193051 0.035 0.13513513513513514
1 0.26125 0.7972972972972974 0.0325 0.1274131274131274
1 0.29125 0.7992277992277993 0.0325 0.1312741312741313
1 0.32 0.7972972972972974 0.03 0.1274131274131274
1 0.37 0.8166023166023166 0.035 0.13513513513513514
1 0.37875000000000003 0.8088803088803089 0.0325 0.13513513513513514
1 0.41500000000000004 0.8185328185328186 0.035 0.138996138996139
1 0.4375 0.8243243243243243 0.03 0.11969111969111969
1 0.59 0.6602316602316602 0.025 0.10810810810810811
1 0.835 0.6332046332046333 0.035 0.138996138996139
1 0.95125 0.6447876447876448 0.0275 0.11583011583011583
1 0.51375 0.5907335907335908 0.0275 0.1003861003861004
1 0.47750000000000004 0.6196911196911197 0.03 0.11196911196911197
1 0.29125 0.555984555984556 0.0275 0.11583011583011583
1 0.2675 0.5714285714285714 0.03 0.11583011583011583
1 0.25375000000000003 0.584942084942085 0.0325 0.11969111969111969
1 0.23375 0.5945945945945946 0.0275 0.11583011583011583
1 0.20125 0.5888030888030888 0.0275 0.10424710424710425
1 0.16125 0.5888030888030888 0.0325 0.11969111969111969
1 0.12125 0.5830115830115831 0.0225 0.09266409266409267
1 0.1375 0.5714285714285714 0.025 0.09266409266409267
1 0.10250000000000001 0.5733590733590733 0.02 0.0888030888030888
1 0.08375 0.5752895752895753 0.0225 0.09266409266409267
1 0.055 0.5752895752895753 0.025 0.1003861003861004
1 0.0275 0.5772200772200773 0.02 0.0888030888030888
1 0.01 0.5637065637065637 0.02 0.1003861003861004
1 0.1575 0.3687258687258687 0.025 0.09652509652509653
1 0.1925 0.3532818532818533 0.02 0.08108108108108109
1 0.22 0.33976833976833976 0.02 0.08494208494208494
1 0.2425 0.3301158301158301 0.02 0.0888030888030888
1 0.25625 0.31853281853281856 0.0225 0.08108108108108109
1 0.27375 0.3088803088803089 0.0175 0.07722007722007722
1 0.28875 0.30115830115830117 0.0225 0.08494208494208494
1 0.30625 0.2972972972972973 0.0225 0.08494208494208494
1 0.3275 0.28378378378378377 0.02 0.07335907335907337
1 0.3575 0.2702702702702703 0.02 0.07722007722007722
1 0.3825 0.25868725868725867 0.015 0.0694980694980695
1 0.40375 0.2471042471042471 0.0175 0.07722007722007722
1 0.42 0.23745173745173745 0.02 0.08108108108108109
1 0.43625 0.22779922779922782 0.0175 0.0694980694980695
1 0.4475 0.222007722007722 0.02 0.07335907335907337
1 0.46125 0.21235521235521235 0.0175 0.0694980694980695
1 0.47500000000000003 0.2084942084942085 0.015 0.06177606177606178
1 0.48625 0.20270270270270271 0.0225 0.08108108108108109
1 0.3425 0.8378378378378378 0.025 0.09266409266409267
1 0.83625 0.9015444015444015 0.0375 0.0888030888030888
1 0.88875 0.9092664092664093 0.0375 0.11969111969111969
