1 0.886 0.7267267267267267 0.088 0.3303303303303303
1 0.66 0.7822822822822822 0.08 0.2972972972972973
1 0.736 0.6351351351351351 0.07200000000000001 0.2732732732732733
1 0.487 0.7327327327327328 0.066 0.24624624624624625
1 0.546 0.6651651651651651 0.068 0.2552552552552553
1 0.9580000000000001 0.542042042042042 0.052000000000000005 0.1891891891891892
1 0.404 0.6756756756756757 0.056 0.21621621621621623
1 0.34600000000000003 0.7282282282282282 0.056 0.2072072072072072
1 0.497 0.5990990990990991 0.05 0.1891891891891892
1 0.455 0.6171171171171171 0.058 0.21921921921921922
1 0.152 0.6651651651651651 0.048 0.17717717717717718
1 0.243 0.7027027027027027 0.058 0.2222222222222222
1 0.311 0.6501501501501501 0.05 0.1891891891891892
1 0.33 0.5705705705705706 0.052000000000000005 0.1921921921921922
1 0.357 0.6051051051051051 0.054 0.2072072072072072
1 0.397 0.6021021021021021 0.058 0.21921921921921922
1 0.091 0.6576576576576576 0.054 0.2042042042042042
1 0.034 0.6366366366366366 0.048 0.18618618618618618
1 0.281 0.5915915915915916 0.05 0.18018018018018017
1 0.217 0.6201201201201201 0.042 0.15315315315315314
1 0.17400000000000002 0.5720720720720721 0.048 0.17717717717717718
1 0.169 0.6126126126126126 0.046 0.16816816816816815
1 0.444 0.3078078078078078 0.02 0.08108108108108109
1 0.47800000000000004 0.3153153153153153 0.024 0.09009009009009009
1 0.502 0.3153153153153153 0.02 0.07807807807807808
1 0.53 0.3033033033033033 0.02 0.08408408408408408
1 0.555 0.3018018018018018 0.022 0.08108108108108109
