1 0.1366666666666667 0.55375 0.06666666666666667 0.2475
1 0.3075 0.52625 0.058333333333333334 0.2225
1 0.43333333333333335 0.51 0.05333333333333334 0.2
1 0.5325000000000001 0.5025000000000001 0.04833333333333334 0.18
1 0.5925 0.50375 0.04833333333333334 0.1825
1 0.665 0.485 0.04666666666666667 0.17500000000000002
1 0.7408333333333333 0.47375 0.04166666666666667 0.1575
1 0.7933333333333333 0.46375 0.04 0.1525
1 0.9425000000000001 0.4525 0.035 0.135
1 0.9741666666666667 0.405 0.03166666666666667 0.115
1 0.9083333333333334 0.44375000000000003 0.03666666666666667 0.1375
1 0.885 0.4275 0.03666666666666667 0.14
1 0.8650000000000001 0.4375 0.03666666666666667 0.14
1 0.8516666666666667 0.445 0.03666666666666667 0.135
1 0.8400000000000001 0.4325 0.04 0.145
1 0.8150000000000001 0.4425 0.04 0.145
1 0.775 0.43625 0.03666666666666667 0.14250000000000002
1 0.755 0.44 0.04 0.155
1 0.6900000000000001 0.4575 0.04666666666666667 0.18
1 0.63 0.46 0.04666666666666667 0.18
1 0.6125 0.46125 0.05166666666666667 0.1875
1 0.0775 0.52375 0.07500000000000001 0.2725
1 0.03333333333333333 0.53125 0.06666666666666667 0.2525
1 0.17666666666666667 0.4975 0.05666666666666667 0.215
1 0.22 0.49625 0.06333333333333334 0.2325
1 0.11166666666666668 0.47875 0.05 0.1875
1 0.38083333333333336 0.495 0.058333333333333334 0.22
1 0.3383333333333334 0.48375 0.05333333333333334 0.1975
1 0.4091666666666667 0.47500000000000003 0.055 0.2
1 0.4733333333333334 0.48375 0.05333333333333334 0.1975
1 0.5075000000000001 0.4675 0.05166666666666667 0.195
1 0.5591666666666667 0.4475 0.04166666666666667 0.15
1 0.5775 0.455 0.04833333333333334 0.185
1 0.19833333333333333 0.4675 0.04666666666666667 0.17500000000000002
1 0.27666666666666667 0.47875 0.05 0.1925
1 0.30250000000000005 0.40625 0.03166666666666667 0.0625
1 0.3216666666666667 0.38625 0.016666666666666666 0.0325
1 0.39083333333333337 0.40875 0.028333333333333335 0.0575
