1 0.15 0.6986301369863014 0.06363636363636363 0.2410958904109589
1 0.24636363636363637 0.7 0.06363636363636363 0.23835616438356164
1 0.33636363636363636 0.689041095890411 0.06181818181818182 0.23287671232876714
1 0.43363636363636365 0.689041095890411 0.06 0.2273972602739726
1 0.5136363636363637 0.6863013698630137 0.06363636363636363 0.24383561643835616
1 0.5845454545454546 0.6917808219178082 0.07454545454545454 0.2767123287671233
1 0.6790909090909091 0.6904109589041096 0.06363636363636363 0.2356164383561644
1 0.6372727272727273 0.689041095890411 0.06727272727272728 0.2547945205479452
1 0.7263636363636363 0.6986301369863014 0.06363636363636363 0.2356164383561644
1 0.7745454545454545 0.6972602739726027 0.06909090909090909 0.2602739726027397
1 0.8163636363636364 0.6794520547945205 0.05818181818181818 0.2191780821917808
1 0.3890909090909091 0.7 0.05818181818181818 0.2219178082191781
1 0.3054545454545455 0.6958904109589041 0.05818181818181818 0.2136986301369863
1 0.28909090909090907 0.7013698630136986 0.05454545454545454 0.20821917808219179
1 0.2009090909090909 0.7082191780821918 0.056363636363636366 0.21643835616438356
1 0.09 0.7205479452054795 0.06727272727272728 0.25753424657534246
1 0.11090909090909092 0.715068493150685 0.05818181818181818 0.2191780821917808
1 0.4672727272727273 0.6958904109589041 0.05454545454545454 0.20821917808219179
1 0.48727272727272725 0.6876712328767123 0.06545454545454546 0.2410958904109589
1 0.5409090909090909 0.6931506849315069 0.06 0.2191780821917808
1 0.5690909090909091 0.6972602739726027 0.06181818181818182 0.2273972602739726
1 0.28545454545454546 0.7041095890410959 0.05454545454545454 0.20273972602739726
1 0.7418181818181818 0.6972602739726027 0.06545454545454546 0.23835616438356164
1 0.36363636363636365 0.7027397260273973 0.05090909090909091 0.19452054794520549
1 0.7009090909090909 0.6958904109589041 0.06 0.23013698630136986
1 0.36272727272727273 0.6917808219178082 0.06 0.2273972602739726
1 0.7581818181818182 0.5986301369863014 0.025454545454545455 0.03561643835616438
1 0.9009090909090909 0.6301369863013698 0.07090909090909091 0.20273972602739726
