1 0.12416666666666668 0.7725 0.07166666666666667 0.265
1 0.24333333333333335 0.775 0.06333333333333334 0.24
1 0.3591666666666667 0.775 0.06833333333333334 0.255
1 0.5175000000000001 0.77 0.07166666666666667 0.27
1 0.6875 0.775 0.085 0.315
1 0.4425 0.75625 0.065 0.23750000000000002
1 0.41500000000000004 0.7375 0.06666666666666667 0.245
1 0.33666666666666667 0.7475 0.06666666666666667 0.25
1 0.29333333333333333 0.73625 0.060000000000000005 0.2275
1 0.08750000000000001 0.7375 0.065 0.245
1 0.06666666666666667 0.73 0.06666666666666667 0.245
1 0.05333333333333334 0.72 0.06333333333333334 0.23500000000000001
1 0.16416666666666668 0.72 0.06166666666666667 0.23500000000000001
1 0.18333333333333335 0.73 0.06333333333333334 0.23
1 0.1975 0.7325 0.06166666666666667 0.23
1 0.21083333333333334 0.74625 0.065 0.23750000000000002
1 0.26 0.71875 0.06666666666666667 0.2475
1 0.39 0.7125 0.05666666666666667 0.20500000000000002
1 0.5483333333333333 0.75125 0.06333333333333334 0.23750000000000002
1 0.6016666666666667 0.76875 0.06666666666666667 0.2475
1 0.8416666666666667 0.7575000000000001 0.060000000000000005 0.225
1 0.9433333333333334 0.73875 0.05 0.1825
1 0.895 0.74 0.07 0.255
1 0.8116666666666668 0.7275 0.06333333333333334 0.23500000000000001
1 0.7300000000000001 0.8175 0.07666666666666667 0.28
1 0.645 0.7325 0.06333333333333334 0.24
1 0.6283333333333334 0.6325000000000001 0.02666666666666667 0.06
1 0.9083333333333334 0.61625 0.03333333333333333 0.0725
1 0.8741666666666668 0.61 0.035 0.06
1 0.8458333333333334 0.60875 0.035 0.0725
1 0.8275 0.6012500000000001 0.03166666666666667 0.0775
1 0.8016666666666667 0.6125 0.043333333333333335 0.08
1 0.7716666666666667 0.60375 0.03666666666666667 0.0925
1 0.7441666666666668 0.5962500000000001 0.035 0.0625
