1 0.552439024390244 0.7197802197802198 0.09024390243902439 0.3333333333333333
1 0.7353658536585366 0.7271062271062271 0.07560975609756097 0.28205128205128205
1 0.9219512195121952 0.717948717948718 0.058536585365853655 0.21245421245421245
1 0.8560975609756097 0.7087912087912088 0.04878048780487805 0.1794871794871795
1 0.8256097560975609 0.717948717948718 0.06585365853658537 0.2490842490842491
1 0.7902439024390244 0.7161172161172161 0.05365853658536585 0.19413919413919414
1 0.6902439024390243 0.7197802197802198 0.058536585365853655 0.21611721611721613
1 0.39878048780487807 0.7106227106227107 0.08048780487804878 0.29304029304029305
1 0.46463414634146344 0.7216117216117216 0.05609756097560976 0.21245421245421245
1 0.5 0.7197802197802198 0.04878048780487805 0.1794871794871795
1 0.36585365853658536 0.717948717948718 0.05365853658536585 0.1978021978021978
1 0.30365853658536585 0.7124542124542125 0.06585365853658537 0.23809523809523808
1 0.029268292682926828 0.7289377289377289 0.04390243902439024 0.16117216117216118
1 0.06341463414634146 0.7271062271062271 0.04390243902439024 0.17216117216117216
1 0.1073170731707317 0.7216117216117216 0.04878048780487805 0.19047619047619047
1 0.16829268292682928 0.7216117216117216 0.058536585365853655 0.21245421245421245
1 0.21829268292682927 0.717948717948718 0.06097560975609756 0.23443223443223443
1 0.9865853658536585 0.706959706959707 0.01707317073170732 0.20512820512820512
1 0.6597560975609756 0.7252747252747253 0.007317073170731707 0.19047619047619047
1 0.2524390243902439 0.7271062271062271 0.026829268292682926 0.17216117216117216
