1 0.9348864994026284 0.5171875 0.13022700119474312 0.478125
1 0.8864994026284349 0.5476562500000001 0.16726403823178015 0.5390625
1 0.7568697729988052 0.49921875000000004 0.13261648745519714 0.4265625
1 0.5376344086021505 0.46953125 0.1123058542413381 0.3640625
1 0.38769414575866185 0.45703125 0.12544802867383512 0.40156250000000004
1 0.46117084826762245 0.43125 0.09318996415770608 0.30000000000000004
1 0.3112305854241338 0.42890625000000004 0.08482676224611709 0.2703125
1 0.13440860215053763 0.48750000000000004 0.14934289127837513 0.47500000000000003
1 0.03643966547192353 0.43359375 0.07287933094384706 0.32656250000000003
1 0.06810035842293906 0.371875 0.05256869772998805 0.16875
1 0.2275985663082437 0.36484375 0.04420549581839904 0.1421875
1 0.26583034647550774 0.38515625000000003 0.04181600955794504 0.13593750000000002
1 0.2789725209080048 0.38515625000000003 0.04181600955794504 0.1328125
1 0.6200716845878136 0.5734375 0.2174432497013142 0.6937500000000001
1 0.16606929510155316 0.37031250000000004 0.04778972520908004 0.15625
1 0.8399044205495818 0.29765625 0.05256869772998805 0.06406250000000001
1 0.9844683393070489 0.36250000000000004 0.026284348864994023 0.07500000000000001
1 0.9241338112305854 0.309375 0.04420549581839904 0.084375
1 0.08781362007168458 0.29609375 0.017921146953405017 0.0328125
1 0.14814814814814814 0.31015625 0.016726403823178016 0.0328125
