1 0.03333333333333333 0.81125 0.043333333333333335 0.1575
1 0.07250000000000001 0.80875 0.04166666666666667 0.1525
1 0.09833333333333334 0.80125 0.04 0.1525
1 0.11916666666666667 0.795 0.03833333333333334 0.145
1 0.13833333333333334 0.80125 0.03666666666666667 0.14250000000000002
1 0.1716666666666667 0.795 0.03666666666666667 0.14
1 0.18666666666666668 0.785 0.03666666666666667 0.135
1 0.21166666666666667 0.7987500000000001 0.03666666666666667 0.1375
1 0.24750000000000003 0.79125 0.035 0.1275
1 0.27666666666666667 0.785 0.03333333333333333 0.13
1 0.26666666666666666 0.7825 0.03333333333333333 0.12
1 0.3116666666666667 0.7775 0.03333333333333333 0.13
1 0.3433333333333334 0.775 0.03333333333333333 0.125
1 0.3591666666666667 0.7675000000000001 0.03166666666666667 0.12
1 0.45 0.78 0.03666666666666667 0.14
1 0.4741666666666667 0.78625 0.03833333333333334 0.14250000000000002
1 0.49833333333333335 0.79 0.043333333333333335 0.16
1 0.53 0.79625 0.04666666666666667 0.1775
1 0.5633333333333334 0.7987500000000001 0.05333333333333334 0.2025
1 0.615 0.7937500000000001 0.05333333333333334 0.2025
1 0.6375000000000001 0.7825 0.04833333333333334 0.17500000000000002
1 0.6691666666666667 0.7825 0.05166666666666667 0.19
1 0.68 0.77375 0.043333333333333335 0.1675
1 0.7075 0.7825 0.045000000000000005 0.17
1 0.7416666666666667 0.77875 0.04666666666666667 0.1775
1 0.7708333333333334 0.77375 0.045000000000000005 0.17250000000000001
1 0.8083333333333333 0.7625000000000001 0.04666666666666667 0.17500000000000002
1 0.8441666666666667 0.765 0.03833333333333334 0.145
1 0.8733333333333334 0.75625 0.03666666666666667 0.14250000000000002
1 0.925 0.76375 0.043333333333333335 0.1675
1 0.9650000000000001 0.7575000000000001 0.043333333333333335 0.16
1 0.9850000000000001 0.74625 0.030000000000000002 0.14250000000000002
1 0.38083333333333336 0.70625 0.015000000000000001 0.0575
1 0.013333333333333334 0.8075 0.02666666666666667 0.145
1 0.9066666666666667 0.54125 0.07666666666666667 0.11750000000000001
1 0.48583333333333334 0.5925 0.021666666666666667 0.02
1 0.4566666666666667 0.5875 0.016666666666666666 0.03
1 0.4291666666666667 0.59875 0.018333333333333333 0.0375
1 0.4066666666666667 0.595 0.013333333333333334 0.02
1 0.38 0.6175 0.02 0.03
1 0.4108333333333334 0.63 0.025 0.035
