1 0.607 0.5533707865168539 0.08600000000000001 0.29213483146067415
1 0.626 0.4985955056179775 0.08 0.27808988764044945
1 0.531 0.42275280898876405 0.074 0.2556179775280899
1 0.47400000000000003 0.31179775280898875 0.064 0.2247191011235955
1 0.861 0.23174157303370785 0.062 0.22191011235955055
1 0.968 0.2556179775280899 0.064 0.23595505617977527
1 0.933 0.43117977528089885 0.066 0.22752808988764045
1 0.802 0.46629213483146065 0.08 0.2752808988764045
1 0.764 0.5589887640449438 0.084 0.28651685393258425
1 0.758 0.5 0.08 0.2752808988764045
1 0.5670000000000001 0.13904494382022473 0.07 0.25
1 0.51 0.13764044943820225 0.068 0.2303370786516854
1 0.448 0.16713483146067415 0.056 0.19382022471910113
1 0.36 0.1797752808988764 0.064 0.2247191011235955
1 0.268 0.1896067415730337 0.064 0.22752808988764045
1 0.244 0.2584269662921348 0.064 0.2247191011235955
1 0.219 0.19241573033707865 0.058 0.2050561797752809
1 0.159 0.12078651685393257 0.058 0.20224719101123595
1 0.195 0.11797752808988764 0.066 0.2247191011235955
1 0.10300000000000001 0.22050561797752807 0.066 0.22752808988764045
1 0.098 0.45786516853932585 0.076 0.2584269662921348
1 0.065 0.4044943820224719 0.074 0.2584269662921348
1 0.393 0.47191011235955055 0.09 0.3089887640449438
1 0.321 0.5154494382022472 0.074 0.26123595505617975
1 0.316 0.46629213483146065 0.08 0.2808988764044944
1 0.342 0.425561797752809 0.068 0.23876404494382023
1 0.486 0.6418539325842696 0.096 0.3286516853932584
1 0.439 0.7008426966292135 0.08600000000000001 0.300561797752809
1 0.516 0.6095505617977528 0.088 0.3089887640449438
1 0.375 0.7457865168539326 0.09 0.30617977528089885
1 0.746 0.651685393258427 0.084 0.28651685393258425
1 0.231 0.8132022471910112 0.098 0.3455056179775281
1 0.314 0.11797752808988764 0.052000000000000005 0.10674157303370786
1 0.246 0.09691011235955056 0.032 0.08146067415730338
1 0.016 0.14747191011235955 0.028 0.1544943820224719
1 0.024 0.30196629213483145 0.04 0.17134831460674158
1 0.023 0.5758426966292135 0.042 0.15168539325842695
1 0.06 0.550561797752809 0.068 0.14606741573033707
1 0.029 0.75 0.054 0.19662921348314605
1 0.037 0.9171348314606741 0.074 0.14325842696629212
1 0.108 0.8707865168539326 0.092 0.20786516853932585
1 0.166 0.848314606741573 0.084 0.2696629213483146
1 0.249 0.6095505617977528 0.08600000000000001 0.10112359550561797
1 0.291 0.5702247191011236 0.09 0.15730337078651685
1 0.259 0.46769662921348315 0.074 0.12078651685393257
1 0.197 0.41151685393258425 0.042 0.17696629213483145
1 0.167 0.46769662921348315 0.066 0.1095505617977528
1 0.14 0.5224719101123595 0.064 0.14606741573033707
1 0.138 0.25702247191011235 0.08 0.09269662921348315
1 0.43 0.10252808988764045 0.044 0.12078651685393257
1 0.33 0.26685393258426965 0.1 0.09550561797752809
1 0.445 0.4550561797752809 0.07 0.16853932584269662
1 0.364 0.5252808988764045 0.06 0.11235955056179775
1 0.281 0.9592696629213483 0.046 0.0702247191011236
1 0.18 0.6741573033707865 0.06 0.15168539325842695
1 0.131 0.6685393258426966 0.074 0.1292134831460674
1 0.097 0.7092696629213483 0.07 0.1601123595505618
1 0.445 0.9143258426966292 0.078 0.14325842696629212
1 0.406 0.9452247191011236 0.056 0.09269662921348315
1 0.418 0.8441011235955056 0.048 0.12078651685393257
1 0.488 0.848314606741573 0.068 0.1404494382022472
1 0.578 0.9157303370786517 0.088 0.1404494382022472
1 0.682 0.9311797752808989 0.12 0.10393258426966293
1 0.79 0.9283707865168539 0.064 0.13764044943820225
1 0.641 0.8188202247191011 0.11 0.21629213483146068
1 0.6940000000000001 0.875 0.068 0.17696629213483145
1 0.711 0.7485955056179775 0.082 0.17696629213483145
1 0.868 0.7823033707865168 0.064 0.1544943820224719
1 0.8210000000000001 0.6867977528089887 0.078 0.1544943820224719
1 0.876 0.5870786516853932 0.052000000000000005 0.1797752808988764
1 0.902 0.6615168539325843 0.064 0.08146067415730338
1 0.933 0.7317415730337078 0.074 0.13202247191011235
1 0.9570000000000001 0.8862359550561798 0.074 0.19382022471910113
1 0.9390000000000001 0.6292134831460674 0.054 0.16292134831460675
1 0.609 0.16573033707865167 0.042 0.11797752808988764
1 0.645 0.24297752808988762 0.042 0.19382022471910113
1 0.5660000000000001 0.20786516853932585 0.06 0.09550561797752809
1 0.626 0.324438202247191 0.052000000000000005 0.13202247191011235
1 0.6970000000000001 0.398876404494382 0.066 0.24157303370786515
1 0.757 0.3188202247191011 0.054 0.14325842696629212
1 0.76 0.2654494382022472 0.064 0.12640449438202248
1 0.6990000000000001 0.2584269662921348 0.042 0.15730337078651685
1 0.717 0.1741573033707865 0.054 0.10112359550561797
1 0.775 0.22612359550561797 0.042 0.12078651685393257
1 0.78 0.14606741573033707 0.052000000000000005 0.12359550561797752
