1 0.07666666666666667 0.71 0.04 0.145
1 0.14833333333333334 0.70375 0.043333333333333335 0.1575
1 0.21166666666666667 0.705 0.043333333333333335 0.16
1 0.2775 0.69875 0.04166666666666667 0.1575
1 0.31083333333333335 0.66625 0.035 0.1325
1 0.3466666666666667 0.70375 0.043333333333333335 0.1625
1 0.3816666666666667 0.6575 0.04 0.15
1 0.41833333333333333 0.7000000000000001 0.04666666666666667 0.17
1 0.48250000000000004 0.7025 0.045000000000000005 0.165
1 0.4391666666666667 0.65125 0.04166666666666667 0.1525
1 0.5333333333333333 0.70125 0.043333333333333335 0.1575
1 0.6016666666666667 0.69625 0.043333333333333335 0.1675
1 0.6783333333333333 0.69875 0.04666666666666667 0.17250000000000001
1 0.7666666666666667 0.6975 0.043333333333333335 0.165
1 0.8475 0.6950000000000001 0.04166666666666667 0.16
1 0.9416666666666668 0.69875 0.04 0.1525
1 0.043333333333333335 0.68625 0.03333333333333333 0.1225
1 0.12166666666666667 0.66625 0.03666666666666667 0.1375
1 0.5508333333333334 0.6625 0.03833333333333334 0.14
1 0.505 0.65125 0.03666666666666667 0.1325
1 0.455 0.63375 0.03666666666666667 0.14250000000000002
1 0.2516666666666667 0.67125 0.03333333333333333 0.1275
1 0.16833333333333333 0.6325000000000001 0.03333333333333333 0.12
1 0.0175 0.6575 0.028333333333333335 0.11
1 0.9191666666666667 0.645 0.03833333333333334 0.145
1 0.9066666666666667 0.625 0.03666666666666667 0.135
1 0.9700000000000001 0.59875 0.03666666666666667 0.1325
1 0.9825 0.61375 0.035 0.14250000000000002
1 0.8441666666666667 0.38625 0.015000000000000001 0.0525
1 0.20833333333333334 0.40750000000000003 0.01 0.04
1 0.2941666666666667 0.63125 0.03166666666666667 0.1225
1 0.08 0.62625 0.030000000000000002 0.11750000000000001
1 0.23750000000000002 0.63375 0.035 0.1275
1 0.21916666666666668 0.65625 0.035 0.1325
1 0.33 0.65375 0.03666666666666667 0.1375
1 0.3983333333333334 0.6275000000000001 0.03333333333333333 0.13
1 0.35083333333333333 0.63375 0.035 0.1325
1 0.6141666666666667 0.6587500000000001 0.035 0.1375
1 0.5616666666666666 0.64 0.03333333333333333 0.125
1 0.9600000000000001 0.59375 0.03666666666666667 0.1325
1 0.9491666666666667 0.56375 0.03166666666666667 0.1225
1 0.895 0.6 0.030000000000000002 0.115
1 0.8308333333333334 0.65 0.03166666666666667 0.12
1 0.625 0.635 0.03666666666666667 0.135
1 0.5725 0.62 0.03166666666666667 0.115
1 0.8216666666666668 0.62375 0.030000000000000002 0.11750000000000001
1 0.0425 0.5925 0.018333333333333333 0.035
1 0.04583333333333334 0.56125 0.018333333333333333 0.0325
1 0.014166666666666668 0.58125 0.021666666666666667 0.0275
1 0.09916666666666667 0.5975 0.021666666666666667 0.05
1 0.10166666666666667 0.56 0.01 0.03
1 0.12833333333333335 0.5700000000000001 0.02 0.03
1 0.15833333333333335 0.55375 0.02 0.0275
1 0.18083333333333335 0.5387500000000001 0.015000000000000001 0.0375
1 0.19833333333333333 0.52875 0.013333333333333334 0.0225
1 0.1925 0.57375 0.025 0.0225
1 0.21583333333333335 0.5575 0.018333333333333333 0.03
1 0.2566666666666667 0.56375 0.02666666666666667 0.0325
1 0.2325 0.54125 0.021666666666666667 0.0275
1 0.25 0.53 0.013333333333333334 0.015
1 0.41833333333333333 0.56625 0.02 0.0475
1 0.43083333333333335 0.55 0.018333333333333333 0.035
1 0.4466666666666667 0.53625 0.02666666666666667 0.0375
1 0.3091666666666667 0.56375 0.025 0.0525
1 0.32833333333333337 0.5525 0.02 0.05
1 0.3425 0.545 0.018333333333333333 0.045
1 0.35000000000000003 0.525 0.023333333333333334 0.03
1 0.6891666666666667 0.61875 0.025 0.0675
1 0.5183333333333333 0.59375 0.02 0.0625
1 0.5241666666666667 0.5650000000000001 0.025 0.045
1 0.535 0.55125 0.030000000000000002 0.0475
1 0.4691666666666667 0.5775 0.011666666666666667 0.07
1 0.36833333333333335 0.56375 0.023333333333333334 0.0325
1 0.8208333333333334 0.56875 0.021666666666666667 0.0375
1 0.7633333333333334 0.57875 0.030000000000000002 0.0225
1 0.7666666666666667 0.6 0.02666666666666667 0.02
1 0.7616666666666667 0.55625 0.03333333333333333 0.0275
1 0.6841666666666667 0.57375 0.018333333333333333 0.0225
1 0.63 0.5625 0.03666666666666667 0.025
1 0.07416666666666667 0.5525 0.028333333333333335 0.04
1 0.10250000000000001 0.54125 0.035 0.0275
1 0.07833333333333334 0.5225 0.023333333333333334 0.03
1 0.05416666666666667 0.52625 0.025 0.0275
1 0.0325 0.5337500000000001 0.025 0.0225
1 0.03416666666666667 0.55875 0.025 0.0175
