1 0.02142857142857143 0.40192307692307694 0.04285714285714286 0.21153846153846156
1 0.04404761904761905 0.40384615384615385 0.05 0.2076923076923077
1 0.07023809523809524 0.4115384615384616 0.05476190476190477 0.2153846153846154
1 0.09880952380952382 0.42307692307692313 0.05952380952380953 0.23846153846153847
1 0.13214285714285715 0.4076923076923077 0.06904761904761905 0.2692307692307693
1 0.2178571428571429 0.5634615384615385 0.14047619047619048 0.5576923076923077
1 0.28095238095238095 0.43846153846153846 0.08095238095238096 0.3307692307692308
1 0.32261904761904764 0.43653846153846154 0.08333333333333334 0.33461538461538465
1 0.37619047619047624 0.46923076923076923 0.08571428571428572 0.3384615384615385
1 0.45119047619047625 0.47500000000000003 0.08333333333333334 0.3423076923076923
1 0.5095238095238096 0.4557692307692308 0.0761904761904762 0.31153846153846154
1 0.5666666666666668 0.49615384615384617 0.1 0.4
1 0.6416666666666667 0.5057692307692307 0.11190476190476191 0.44230769230769235
1 0.5857142857142857 0.4634615384615385 0.08571428571428572 0.33461538461538465
1 0.692857142857143 0.4711538461538462 0.09523809523809525 0.3807692307692308
1 0.7904761904761906 0.47692307692307695 0.1 0.4076923076923077
1 0.8928571428571429 0.45 0.10952380952380954 0.4307692307692308
1 0.842857142857143 0.24615384615384617 0.014285714285714287 0.06923076923076923
1 0.8785714285714287 0.2519230769230769 0.014285714285714287 0.057692307692307696
1 0.9583333333333334 0.2403846153846154 0.01666666666666667 0.06538461538461539
1 0.9821428571428572 0.23846153846153847 0.011904761904761906 0.05384615384615385
1 0.8047619047619048 0.2576923076923077 0.014285714285714287 0.05384615384615385
1 0.7785714285714287 0.24615384615384617 0.014285714285714287 0.06153846153846154
1 0.7261904761904763 0.24807692307692308 0.014285714285714287 0.057692307692307696
1 0.6202380952380953 0.2576923076923077 0.011904761904761906 0.046153846153846156
1 0.4833333333333334 0.2730769230769231 0.014285714285714287 0.06153846153846154
1 0.4630952380952381 0.275 0.011904761904761906 0.057692307692307696
1 0.5666666666666668 0.26346153846153847 0.009523809523809525 0.05
1 0.5571428571428572 0.26153846153846155 0.009523809523809525 0.046153846153846156
1 0.49523809523809526 0.2653846153846154 0.014285714285714287 0.05384615384615385
1 0.3583333333333334 0.3076923076923077 0.045238095238095244 0.06923076923076923
1 0.009523809523809525 0.29423076923076924 0.014285714285714287 0.04230769230769231
1 0.026190476190476195 0.2884615384615385 0.014285714285714287 0.038461538461538464
1 0.06666666666666668 0.2923076923076923 0.02380952380952381 0.038461538461538464
1 0.12023809523809526 0.2846153846153846 0.026190476190476195 0.038461538461538464
1 0.16666666666666669 0.30000000000000004 0.028571428571428574 0.05384615384615385
1 0.18214285714285716 0.3615384615384616 0.05476190476190477 0.12307692307692308
1 0.21904761904761907 0.2673076923076923 0.028571428571428574 0.026923076923076925
