1 0.12395833333333334 0.5951742627345845 0.10208333333333333 0.32707774798927614
1 0.24687499999999998 0.5656836461126006 0.08958333333333333 0.27882037533512066
1 0.3833333333333333 0.5589812332439679 0.0625 0.20107238605898123
1 0.46875 0.5563002680965148 0.058333333333333334 0.19034852546916892
1 0.5458333333333333 0.546916890080429 0.05 0.16085790884718498
1 0.5614583333333333 0.5630026809651475 0.05625 0.18230563002680966
1 0.578125 0.5857908847184987 0.06875 0.21715817694369974
1 0.60625 0.5388739946380697 0.041666666666666664 0.13941018766756033
1 0.646875 0.5563002680965148 0.052083333333333336 0.16353887399463807
1 0.675 0.5670241286863271 0.05416666666666667 0.1742627345844504
1 0.6958333333333333 0.5415549597855228 0.04583333333333333 0.15013404825737264
1 0.7427083333333333 0.5603217158176944 0.052083333333333336 0.16621983914209115
1 0.7770833333333333 0.5576407506702413 0.05 0.16621983914209115
1 0.825 0.5428954423592494 0.04583333333333333 0.14209115281501342
1 0.703125 0.38471849865951746 0.03125 0.09919571045576407
1 0.6822916666666666 0.36863270777479895 0.022916666666666665 0.07238605898123325
1 0.73125 0.38471849865951746 0.03333333333333333 0.10991957104557641
1 0.7572916666666667 0.403485254691689 0.01875 0.06702412868632708
1 0.7677083333333333 0.40214477211796246 0.022916666666666665 0.06970509383378017
1 0.7916666666666666 0.4168900804289544 0.016666666666666666 0.06166219839142091
1 0.03125 0.18900804289544237 0.05 0.07238605898123325
1 0.09270833333333334 0.19973190348525469 0.052083333333333336 0.06702412868632708
1 0.16666666666666666 0.2225201072386059 0.05 0.058981233243967826
1 0.04895833333333333 0.7426273458445041 0.09791666666666667 0.06970509383378017
1 0.178125 0.7131367292225201 0.11875 0.08579088471849866
1 0.334375 0.6648793565683646 0.11041666666666666 0.058981233243967826
1 0.48541666666666666 0.6903485254691689 0.15 0.045576407506702415
