1 0.037500000000000006 0.5275 0.028333333333333335 0.105
1 0.11 0.55375 0.04 0.1475
1 0.14250000000000002 0.5475 0.04166666666666667 0.15
1 0.3016666666666667 0.55 0.03666666666666667 0.14
1 0.32833333333333337 0.55625 0.04 0.1475
1 0.3791666666666667 0.5387500000000001 0.03166666666666667 0.11750000000000001
1 0.4008333333333334 0.53 0.03166666666666667 0.125
1 0.5025000000000001 0.545 0.028333333333333335 0.105
1 0.5275000000000001 0.54 0.03166666666666667 0.115
1 0.6866666666666668 0.54 0.030000000000000002 0.115
1 0.7116666666666667 0.54625 0.030000000000000002 0.1075
1 0.7283333333333334 0.56625 0.03333333333333333 0.1275
1 0.7641666666666667 0.5625 0.03833333333333334 0.14
1 0.9175000000000001 0.55 0.028333333333333335 0.11
1 0.9433333333333334 0.5525 0.03333333333333333 0.13
1 0.9650000000000001 0.58875 0.03666666666666667 0.1375
1 0.9800000000000001 0.515 0.02 0.065
1 0.9883333333333334 0.5475 0.013333333333333334 0.095
