1 0.8914062500000001 0.289906103286385 0.1265625 0.471830985915493
1 0.7296875 0.26291079812206575 0.096875 0.3615023474178404
1 0.6976562500000001 0.2323943661971831 0.0890625 0.3333333333333333
1 0.56953125 0.18661971830985916 0.0921875 0.3403755868544601
1 0.60859375 0.18544600938967137 0.035937500000000004 0.13615023474178403
1 0.52578125 0.17605633802816903 0.045312500000000006 0.16901408450704225
1 0.48046875 0.2136150234741784 0.0734375 0.27230046948356806
1 0.39687500000000003 0.1960093896713615 0.08750000000000001 0.32159624413145543
1 0.34687500000000004 0.16784037558685447 0.046875 0.17605633802816903
1 0.31093750000000003 0.18544600938967137 0.040625 0.15492957746478875
1 0.22812500000000002 0.20305164319248828 0.08125 0.29812206572769956
1 0.13125 0.21009389671361503 0.07500000000000001 0.2746478873239437
1 0.055468750000000004 0.20539906103286384 0.0765625 0.284037558685446
1 0.17265625 0.10328638497652583 0.029687500000000002 0.023474178403755867
1 0.153125 0.11502347417840376 0.021875000000000002 0.023474178403755867
1 0.4578125 0.11737089201877934 0.015625 0.03286384976525822
1 0.321875 0.11854460093896714 0.0125 0.04460093896713615
