1 0.96625 0.41917293233082703 0.0625 0.22932330827067668
1 0.9087500000000001 0.42857142857142855 0.0825 0.3007518796992481
1 0.8525 0.44172932330827064 0.065 0.25187969924812026
1 0.80375 0.42293233082706766 0.08750000000000001 0.31954887218045114
1 0.75875 0.43045112781954886 0.0825 0.3120300751879699
1 0.7075 0.4398496240601504 0.09 0.3383458646616541
1 0.65375 0.4398496240601504 0.0925 0.3458646616541353
1 0.59875 0.4398496240601504 0.0825 0.3157894736842105
1 0.5337500000000001 0.42293233082706766 0.0675 0.2593984962406015
1 0.5650000000000001 0.43421052631578944 0.06 0.22932330827067668
1 0.51 0.42293233082706766 0.05 0.19172932330827067
1 0.47375 0.424812030075188 0.0625 0.24060150375939848
1 0.44375000000000003 0.42669172932330823 0.0575 0.21428571428571427
1 0.4225 0.41541353383458646 0.05 0.19172932330827067
1 0.395 0.42105263157894735 0.05 0.18045112781954886
1 0.36375 0.41165413533834583 0.0375 0.13909774436090225
1 0.33375 0.40601503759398494 0.0425 0.16541353383458646
1 0.30375 0.40601503759398494 0.0475 0.17293233082706766
1 0.2775 0.41917293233082703 0.045 0.16165413533834586
1 0.23875000000000002 0.4022556390977443 0.0375 0.15037593984962405
1 0.22 0.41165413533834583 0.03 0.11654135338345864
1 0.20625000000000002 0.4022556390977443 0.0325 0.12781954887218044
1 0.185 0.40037593984962405 0.03 0.12406015037593984
1 0.16625 0.3966165413533834 0.0325 0.11654135338345864
1 0.15125 0.40037593984962405 0.0275 0.10902255639097744
1 0.14125000000000001 0.3966165413533834 0.0275 0.10902255639097744
1 0.13 0.39473684210526316 0.03 0.12030075187969924
1 0.0675 0.5657894736842105 0.135 0.8157894736842105
