1 0.989 0.255663430420712 0.022 0.08414239482200647
1 0.9510000000000001 0.255663430420712 0.022 0.08414239482200647
1 0.935 0.2411003236245955 0.022 0.08737864077669903
1 0.902 0.24433656957928804 0.016 0.0744336569579288
1 0.925 0.3122977346278317 0.03 0.1197411003236246
1 0.893 0.31715210355987056 0.022 0.0970873786407767
1 0.858 0.3122977346278317 0.028 0.1197411003236246
1 0.87 0.255663430420712 0.024 0.0970873786407767
1 0.8240000000000001 0.3155339805825243 0.028 0.11326860841423948
1 0.798 0.3122977346278317 0.02 0.08737864077669903
1 0.78 0.32038834951456313 0.028 0.11003236245954694
1 0.764 0.30582524271844663 0.02 0.08737864077669903
1 0.748 0.3155339805825243 0.028 0.11326860841423948
1 0.731 0.32524271844660196 0.034 0.13268608414239483
1 0.711 0.3236245954692557 0.034 0.13592233009708737
1 0.6880000000000001 0.31067961165048547 0.024 0.10355987055016182
1 0.6930000000000001 0.3932038834951456 0.022 0.09385113268608415
1 0.666 0.33495145631067963 0.032 0.13268608414239483
1 0.649 0.313915857605178 0.03 0.11650485436893204
1 0.639 0.31067961165048547 0.026000000000000002 0.10355987055016182
1 0.622 0.31715210355987056 0.024 0.0970873786407767
1 0.611 0.3074433656957929 0.03 0.12944983818770228
1 0.585 0.3236245954692557 0.03 0.12944983818770228
1 0.5720000000000001 0.31067961165048547 0.028 0.11650485436893204
1 0.546 0.32524271844660196 0.032 0.1262135922330097
1 0.53 0.3122977346278317 0.028 0.11326860841423948
1 0.502 0.3155339805825243 0.028 0.11326860841423948
1 0.451 0.32038834951456313 0.03 0.12944983818770228
1 0.434 0.3980582524271845 0.032 0.12944983818770228
1 0.41300000000000003 0.39158576051779936 0.03 0.11650485436893204
1 0.403 0.40938511326860844 0.026000000000000002 0.11326860841423948
1 0.392 0.40614886731391586 0.028 0.11326860841423948
1 0.382 0.412621359223301 0.024 0.10032362459546926
1 0.324 0.412621359223301 0.028 0.11326860841423948
1 0.333 0.40614886731391586 0.03 0.1262135922330097
1 0.34500000000000003 0.40614886731391586 0.03 0.1262135922330097
1 0.265 0.412621359223301 0.03 0.1262135922330097
1 0.251 0.4255663430420712 0.03 0.1262135922330097
1 0.244 0.4482200647249191 0.036000000000000004 0.14563106796116507
1 0.231 0.4854368932038835 0.046 0.18122977346278318
1 0.264 0.6715210355987056 0.056 0.22977346278317154
1 0.326 0.6893203883495146 0.06 0.2394822006472492
1 0.40900000000000003 0.6747572815533981 0.05 0.2038834951456311
1 0.464 0.6796116504854369 0.056 0.23300970873786409
1 0.539 0.6585760517799353 0.054 0.21035598705501618
1 0.603 0.6634304207119741 0.058 0.22653721682847897
1 0.672 0.6407766990291263 0.048 0.1941747572815534
1 0.734 0.6601941747572816 0.056 0.22653721682847897
1 0.749 0.5129449838187703 0.03 0.1262135922330097
1 0.782 0.49514563106796117 0.04 0.16181229773462785
1 0.721 0.5938511326860841 0.042 0.17152103559870552
1 0.21 0.40938511326860844 0.028 0.1197411003236246
1 0.198 0.4223300970873787 0.028 0.1197411003236246
1 0.184 0.441747572815534 0.036000000000000004 0.13915857605177995
1 0.176 0.44660194174757284 0.036000000000000004 0.1423948220064725
1 0.165 0.46116504854368934 0.034 0.13915857605177995
1 0.158 0.4935275080906149 0.044 0.1779935275080906
1 0.138 0.4255663430420712 0.032 0.13268608414239483
1 0.116 0.44012944983818775 0.032 0.12944983818770228
1 0.105 0.44660194174757284 0.034 0.13592233009708737
1 0.092 0.4627831715210356 0.036000000000000004 0.1488673139158576
1 0.082 0.49838187702265374 0.048 0.1877022653721683
1 0.059000000000000004 0.4368932038834952 0.038 0.15533980582524273
1 0.035 0.44660194174757284 0.038 0.15533980582524273
1 0.021 0.4870550161812298 0.042 0.19093851132686085
1 0.28400000000000003 0.3883495145631068 0.028 0.11650485436893204
1 0.61 0.4449838187702266 0.024 0.02912621359223301
1 0.636 0.3932038834951456 0.024 0.02912621359223301
1 0.582 0.39158576051779936 0.028 0.025889967637540454
1 0.546 0.4336569579288026 0.024 0.03236245954692557
1 0.49 0.4223300970873787 0.028 0.02912621359223301
1 0.459 0.412621359223301 0.03 0.02912621359223301
1 0.422 0.901294498381877 0.044 0.06796116504854369
1 0.54 0.9692556634304208 0.052000000000000005 0.05501618122977347
1 0.026000000000000002 0.34951456310679613 0.024 0.03236245954692557
1 0.161 0.3414239482200647 0.018000000000000002 0.022653721682847898
1 0.218 0.34304207119741104 0.02 0.01941747572815534
1 0.306 0.3673139158576052 0.012 0.022653721682847898
1 0.304 0.4190938511326861 0.016 0.02912621359223301
1 0.314 0.39482200647249194 0.016 0.025889967637540454
1 0.089 0.36245954692556637 0.014 0.01941747572815534
1 0.10300000000000001 0.3592233009708738 0.018000000000000002 0.025889967637540454
1 0.153 0.3673139158576052 0.018000000000000002 0.03559870550161812
1 0.363 0.3511326860841424 0.022 0.02912621359223301
1 0.124 0.3559870550161812 0.02 0.045307443365695796
