1 0.856 0.7252252252252253 0.14 0.5135135135135135
1 0.6940000000000001 0.7432432432432432 0.128 0.47147147147147145
1 0.56 0.7447447447447447 0.128 0.46846846846846846
1 0.375 0.7582582582582582 0.126 0.46546546546546547
1 0.439 0.7597597597597597 0.11800000000000001 0.43243243243243246
1 0.301 0.7117117117117117 0.082 0.3003003003003003
1 0.251 0.7057057057057057 0.082 0.3003003003003003
1 0.169 0.6981981981981982 0.098 0.35735735735735735
1 0.06 0.7312312312312312 0.12 0.4954954954954955
1 0.923 0.6726726726726726 0.07 0.26426426426426425
1 0.499 0.5870870870870871 0.026000000000000002 0.06306306306306306
1 0.452 0.5795795795795796 0.02 0.07207207207207207
1 0.623 0.551051051051051 0.034 0.06306306306306306
1 0.585 0.5540540540540541 0.034 0.08108108108108109
1 0.805 0.545045045045045 0.034 0.05105105105105105
1 0.894 0.551051051051051 0.028 0.03903903903903904
