1 0.505625 0.5845833333333333 0.0375 0.12250000000000001
1 0.53 0.5904166666666667 0.03875 0.12583333333333335
1 0.59 0.6195833333333334 0.06125 0.20083333333333334
1 0.635625 0.5962500000000001 0.03125 0.10083333333333334
1 0.645625 0.5945833333333334 0.03375 0.10916666666666668
1 0.6596875 0.63 0.056875 0.18500000000000003
1 0.6903125 0.62875 0.059375000000000004 0.1925
1 0.726875 0.6395833333333334 0.06 0.19583333333333336
1 0.7415625 0.5408333333333334 0.004375 0.015000000000000001
1 0.7665625 0.5416666666666667 0.003125 0.013333333333333334
1 0.346875 0.7083333333333334 0.265 0.5800000000000001
1 0.275625 0.6754166666666667 0.09 0.24750000000000003
1 0.31875000000000003 0.5775 0.025 0.06833333333333334
1 0.42031250000000003 0.5687500000000001 0.020625 0.05416666666666667
1 0.44656250000000003 0.5958333333333333 0.029375000000000002 0.07333333333333333
1 0.4909375 0.6375000000000001 0.043125000000000004 0.15166666666666667
1 0.5040625 0.6441666666666667 0.040625 0.14166666666666666
1 0.4471875 0.5454166666666667 0.011875 0.025833333333333337
1 0.47750000000000004 0.5437500000000001 0.01875 0.029166666666666667
1 0.48781250000000004 0.5479166666666667 0.020625 0.04083333333333333
1 0.8931250000000001 0.6370833333333333 0.07625 0.17416666666666666
1 0.821875 0.75875 0.28750000000000003 0.4691666666666667
1 0.676875 0.5579166666666667 0.01625 0.050833333333333335
