1 0.2512479201331115 0.69875 0.129783693843594 0.4825
1 0.31530782029950083 0.715 0.0848585690515807 0.315
1 0.29367720465890185 0.67875 0.10815307820299501 0.4025
1 0.45341098169717137 0.52 0.2545757071547421 0.9400000000000001
1 0.5815307820299501 0.68625 0.15806988352745424 0.5825
1 0.7362728785357737 0.73875 0.07820299500831947 0.2925
1 0.6613976705490848 0.7475 0.07154742096505824 0.26
1 0.6963394342762064 0.74625 0.07487520798668885 0.2725
1 0.8136439267886856 0.76875 0.07321131447587355 0.2775
1 0.8469217970049917 0.8 0.059900166389351084 0.22
1 0.8901830282861897 0.7837500000000001 0.06655574043261231 0.2425
1 0.9043261231281198 0.74875 0.07820299500831947 0.2925
1 0.7662229617304492 0.7987500000000001 0.051580698835274545 0.1975
1 0.03826955074875208 0.80125 0.06655574043261231 0.2325
1 0.07986688851913477 0.755 0.12312811980033278 0.3
1 0.10399334442595674 0.6975 0.06156405990016639 0.115
1 0.15058236272878536 0.80875 0.064891846921797 0.2025
1 0.12895174708818635 0.61875 0.08153078202995008 0.1475
1 0.1805324459234609 0.6375000000000001 0.064891846921797 0.085
1 0.16139767054908485 0.76375 0.0632279534109817 0.2275
1 0.3627287853577371 0.7375 0.029950083194675542 0.115
1 0.39018302828618967 0.80125 0.06156405990016639 0.1675
1 0.3810316139767055 0.6225 0.059900166389351084 0.075
1 0.697171381031614 0.75375 0.04658901830282862 0.2475
1 0.7645590682196339 0.6637500000000001 0.03161397670549085 0.0725
1 0.8202995008319468 0.6062500000000001 0.059900166389351084 0.0775
1 0.8643926788685524 0.645 0.05823627287853578 0.105
1 0.9667221297836939 0.80625 0.05324459234608985 0.2125
1 0.961730449251248 0.6687500000000001 0.029950083194675542 0.0825
1 0.9725457570715474 0.6825 0.04159733777038269 0.11
1 0.09234608985024959 0.41125 0.18136439267886856 0.7875
