1 0.043000000000000003 0.216 0.08600000000000001 0.37866666666666665
1 0.10400000000000001 0.19866666666666666 0.084 0.27999999999999997
1 0.196 0.22533333333333333 0.12 0.3973333333333333
1 0.23700000000000002 0.24666666666666665 0.13 0.424
1 0.327 0.224 0.094 0.304
1 0.374 0.32266666666666666 0.084 0.2826666666666667
1 0.468 0.24666666666666665 0.116 0.38666666666666666
1 0.537 0.27199999999999996 0.166 0.5386666666666666
1 0.648 0.29733333333333334 0.18 0.5946666666666667
1 0.733 0.4013333333333333 0.162 0.5306666666666666
1 0.8150000000000001 0.20133333333333334 0.09 0.2906666666666667
1 0.923 0.29733333333333334 0.154 0.584
1 0.272 0.096 0.056 0.11733333333333333
1 0.067 0.12933333333333333 0.042 0.09866666666666667
1 0.4 0.09866666666666667 0.08 0.14933333333333332
1 0.453 0.05733333333333333 0.074 0.08266666666666667
1 0.604 0.07466666666666666 0.044 0.058666666666666666
1 0.706 0.08133333333333333 0.036000000000000004 0.09333333333333332
1 0.739 0.11466666666666667 0.058 0.12266666666666666
1 0.918 0.06666666666666667 0.044 0.08
1 0.03 0.28933333333333333 0.06 0.36533333333333334
