1 0.029 0.6405693950177935 0.058 0.24911032028469748
1 0.055 0.6352313167259787 0.046 0.2099644128113879
1 0.117 0.6298932384341637 0.054 0.23487544483985764
1 0.187 0.6298932384341637 0.05 0.21352313167259784
1 0.21 0.6281138790035586 0.06 0.27402135231316727
1 0.289 0.6352313167259787 0.054 0.23131672597864766
1 0.374 0.6103202846975089 0.06 0.2669039145907473
1 0.439 0.6174377224199288 0.058 0.2597864768683274
1 0.429 0.6245551601423487 0.046 0.2099644128113879
1 0.481 0.6156583629893239 0.066 0.298932384341637
1 0.511 0.6156583629893239 0.058 0.24911032028469748
1 0.5680000000000001 0.6103202846975089 0.052000000000000005 0.23131672597864766
1 0.61 0.6120996441281138 0.052000000000000005 0.2277580071174377
1 0.666 0.5960854092526691 0.068 0.29537366548042704
1 0.6900000000000001 0.5871886120996441 0.07200000000000001 0.32028469750889677
1 0.787 0.597864768683274 0.062 0.27046263345195726
1 0.8170000000000001 0.588967971530249 0.07 0.30249110320284694
1 0.894 0.5800711743772242 0.068 0.3060498220640569
