1 0.0375 0.518796992481203 0.03 0.12030075187969924
1 0.07875 0.5206766917293233 0.0325 0.11654135338345864
1 0.02125 0.7180451127819548 0.0425 0.2706766917293233
1 0.058750000000000004 0.44172932330827064 0.0175 0.06390977443609022
1 0.0525 0.43045112781954886 0.015 0.05639097744360902
1 0.07 0.7650375939849624 0.08 0.30451127819548873
1 0.1 0.6334586466165413 0.04 0.15413533834586465
1 0.13375 0.6390977443609023 0.0575 0.21804511278195488
1 0.14250000000000002 0.8270676691729323 0.085 0.3233082706766917
1 0.14125000000000001 0.4849624060150376 0.0125 0.06015037593984962
1 0.125 0.4473684210526315 0.02 0.07518796992481203
1 0.14125000000000001 0.43609022556390975 0.0125 0.06015037593984962
1 0.1775 0.5225563909774436 0.025 0.09774436090225563
1 0.1525 0.5075187969924811 0.015 0.06015037593984962
1 0.21375 0.6729323308270676 0.0625 0.24060150375939848
1 0.20125 0.5902255639097744 0.0425 0.15789473684210525
1 0.26625 0.7011278195488722 0.0625 0.23684210526315788
1 0.31625000000000003 0.6353383458646616 0.0475 0.17293233082706766
1 0.3525 0.5902255639097744 0.045 0.16541353383458646
1 0.34875 0.7349624060150376 0.0775 0.2894736842105263
1 0.40375 0.6578947368421052 0.0525 0.20300751879699247
1 0.28875 0.513157894736842 0.0275 0.10902255639097744
1 0.37625000000000003 0.5169172932330827 0.0325 0.13157894736842105
1 0.41625 0.6033834586466165 0.0425 0.16917293233082706
1 0.45 0.7894736842105263 0.085 0.3157894736842105
1 0.48125 0.6823308270676691 0.0575 0.22180451127819548
1 0.49625 0.5902255639097744 0.0375 0.14285714285714285
1 0.42375 0.5150375939849624 0.0225 0.09022556390977443
1 0.54875 0.599624060150376 0.0425 0.15413533834586465
1 0.5575 0.6447368421052632 0.05 0.19172932330827067
1 0.595 0.8233082706766917 0.085 0.3082706766917293
1 0.68875 0.7650375939849624 0.0725 0.2744360902255639
1 0.665 0.6635338345864661 0.055 0.19924812030075187
1 0.60875 0.6109022556390977 0.0475 0.17669172932330826
1 0.62 0.5676691729323308 0.035 0.13533834586466165
1 0.66125 0.5864661654135338 0.0375 0.13533834586466165
1 0.6975 0.6278195488721804 0.045 0.17293233082706766
1 0.7175 0.5695488721804511 0.035 0.13157894736842105
1 0.75375 0.5958646616541353 0.0425 0.16165413533834586
1 0.76375 0.6898496240601504 0.0625 0.23684210526315788
1 0.77875 0.5883458646616541 0.0425 0.16165413533834586
1 0.8025 0.5808270676691729 0.035 0.13157894736842105
1 0.8225 0.6522556390977443 0.055 0.19924812030075187
1 0.8375 0.6353383458646616 0.05 0.18796992481203006
1 0.85875 0.6033834586466165 0.0375 0.14661654135338345
1 0.885 0.5864661654135338 0.04 0.15037593984962405
1 0.8575 0.8101503759398496 0.09 0.3421052631578947
1 0.89375 0.7424812030075187 0.0775 0.2894736842105263
1 0.91 0.7011278195488722 0.07 0.26691729323308266
1 0.95375 0.6372180451127819 0.0475 0.17669172932330826
1 0.97375 0.599624060150376 0.0325 0.13157894736842105
1 0.9875 0.5169172932330827 0.02 0.08646616541353383
1 0.9625 0.5263157894736842 0.025 0.10526315789473684
1 0.93125 0.5300751879699248 0.0275 0.10526315789473684
1 0.9137500000000001 0.5206766917293233 0.0225 0.09398496240601503
1 0.88375 0.5093984962406015 0.0225 0.07894736842105263
1 0.86 0.518796992481203 0.02 0.08270676691729323
1 0.8425 0.513157894736842 0.03 0.10902255639097744
1 0.80875 0.513157894736842 0.0225 0.09398496240601503
1 0.785 0.518796992481203 0.025 0.09022556390977443
1 0.66125 0.5037593984962405 0.0275 0.09774436090225563
1 0.65125 0.4906015037593985 0.0225 0.07894736842105263
1 0.675 0.4981203007518797 0.025 0.09398496240601503
1 0.02 0.41353383458646614 0.015 0.03759398496240601
1 0.00875 0.42293233082706766 0.0125 0.04887218045112782
1 0.01125 0.49248120300751874 0.0225 0.07518796992481203
1 0.0225 0.5657894736842105 0.03 0.07142857142857142
1 0.03125 0.45112781954887216 0.0225 0.045112781954887216
1 0.0925 0.43045112781954886 0.025 0.04887218045112782
1 0.08125 0.44924812030075184 0.0225 0.03383458646616541
1 0.10375000000000001 0.44924812030075184 0.0175 0.041353383458646614
1 0.13125 0.46240601503759393 0.0325 0.03759398496240601
1 0.155 0.4548872180451128 0.01 0.03007518796992481
1 0.1675 0.45676691729323304 0.015 0.02631578947368421
1 0.1825 0.4548872180451128 0.015 0.045112781954887216
1 0.19875 0.45676691729323304 0.0175 0.041353383458646614
1 0.215 0.49248120300751874 0.02 0.03759398496240601
1 0.2275 0.49436090225563906 0.02 0.05639097744360902
1 0.26 0.5169172932330827 0.025 0.07894736842105263
1 0.27 0.48120300751879697 0.03 0.045112781954887216
1 0.3 0.4981203007518797 0.015 0.06390977443609022
1 0.2925 0.5488721804511278 0.03 0.07518796992481203
1 0.27625 0.5601503759398496 0.0375 0.09774436090225563
1 0.325 0.5432330827067668 0.03 0.07142857142857142
1 0.40375 0.537593984962406 0.0175 0.06766917293233082
1 0.43875000000000003 0.5469924812030075 0.0275 0.06390977443609022
1 0.46 0.5451127819548872 0.02 0.06015037593984962
1 0.45375 0.49624060150375937 0.0225 0.045112781954887216
1 0.47625 0.4849624060150376 0.0175 0.045112781954887216
1 0.49125 0.4830827067669173 0.0175 0.041353383458646614
1 0.505 0.47932330827067665 0.02 0.04887218045112782
1 0.52125 0.4755639097744361 0.0225 0.05639097744360902
1 0.5425 0.48120300751879697 0.02 0.05263157894736842
1 0.56375 0.48120300751879697 0.0225 0.06766917293233082
1 0.59875 0.4849624060150376 0.0375 0.05263157894736842
1 0.6375000000000001 0.47744360902255634 0.02 0.045112781954887216
1 0.6925 0.46616541353383456 0.015 0.03759398496240601
1 0.5675 0.5319548872180451 0.025 0.05639097744360902
1 0.5825 0.5338345864661653 0.02 0.05263157894736842
1 0.5975 0.5338345864661653 0.02 0.06015037593984962
1 0.76 0.4755639097744361 0.02 0.041353383458646614
1 0.915 0.45676691729323304 0.015 0.02631578947368421
1 0.93375 0.46616541353383456 0.0125 0.03759398496240601
1 0.9450000000000001 0.48684210526315785 0.015 0.04887218045112782
1 0.9862500000000001 0.45676691729323304 0.0175 0.03383458646616541
1 0.9762500000000001 0.48872180451127817 0.0225 0.045112781954887216
1 0.25 0.8458646616541353 0.12 0.2932330827067669
1 0.5825 0.650375939849624 0.05 0.14285714285714285
1 0.92875 0.8740601503759398 0.1375 0.22932330827067668
