1 0.0675 0.5900000000000001 0.125 0.4066666666666667
1 0.12125 0.5766666666666667 0.1375 0.45333333333333337
1 0.18 0.5716666666666667 0.135 0.45
1 0.24375 0.5783333333333334 0.1375 0.4566666666666667
1 0.335 0.5666666666666667 0.145 0.48000000000000004
1 0.3925 0.5666666666666667 0.15 0.4866666666666667
1 0.465 0.555 0.155 0.51
1 0.55875 0.56 0.1575 0.5133333333333334
1 0.645 0.555 0.16 0.5233333333333333
1 0.75 0.55 0.155 0.5133333333333334
1 0.84375 0.5316666666666667 0.17250000000000001 0.5700000000000001
1 0.92625 0.5383333333333333 0.1475 0.5766666666666667
