1 0.078 0.7876506024096386 0.1 0.36445783132530124
1 0.12 0.7801204819277109 0.10400000000000001 0.3795180722891566
1 0.19 0.7771084337349398 0.1 0.3674698795180723
1 0.266 0.7756024096385542 0.1 0.3704819277108434
1 0.333 0.7695783132530121 0.10200000000000001 0.38253012048192775
1 0.399 0.7725903614457832 0.106 0.3885542168674699
1 0.482 0.7635542168674699 0.10400000000000001 0.38253012048192775
1 0.553 0.7515060240963856 0.106 0.39457831325301207
1 0.516 0.7530120481927711 0.10400000000000001 0.3795180722891566
1 0.585 0.7409638554216867 0.098 0.3674698795180723
1 0.627 0.75 0.10200000000000001 0.3795180722891566
1 0.6960000000000001 0.75 0.10400000000000001 0.3795180722891566
1 0.769 0.7394578313253013 0.106 0.39457831325301207
1 0.795 0.730421686746988 0.098 0.3704819277108434
1 0.859 0.7274096385542169 0.098 0.3704819277108434
1 0.875 0.6912650602409639 0.106 0.40060240963855426
1 0.159 0.5963855421686747 0.046 0.060240963855421686
1 0.17500000000000002 0.6265060240963856 0.034 0.07228915662650603
1 0.209 0.5587349397590362 0.034 0.06325301204819278
1 0.197 0.5256024096385542 0.042 0.08132530120481928
1 0.241 0.5045180722891567 0.038 0.06325301204819278
1 0.268 0.5075301204819277 0.032 0.03313253012048193
1 0.243 0.5557228915662651 0.03 0.05120481927710844
1 0.231 0.6099397590361446 0.038 0.05120481927710844
1 0.276 0.572289156626506 0.048 0.06626506024096386
1 0.301 0.5813253012048193 0.03 0.0783132530120482
1 0.313 0.5060240963855422 0.034 0.05421686746987952
1 0.343 0.5015060240963856 0.034 0.06927710843373494
1 0.33 0.552710843373494 0.04 0.045180722891566265
1 0.354 0.5873493975903614 0.044 0.08433734939759037
1 0.395 0.549698795180723 0.026000000000000002 0.045180722891566265
1 0.383 0.536144578313253 0.034 0.04819277108433735
1 0.385 0.4984939759036145 0.034 0.05120481927710844
1 0.429 0.5090361445783133 0.026000000000000002 0.04819277108433735
1 0.425 0.6129518072289157 0.054 0.11746987951807229
1 0.441 0.5376506024096386 0.034 0.08132530120481928
1 0.454 0.5512048192771085 0.024 0.07228915662650603
1 0.47400000000000003 0.5617469879518072 0.056 0.08734939759036145
1 0.49 0.5045180722891567 0.028 0.05120481927710844
1 0.517 0.4924698795180723 0.062 0.07530120481927711
1 0.522 0.552710843373494 0.028 0.057228915662650606
1 0.551 0.5180722891566265 0.03 0.06626506024096386
1 0.59 0.5346385542168675 0.032 0.06325301204819278
1 0.601 0.4743975903614458 0.038 0.05120481927710844
1 0.622 0.5105421686746988 0.036000000000000004 0.07530120481927711
1 0.668 0.4984939759036145 0.032 0.08734939759036145
1 0.647 0.5376506024096386 0.03 0.045180722891566265
1 0.656 0.5753012048192772 0.04 0.08433734939759037
1 0.687 0.516566265060241 0.038 0.08734939759036145
1 0.7030000000000001 0.4864457831325301 0.03 0.05120481927710844
1 0.726 0.4984939759036145 0.036000000000000004 0.06325301204819278
1 0.749 0.4864457831325301 0.026000000000000002 0.06325301204819278
1 0.78 0.4774096385542169 0.048 0.08132530120481928
1 0.784 0.536144578313253 0.036000000000000004 0.07228915662650603
1 0.736 0.5512048192771085 0.04 0.07228915662650603
1 0.713 0.5647590361445783 0.03 0.06927710843373494
1 0.836 0.5376506024096386 0.036000000000000004 0.08132530120481928
