1 0.0235 0.5203007518796993 0.013000000000000001 0.05112781954887218
1 0.006500000000000001 0.5157894736842106 0.013000000000000001 0.0481203007518797
1 0.09 0.5082706766917293 0.006 0.02706766917293233
1 0.097 0.5007518796992482 0.008 0.030075187969924814
1 0.105 0.5007518796992482 0.008 0.030075187969924814
1 0.111 0.4992481203007519 0.006 0.02706766917293233
1 0.115 0.49774436090225566 0.008 0.030075187969924814
1 0.1205 0.5007518796992482 0.005 0.02406015037593985
1 0.1285 0.5 0.007 0.02556390977443609
1 0.133 0.4947368421052632 0.006 0.02406015037593985
1 0.1475 0.5045112781954888 0.007 0.02556390977443609
1 0.1625 0.51203007518797 0.009000000000000001 0.03759398496240602
1 0.169 0.5082706766917293 0.008 0.0330827067669173
1 0.289 0.5969924812030075 0.062 0.2285714285714286
1 0.259 0.5774436090225564 0.044 0.16541353383458648
1 0.23600000000000002 0.5609022556390978 0.036000000000000004 0.13533834586466167
1 0.226 0.5533834586466165 0.034 0.12330827067669174
1 0.355 0.593233082706767 0.062 0.22706766917293233
1 0.33 0.5593984962406016 0.036000000000000004 0.1323308270676692
1 0.3085 0.5759398496240602 0.047 0.17142857142857143
1 0.365 0.5721804511278196 0.044 0.16691729323308271
1 0.379 0.5548872180451128 0.03 0.1142857142857143
1 0.41100000000000003 0.5684210526315789 0.04 0.1473684210526316
1 0.4285 0.5834586466165413 0.055 0.20451127819548873
1 0.4915 0.5864661654135339 0.051000000000000004 0.1924812030075188
1 0.46900000000000003 0.5654135338345865 0.042 0.15639097744360902
1 0.4435 0.5646616541353384 0.037 0.1368421052631579
1 0.543 0.575187969924812 0.04 0.1518796992481203
1 0.5665 0.5842105263157895 0.053 0.19699248120300752
1 0.602 0.6601503759398497 0.11 0.4030075187969925
1 0.6245 0.5834586466165413 0.047 0.1774436090225564
1 0.8235 0.7639097744360903 0.123 0.45413533834586467
1 0.9705 0.5571428571428572 0.031 0.11278195488721805
1 0.3885 0.5458646616541354 0.033 0.12030075187969926
1 0.276 0.5150375939849624 0.022 0.0406015037593985
1 0.325 0.5127819548872181 0.014 0.039097744360902256
1 0.3435 0.4962406015037594 0.017 0.02706766917293233
1 0.465 0.8924812030075189 0.358 0.09774436090225565
