1 0.5135714285714286 0.423 0.4357142857142857 0.746
1 0.20285714285714285 0.3375 0.08857142857142856 0.155
1 0.16285714285714287 0.3415 0.08285714285714285 0.145
1 0.10714285714285714 0.3295 0.05714285714285714 0.097
1 0.7635714285714286 0.356 0.11285714285714285 0.196
1 0.8185714285714286 0.3205 0.07714285714285714 0.133
1 0.9485714285714286 0.3245 0.05714285714285714 0.099
1 0.9228571428571428 0.3075 0.05142857142857143 0.08700000000000001
1 0.285 0.2975 0.03857142857142857 0.069
1 0.017857142857142856 0.2945 0.03571428571428571 0.091
1 0.25785714285714284 0.2905 0.04428571428571428 0.075
1 0.3142857142857143 0.2885 0.037142857142857144 0.065
1 0.7121428571428572 0.2935 0.041428571428571426 0.073
1 0.8557142857142858 0.2805 0.03428571428571429 0.061
1 0.6357142857142857 0.322 0.06 0.10400000000000001
