1 0.19316789215686275 0.7853349673202614 0.08731617647058823 0.2839052287581699
1 0.43152573529411764 0.7397875816993464 0.08363970588235294 0.2720588235294118
1 0.40150122549019607 0.6352124183006537 0.07689950980392157 0.25163398692810457
1 0.5652573529411765 0.6401143790849674 0.07720588235294118 0.2508169934640523
1 0.5995710784313726 0.6258169934640523 0.06801470588235294 0.22222222222222224
1 0.5238970588235294 0.5191993464052288 0.051470588235294115 0.16830065359477125
1 0.40456495098039214 0.34885620915032683 0.04136029411764706 0.13480392156862744
1 0.5323223039215687 0.18995098039215688 0.027879901960784312 0.09068627450980392
1 0.6809129901960784 0.5753676470588236 0.06587009803921569 0.2152777777777778
1 0.914828431372549 0.604983660130719 0.06678921568627451 0.2181372549019608
1 0.9454656862745098 0.5132761437908497 0.05269607843137255 0.17116013071895425
1 0.9324448529411764 0.27246732026143794 0.03278186274509804 0.10702614379084968
1 0.01685049019607843 0.7504084967320261 0.03370098039215686 0.10049019607843138
