1 0.16502463054187191 0.45555555555555555 0.10344827586206896 0.3851851851851852
1 0.23891625615763548 0.46296296296296297 0.09852216748768473 0.3703703703703704
1 0.32019704433497537 0.4425925925925926 0.10837438423645321 0.41111111111111115
1 0.39655172413793105 0.4462962962962963 0.10837438423645321 0.41111111111111115
1 0.45320197044334976 0.45 0.10344827586206896 0.3814814814814815
1 0.5197044334975369 0.4425925925925926 0.10837438423645321 0.3962962962962963
1 0.5788177339901478 0.4518518518518519 0.10344827586206896 0.3925925925925926
1 0.6379310344827587 0.4444444444444445 0.09852216748768473 0.3703703703703704
1 0.7019704433497537 0.4462962962962963 0.09852216748768473 0.3666666666666667
1 0.7536945812807881 0.4444444444444445 0.08866995073891626 0.33333333333333337
1 0.8029556650246306 0.4388888888888889 0.09852216748768473 0.3666666666666667
1 0.8571428571428572 0.44074074074074077 0.09359605911330049 0.34074074074074073
1 0.23275862068965517 0.55 0.0665024630541872 0.24074074074074076
1 0.30049261083743845 0.5833333333333334 0.06403940886699508 0.2111111111111111
1 0.3522167487684729 0.5666666666666667 0.06403940886699508 0.22962962962962963
1 0.4064039408866995 0.5462962962962963 0.07881773399014778 0.2777777777777778
1 0.47413793103448276 0.5314814814814816 0.07142857142857142 0.2111111111111111
1 0.5258620689655172 0.5037037037037038 0.046798029556650245 0.14814814814814814
1 0.5591133004926109 0.5092592592592593 0.054187192118226604 0.16666666666666669
1 0.6169950738916257 0.5203703703703704 0.046798029556650245 0.18888888888888888
1 0.666256157635468 0.5481481481481482 0.0665024630541872 0.22222222222222224
1 0.7253694581280788 0.5203703703703704 0.05665024630541872 0.23333333333333334
1 0.7980295566502463 0.5351851851851852 0.06896551724137931 0.24814814814814815
1 0.875615763546798 0.5222222222222223 0.0665024630541872 0.23703703703703705
1 0.5443349753694582 0.6240740740740741 0.18226600985221675 0.12222222222222223
