1 0.134 0.7350299401197605 0.08 0.2964071856287425
1 0.181 0.6706586826347306 0.058 0.2155688622754491
1 0.058 0.6437125748502994 0.048 0.18562874251497008
1 0.109 0.6646706586826348 0.05 0.19161676646706588
1 0.248 0.6961077844311377 0.06 0.23053892215568864
1 0.318 0.7305389221556887 0.088 0.3293413173652695
1 0.37 0.6811377245508983 0.056 0.2065868263473054
1 0.536 0.751497005988024 0.10400000000000001 0.38323353293413176
1 0.761 0.7559880239520959 0.082 0.3083832335329342
1 0.586 0.6661676646706587 0.04 0.15269461077844312
1 0.659 0.7230538922155689 0.034 0.12275449101796408
1 0.68 0.7050898203592815 0.044 0.16467065868263475
1 0.614 0.6437125748502994 0.028 0.10179640718562875
1 0.453 0.6332335329341318 0.03 0.11077844311377247
1 0.645 0.6736526946107785 0.042 0.16167664670658682
1 0.8260000000000001 0.751497005988024 0.064 0.23952095808383234
1 0.849 0.6631736526946108 0.042 0.15868263473053892
1 0.963 0.6811377245508983 0.046 0.17664670658682635
1 0.981 0.6961077844311377 0.038 0.18263473053892218
1 0.057 0.7290419161676647 0.08600000000000001 0.22455089820359284
1 0.159 0.5853293413173654 0.026000000000000002 0.05089820359281438
1 0.114 0.5778443113772456 0.036000000000000004 0.05389221556886228
1 0.213 0.62874251497006 0.03 0.11377245508982037
1 0.871 0.6362275449101796 0.03 0.0688622754491018
