1 0.15673828125 0.4348462664714495 0.1083984375 0.39824304538799415
1 0.2294921875 0.27232796486090777 0.08203125 0.30453879941434847
1 0.27099609375 0.38872620790629575 0.1318359375 0.4875549048316252
1 0.298828125 0.27159590043923865 0.08203125 0.30014641288433386
1 0.38818359375 0.21449487554904834 0.0537109375 0.2005856515373353
1 0.40283203125 0.4546120058565154 0.0849609375 0.31478770131771594
1 0.50927734375 0.4934114202049781 0.0771484375 0.2840409956076135
1 0.57470703125 0.41215226939970717 0.1298828125 0.4787701317715959
1 0.541015625 0.18887262079062958 0.033203125 0.1259150805270864
1 0.4404296875 0.2650073206442167 0.07421875 0.2752562225475842
1 0.9365234375 0.1581259150805271 0.02734375 0.1054172767203514
1 0.96923828125 0.15373352855051245 0.0322265625 0.1171303074670571
1 0.990234375 0.1581259150805271 0.01953125 0.11420204978038068
1 0.14453125 0.17496339677891654 0.02734375 0.10395314787701318
1 0.02294921875 0.17423133235724744 0.0302734375 0.11420204978038068
