1 0.024 0.5840840840840841 0.044 0.15915915915915915
1 0.048 0.5765765765765766 0.048 0.18018018018018017
1 0.083 0.5705705705705706 0.046 0.16816816816816815
1 0.109 0.5765765765765766 0.046 0.17417417417417416
1 0.137 0.5705705705705706 0.042 0.16216216216216217
1 0.163 0.6036036036036035 0.07 0.25825825825825827
1 0.213 0.5975975975975976 0.062 0.23423423423423423
1 0.247 0.6006006006006006 0.058 0.21621621621621623
1 0.273 0.596096096096096 0.058 0.21921921921921922
1 0.3 0.6021021021021021 0.052000000000000005 0.19519519519519518
1 0.331 0.6126126126126126 0.078 0.2882882882882883
1 0.383 0.6171171171171171 0.07 0.26126126126126126
1 0.41300000000000003 0.6306306306306306 0.078 0.29429429429429427
1 0.443 0.6246246246246246 0.074 0.2822822822822823
1 0.47500000000000003 0.6261261261261262 0.066 0.24324324324324323
1 0.523 0.6306306306306306 0.08600000000000001 0.3123123123123123
1 0.556 0.6381381381381381 0.076 0.2852852852852853
1 0.582 0.6366366366366366 0.068 0.24624624624624625
1 0.597 0.6186186186186187 0.07 0.25825825825825827
1 0.634 0.6471471471471472 0.092 0.33933933933933935
1 0.665 0.6426426426426426 0.08600000000000001 0.3123123123123123
1 0.677 0.6306306306306306 0.078 0.2882882882882883
1 0.7020000000000001 0.6231231231231231 0.07200000000000001 0.26726726726726724
1 0.721 0.6261261261261262 0.062 0.23123123123123124
1 0.738 0.6141141141141141 0.056 0.2072072072072072
1 0.757 0.6066066066066066 0.05 0.18618618618618618
1 0.775 0.5915915915915916 0.054 0.1981981981981982
1 0.792 0.512012012012012 0.028 0.10510510510510511
1 0.843 0.5105105105105106 0.03 0.10810810810810811
1 0.93 0.47297297297297297 0.028 0.10510510510510511
1 0.9570000000000001 0.47297297297297297 0.026000000000000002 0.10510510510510511
1 0.799 0.3918918918918919 0.022 0.08708708708708708
1 0.835 0.44594594594594594 0.026000000000000002 0.09309309309309309
1 0.786 0.3918918918918919 0.024 0.08708708708708708
1 0.871 0.24624624624624625 0.018000000000000002 0.06606606606606606
1 0.226 0.512012012012012 0.016 0.03903903903903904
1 0.29 0.515015015015015 0.02 0.03903903903903904
1 0.356 0.506006006006006 0.02 0.03303303303303303
1 0.247 0.44144144144144143 0.014 0.03003003003003003
1 0.225 0.4624624624624625 0.01 0.036036036036036036
1 0.262 0.43543543543543545 0.012 0.024024024024024024
1 0.276 0.4369369369369369 0.012 0.02702702702702703
1 0.487 0.29429429429429427 0.018000000000000002 0.04804804804804805
1 0.505 0.2972972972972973 0.014 0.04204204204204204
1 0.663 0.33483483483483484 0.018000000000000002 0.03903903903903904
1 0.786 0.31681681681681684 0.028 0.057057057057057055
1 0.894 0.25075075075075076 0.02 0.03903903903903904
1 0.874 0.4159159159159159 0.02 0.04504504504504504
1 0.856 0.39039039039039036 0.02 0.036036036036036036
1 0.843 0.38738738738738737 0.026000000000000002 0.03003003003003003
1 0.839 0.36336336336336333 0.022 0.03003003003003003
1 0.856 0.36486486486486486 0.016 0.03903903903903904
1 0.875 0.3663663663663664 0.014 0.04204204204204204
1 0.011 0.515015015015015 0.01 0.03303303303303303
1 0.482 0.509009009009009 0.02 0.04504504504504504
1 0.497 0.5075075075075075 0.014 0.036036036036036036
1 0.735 0.29429429429429427 0.018000000000000002 0.03003003003003003
