1 0.136 0.8463855421686748 0.076 0.27710843373493976
1 0.232 0.835843373493976 0.076 0.2801204819277109
1 0.429 0.838855421686747 0.078 0.286144578313253
1 0.501 0.8418674698795181 0.062 0.22590361445783133
1 0.641 0.8433734939759037 0.074 0.28313253012048195
1 0.7000000000000001 0.8418674698795181 0.068 0.2560240963855422
1 0.771 0.858433734939759 0.062 0.23493975903614459
1 0.856 0.8569277108433735 0.07200000000000001 0.2620481927710844
1 0.8140000000000001 0.8102409638554218 0.04 0.1566265060240964
1 0.912 0.8403614457831325 0.06 0.22891566265060243
1 0.976 0.8493975903614458 0.048 0.27108433734939763
1 0.9560000000000001 0.8328313253012049 0.056 0.213855421686747
1 0.533 0.819277108433735 0.058 0.21686746987951808
1 0.609 0.8268072289156627 0.054 0.20180722891566266
1 0.5680000000000001 0.8102409638554218 0.048 0.1746987951807229
1 0.546 0.8072289156626506 0.048 0.18674698795180725
1 0.368 0.8072289156626506 0.04 0.1566265060240964
1 0.385 0.8042168674698795 0.042 0.1566265060240964
1 0.306 0.8087349397590362 0.052000000000000005 0.1957831325301205
1 0.398 0.7951807228915663 0.044 0.16265060240963855
1 0.018000000000000002 0.7003012048192772 0.028 0.08132530120481928
1 0.07100000000000001 0.7123493975903615 0.018000000000000002 0.05120481927710844
1 0.09 0.713855421686747 0.016 0.03614457831325302
1 0.105 0.7183734939759037 0.014 0.0391566265060241
1 0.122 0.7274096385542169 0.016 0.045180722891566265
1 0.152 0.7168674698795181 0.024 0.060240963855421686
1 0.178 0.7274096385542169 0.02 0.06325301204819278
1 0.271 0.7364457831325302 0.018000000000000002 0.057228915662650606
1 0.249 0.7123493975903615 0.022 0.05120481927710844
1 0.328 0.7319277108433735 0.02 0.042168674698795185
1 0.35100000000000003 0.7289156626506025 0.018000000000000002 0.04819277108433735
1 0.739 0.7424698795180723 0.03 0.06927710843373494
1 0.89 0.7530120481927711 0.04 0.060240963855421686
1 0.8280000000000001 0.7530120481927711 0.016 0.05421686746987952
1 0.661 0.7379518072289157 0.03 0.06626506024096386
