1 0.9562499999999999 0.7177650429799427 0.0875 0.489971346704871
1 0.784375 0.6819484240687679 0.11458333333333333 0.3954154727793696
1 0.6197916666666666 0.7234957020057307 0.16041666666666665 0.5358166189111747
1 0.4354166666666667 0.6905444126074498 0.13333333333333333 0.4469914040114613
1 0.5520833333333334 0.6532951289398281 0.10416666666666667 0.34957020057306587
1 0.284375 0.66189111747851 0.11458333333333333 0.3839541547277937
1 0.32708333333333334 0.6203438395415473 0.07916666666666666 0.26647564469914037
1 0.16979166666666667 0.646131805157593 0.09375 0.32378223495702
1 0.11666666666666667 0.6174785100286533 0.08333333333333333 0.28939828080229224
1 0.06458333333333333 0.6189111747851003 0.07083333333333333 0.2464183381088825
1 0.7010416666666667 0.6060171919770774 0.07291666666666667 0.24355300859598852
1 0.8614583333333333 0.5974212034383954 0.06875 0.2320916905444126
1 0.81875 0.6332378223495702 0.09166666666666666 0.3151862464183381
1 0.019791666666666666 0.5787965616045845 0.03958333333333333 0.13753581661891118
1 0.46979166666666666 0.5616045845272206 0.035416666666666666 0.12607449856733524
1 0.49374999999999997 0.5644699140401146 0.03333333333333333 0.12034383954154727
1 0.18645833333333334 0.4785100286532951 0.01875 0.045845272206303724
1 0.20104166666666667 0.492836676217765 0.01875 0.034383954154727794
1 0.09583333333333333 0.5128939828080229 0.020833333333333332 0.028653295128939826
1 0.23854166666666665 0.5773638968481375 0.022916666666666665 0.06017191977077364
1 0.0375 0.5085959885386819 0.020833333333333332 0.03724928366762178
1 0.921875 0.491404011461318 0.022916666666666665 0.03724928366762178
1 0.40625 0.5114613180515759 0.0375 0.06017191977077364
