1 0.043000000000000003 0.7300884955752213 0.08600000000000001 0.528023598820059
1 0.88 0.7654867256637168 0.12 0.43952802359882004
1 0.752 0.7404129793510325 0.084 0.30678466076696165
1 0.7020000000000001 0.7168141592920354 0.08 0.28908554572271383
1 0.513 0.6740412979351033 0.062 0.2271386430678466
1 0.431 0.6651917404129793 0.058 0.21533923303834807
1 0.372 0.6386430678466076 0.052000000000000005 0.18584070796460178
1 0.335 0.6386430678466076 0.054 0.19174041297935102
1 0.094 0.616519174041298 0.04 0.15339233038348082
1 0.167 0.5958702064896755 0.022 0.08259587020648967
1 0.135 0.5899705014749262 0.022 0.07669616519174041
1 0.251 0.6224188790560472 0.03 0.11799410029498525
1 0.269 0.6297935103244837 0.03 0.11504424778761062
1 0.297 0.6209439528023599 0.038 0.13864306784660768
1 0.073 0.5943952802359882 0.026000000000000002 0.09144542772861357
1 0.056 0.5899705014749262 0.024 0.08849557522123894
1 0.805 0.5678466076696165 0.054 0.07964601769911504
1 0.617 0.5634218289085545 0.03 0.04129793510324484
1 0.531 0.5825958702064896 0.026000000000000002 0.05604719764011799
1 0.448 0.5737463126843658 0.024 0.038348082595870206
1 0.406 0.5501474926253688 0.024 0.04424778761061947
1 0.384 0.5619469026548672 0.024 0.05014749262536873
1 0.28500000000000003 0.5575221238938053 0.018000000000000002 0.035398230088495575
