1 0.2710144927536232 0.6276595744680851 0.17101449275362318 0.5589941972920697
1 0.39710144927536234 0.6092843326885881 0.1072463768115942 0.35203094777562866
1 0.4746376811594203 0.5764023210831721 0.09420289855072464 0.3056092843326886
1 0.572463768115942 0.6054158607350096 0.11884057971014493 0.3868471953578337
1 0.6347826086956522 0.5647969052224372 0.10434782608695653 0.3404255319148936
1 0.6594202898550725 0.5647969052224372 0.08405797101449275 0.2746615087040619
1 0.6934782608695652 0.5406189555125726 0.07681159420289856 0.25338491295938104
1 0.7847826086956522 0.6131528046421664 0.12608695652173912 0.41005802707930367
1 0.8463768115942029 0.5783365570599613 0.09565217391304348 0.3172147001934236
1 0.3463768115942029 0.5715667311411993 0.08985507246376812 0.29206963249516443
1 0.1565217391304348 0.5880077369439072 0.026086956521739132 0.09671179883945842
1 0.20144927536231885 0.4990328820116054 0.02318840579710145 0.061895551257253385
1 0.17681159420289855 0.4990328820116054 0.026086956521739132 0.05029013539651837
1 0.14492753623188406 0.5 0.03188405797101449 0.04835589941972921
1 0.12391304347826088 0.5483558994197292 0.021739130434782608 0.04448742746615087
1 0.12318840579710146 0.437137330754352 0.020289855072463767 0.03868471953578337
1 0.08188405797101449 0.4390715667311412 0.021739130434782608 0.0425531914893617
1 0.21811594202898552 0.4381044487427466 0.021739130434782608 0.029013539651837523
1 0.44420289855072465 0.44294003868471954 0.03333333333333333 0.05415860735009671
1 0.4057971014492754 0.4323017408123791 0.034782608695652174 0.06769825918762089
