1 0.03888888888888889 0.6868852459016394 0.06444444444444444 0.23934426229508196
1 0.17444444444444446 0.6901639344262295 0.06444444444444444 0.23934426229508196
1 0.30444444444444446 0.6836065573770492 0.057777777777777775 0.21311475409836064
1 0.3877777777777778 0.6983606557377049 0.06444444444444444 0.2360655737704918
1 0.26555555555555554 0.7786885245901639 0.051111111111111114 0.19344262295081968
1 0.39555555555555555 0.7639344262295082 0.057777777777777775 0.2098360655737705
1 0.6355555555555555 0.7885245901639344 0.04888888888888889 0.18032786885245902
1 0.8033333333333333 0.7147540983606557 0.06 0.22295081967213115
1 0.93 0.7114754098360656 0.06 0.21639344262295082
1 0.6288888888888889 0.7098360655737704 0.05333333333333333 0.19344262295081968
1 0.5355555555555556 0.44098360655737706 0.035555555555555556 0.13442622950819672
1 0.5811111111111111 0.4344262295081967 0.042222222222222223 0.1540983606557377
1 0.8777777777777778 0.46557377049180326 0.022222222222222223 0.09180327868852459
1 0.8311111111111111 0.46885245901639344 0.022222222222222223 0.08524590163934426
1 0.7955555555555556 0.4721311475409836 0.022222222222222223 0.07868852459016393
1 0.74 0.4704918032786885 0.022222222222222223 0.08196721311475409
1 0.7122222222222222 0.4852459016393443 0.024444444444444446 0.09180327868852459
1 0.6777777777777778 0.48360655737704916 0.026666666666666665 0.09508196721311475
1 0.6544444444444445 0.4901639344262295 0.02 0.08196721311475409
1 0.07555555555555556 0.5491803278688525 0.03111111111111111 0.12131147540983607
1 0.14888888888888888 0.5442622950819672 0.04 0.14426229508196722
1 0.1288888888888889 0.5524590163934426 0.026666666666666665 0.10819672131147541
1 0.19111111111111112 0.5540983606557377 0.035555555555555556 0.1377049180327869
1 0.2288888888888889 0.5426229508196722 0.035555555555555556 0.13442622950819672
1 0.27111111111111114 0.5360655737704918 0.035555555555555556 0.13442622950819672
1 0.29333333333333333 0.5393442622950819 0.035555555555555556 0.13442622950819672
1 0.021111111111111112 0.5770491803278689 0.042222222222222223 0.15737704918032785
1 0.21333333333333332 0.4278688524590164 0.008888888888888889 0.029508196721311476
1 0.19444444444444445 0.4262295081967213 0.006666666666666666 0.03278688524590164
1 0.17333333333333334 0.4262295081967213 0.008888888888888889 0.03278688524590164
1 0.23666666666666666 0.42950819672131146 0.011111111111111112 0.039344262295081964
1 0.2511111111111111 0.45737704918032784 0.017777777777777778 0.06885245901639345
1 0.7733333333333333 0.4180327868852459 0.008888888888888889 0.04262295081967213
1 0.7533333333333333 0.4163934426229508 0.008888888888888889 0.039344262295081964
1 0.7322222222222222 0.4180327868852459 0.006666666666666666 0.036065573770491806
1 0.7122222222222222 0.4163934426229508 0.006666666666666666 0.03278688524590164
1 0.7866666666666666 0.4163934426229508 0.008888888888888889 0.039344262295081964
1 0.8 0.4180327868852459 0.008888888888888889 0.036065573770491806
1 0.8166666666666667 0.4180327868852459 0.006666666666666666 0.036065573770491806
1 0.9566666666666667 0.4459016393442623 0.02 0.07868852459016393
1 0.9344444444444444 0.45081967213114754 0.02 0.07540983606557378
1 0.9211111111111111 0.4459016393442623 0.02 0.07868852459016393
1 0.8944444444444445 0.4540983606557377 0.02 0.06885245901639345
1 0.8555555555555555 0.4491803278688525 0.017777777777777778 0.07213114754098361
1 0.91 0.45737704918032784 0.015555555555555555 0.06229508196721312
1 0.6344444444444445 0.4540983606557377 0.015555555555555555 0.029508196721311476
1 0.6144444444444445 0.4540983606557377 0.02 0.022950819672131147
1 0.7011111111111111 0.4163934426229508 0.015555555555555555 0.019672131147540982
1 0.27444444444444444 0.4311475409836066 0.02 0.029508196721311476
1 0.3022222222222222 0.4278688524590164 0.017777777777777778 0.029508196721311476
1 0.3188888888888889 0.4278688524590164 0.015555555555555555 0.022950819672131147
1 0.3466666666666667 0.42950819672131146 0.017777777777777778 0.03278688524590164
1 0.6811111111111111 0.4131147540983607 0.015555555555555555 0.019672131147540982
