1 0.15660377358490565 0.6938110749185669 0.09056603773584906 0.38436482084690554
1 0.1160377358490566 0.6970684039087948 0.08490566037735849 0.36482084690553745
1 0.057547169811320756 0.6986970684039088 0.08867924528301886 0.3811074918566775
1 0.5622641509433962 0.6889250814332248 0.11320754716981132 0.485342019543974
1 0.7009433962264151 0.7280130293159609 0.07735849056603773 0.3355048859934854
1 0.9650943396226415 0.6938110749185669 0.06981132075471698 0.4429967426710098
1 0.9150943396226415 0.6807817589576548 0.11320754716981132 0.47557003257328995
1 0.8481132075471698 0.7035830618892508 0.1 0.4234527687296417
1 0.7783018867924528 0.7117263843648208 0.08867924528301886 0.3811074918566775
1 0.026415094339622643 0.7035830618892508 0.052830188679245285 0.4234527687296417
1 0.038679245283018866 0.7068403908794788 0.07735849056603773 0.3778501628664495
1 0.36509433962264154 0.32410423452768733 0.07358490566037736 0.18566775244299674
1 0.839622641509434 0.48697068403908794 0.03018867924528302 0.08794788273615635
1 0.38018867924528305 0.6368078175895766 0.18301886792452832 0.47882736156351796
