1 0.19036144578313255 0.5653104925053534 0.1710843373493976 0.7494646680942184
1 0.33313253012048194 0.6370449678800857 0.14819277108433737 0.6488222698072805
1 0.2548192771084338 0.5428265524625268 0.11445783132530121 0.5032119914346895
1 0.9283132530120483 0.6359743040685225 0.14337349397590363 0.6680942184154176
1 0.7963855421686747 0.4421841541755889 0.07710843373493977 0.33618843683083516
1 0.7403614457831326 0.43683083511777304 0.08072289156626507 0.35117773019271953
1 0.577710843373494 0.3993576017130621 0.025301204819277112 0.11349036402569594
1 0.47831325301204825 0.4057815845824411 0.028915662650602414 0.13062098501070665
1 0.4945783132530121 0.38115631691648827 0.022891566265060243 0.10706638115631692
1 0.5216867469879518 0.39828693790149894 0.033734939759036145 0.14561027837259102
1 0.5409638554216868 0.40149892933618847 0.03855421686746988 0.16916488222698073
1 0.5602409638554218 0.39721627408993576 0.026506024096385545 0.11349036402569594
1 0.4367469879518073 0.4593147751605996 0.06385542168674699 0.2762312633832977
1 0.39578313253012054 0.5053533190578159 0.08313253012048194 0.36402569593147754
1 0.03734939759036145 0.4528907922912206 0.06265060240963856 0.27194860813704497
1 0.0921686746987952 0.37687366167023556 0.032530120481927716 0.059957173447537475
1 0.10963855421686748 0.34261241970021417 0.024096385542168676 0.05139186295503212
1 0.35722891566265064 0.3019271948608137 0.04457831325301205 0.11991434689507495
1 0.8656626506024098 0.29122055674518205 0.03493975903614458 0.15417558886509636
1 0.6825301204819277 0.33190578158458245 0.032530120481927716 0.08565310492505354
1 0.6584337349397591 0.3468950749464668 0.020481927710843374 0.07280513918629551
1 0.9710843373493977 0.3329764453961456 0.026506024096385545 0.08779443254817988
1 0.48614457831325303 0.08137044967880086 0.07108433734939759 0.15417558886509636
1 0.6006024096385543 0.07494646680942185 0.08313253012048194 0.14561027837259102
