1 0.24934383202099736 0.6979166666666666 0.04199475065616798 0.2708333333333333
1 0.2795275590551181 0.6944444444444444 0.03937007874015748 0.2777777777777778
1 0.3136482939632546 0.6909722222222222 0.04461942257217848 0.2847222222222222
1 0.3530183727034121 0.704861111111111 0.03937007874015748 0.2708333333333333
1 0.39238845144356954 0.7013888888888888 0.049868766404199474 0.3194444444444444
1 0.42782152230971127 0.7013888888888888 0.047244094488188976 0.3194444444444444
1 0.4776902887139107 0.642361111111111 0.031496062992125984 0.21527777777777776
1 0.6115485564304461 0.71875 0.03674540682414698 0.2569444444444444
1 0.6955380577427821 0.7256944444444444 0.026246719160104987 0.1736111111111111
1 0.7362204724409449 0.7083333333333333 0.023622047244094488 0.16666666666666666
1 0.7585301837270341 0.7326388888888888 0.04199475065616798 0.2708333333333333
1 0.7992125984251969 0.7152777777777778 0.028871391076115485 0.19444444444444442
1 0.8923884514435696 0.6875 0.015748031496062992 0.125
1 0.7204724409448818 0.6631944444444444 0.013123359580052493 0.09027777777777778
1 0.6535433070866141 0.6666666666666666 0.015748031496062992 0.09722222222222221
1 0.6404199475065617 0.6666666666666666 0.015748031496062992 0.09722222222222221
