1 0.5293427230046949 0.5705467372134039 0.09624413145539906 0.3544973544973545
1 0.6232394366197184 0.6084656084656084 0.09154929577464789 0.3350970017636684
1 0.7224178403755869 0.6137566137566137 0.09272300469483569 0.345679012345679
1 0.8210093896713615 0.6349206349206349 0.07863849765258216 0.2927689594356261
1 0.8503521126760564 0.6005291005291005 0.08333333333333333 0.30511463844797176
1 0.6883802816901409 0.599647266313933 0.0715962441314554 0.26807760141093473
1 0.4735915492957747 0.5961199294532628 0.07394366197183098 0.2751322751322751
1 0.44190140845070425 0.5855379188712522 0.06690140845070423 0.25044091710758376
1 0.38967136150234744 0.6164021164021164 0.056338028169014086 0.20987654320987653
1 0.31866197183098594 0.5873015873015872 0.06455399061032864 0.23985890652557318
1 0.3609154929577465 0.5802469135802468 0.062206572769953054 0.2328042328042328
1 0.26173708920187794 0.5864197530864197 0.06103286384976526 0.2275132275132275
1 0.2975352112676056 0.5670194003527337 0.0715962441314554 0.26631393298059963
1 0.18720657276995306 0.5696649029982364 0.09272300469483569 0.345679012345679
1 0.5757042253521127 0.601410934744268 0.06455399061032864 0.23985890652557318
1 0.7816901408450705 0.6313932980599647 0.06572769953051644 0.24691358024691357
1 0.5938967136150235 0.42151675485008816 0.007042253521126761 0.02821869488536155
1 0.602112676056338 0.4206349206349206 0.007042253521126761 0.029982363315696647
1 0.6056338028169014 0.4470899470899471 0.007042253521126761 0.029982363315696647
