1 0.122 0.6756756756756757 0.164 0.6066066066066066
1 0.354 0.6561561561561562 0.164 0.6096096096096096
1 0.614 0.6681681681681682 0.168 0.6156156156156156
1 0.76 0.5645645645645646 0.112 0.42042042042042044
1 0.881 0.6621621621621622 0.15 0.5495495495495496
1 0.47800000000000004 0.5705705705705706 0.092 0.34234234234234234
1 0.52 0.5285285285285285 0.068 0.25225225225225223
1 0.266 0.496996996996997 0.07200000000000001 0.2732732732732733
1 0.169 0.539039039039039 0.10200000000000001 0.3813813813813814
1 0.202 0.5105105105105106 0.068 0.25825825825825827
1 0.8180000000000001 0.5105105105105106 0.056 0.21021021021021022
1 0.083 0.3738738738738739 0.054 0.13513513513513514
1 0.398 0.43243243243243246 0.02 0.06606606606606606
1 0.41100000000000003 0.3858858858858859 0.018000000000000002 0.057057057057057055
1 0.39 0.3813813813813814 0.028 0.04204204204204204
1 0.312 0.4294294294294294 0.024 0.06606606606606606
1 0.679 0.43093093093093093 0.03 0.08708708708708708
1 0.9540000000000001 0.46096096096096095 0.024 0.12912912912912913
