1 0.15156250000000002 0.6595477386934674 0.09375 0.3693467336683417
1 0.24140625000000002 0.6683417085427136 0.09531250000000001 0.37185929648241206
1 0.30859375 0.6670854271356784 0.0890625 0.3492462311557789
1 0.34296875000000004 0.6708542713567839 0.0890625 0.35678391959798994
1 0.40078125000000003 0.6633165829145728 0.0859375 0.3417085427135678
1 0.42578125 0.6633165829145728 0.0859375 0.3417085427135678
1 0.47500000000000003 0.6595477386934674 0.084375 0.3391959798994975
1 0.51796875 0.6620603015075377 0.0890625 0.3492462311557789
1 0.5859375 0.6520100502512562 0.096875 0.3844221105527638
1 0.65 0.6620603015075377 0.08750000000000001 0.3492462311557789
1 0.71484375 0.657035175879397 0.0921875 0.3592964824120603
1 0.7742187500000001 0.6695979899497487 0.0890625 0.3492462311557789
1 0.9148437500000001 0.6545226130653267 0.0921875 0.36432160804020103
1 0.2171875 0.5615577889447236 0.021875000000000002 0.09798994974874373
1 0.8109375000000001 0.507537688442211 0.037500000000000006 0.10552763819095477
