1 0.024 0.7777777777777778 0.032 0.12612612612612611
1 0.067 0.7792792792792793 0.034 0.12912912912912913
1 0.106 0.7912912912912913 0.032 0.12312312312312312
1 0.14300000000000002 0.7792792792792793 0.03 0.11711711711711711
1 0.181 0.7882882882882882 0.034 0.12312312312312312
1 0.22 0.7807807807807807 0.032 0.12012012012012012
1 0.269 0.8333333333333334 0.046 0.17117117117117117
1 0.251 0.7852852852852853 0.03 0.1111111111111111
1 0.296 0.7897897897897898 0.04 0.15015015015015015
1 0.335 0.7837837837837838 0.034 0.12612612612612611
1 0.372 0.7807807807807807 0.044 0.16216216216216217
1 0.40900000000000003 0.8093093093093093 0.05 0.1891891891891892
1 0.432 0.8393393393393394 0.044 0.15915915915915915
1 0.47400000000000003 0.8033033033033034 0.036000000000000004 0.13513513513513514
1 0.509 0.8033033033033034 0.038 0.14714714714714713
1 0.586 0.7972972972972973 0.044 0.16516516516516516
1 0.628 0.8108108108108109 0.04 0.15615615615615616
1 0.682 0.7987987987987988 0.04 0.14414414414414414
1 0.726 0.7957957957957957 0.036000000000000004 0.13813813813813813
1 0.763 0.7867867867867868 0.038 0.14414414414414414
1 0.803 0.7942942942942943 0.038 0.14714714714714713
1 0.855 0.8018018018018018 0.034 0.13213213213213212
1 0.908 0.8033033033033034 0.04 0.15315315315315314
1 0.969 0.7927927927927928 0.042 0.16216216216216217
1 0.5630000000000001 0.6666666666666666 0.018000000000000002 0.0960960960960961
1 0.586 0.6771771771771772 0.024 0.08708708708708708
1 0.616 0.6891891891891891 0.008 0.09309309309309309
1 0.372 0.6756756756756757 0.024 0.06606606606606606
1 0.432 0.6756756756756757 0.032 0.04204204204204204
