1 0.241 0.7730061349693251 0.05 0.19631901840490798
1 0.356 0.7760736196319019 0.048 0.18404907975460122
1 0.465 0.8144171779141105 0.078 0.29141104294478526
1 0.581 0.7944785276073619 0.066 0.24539877300613497
1 0.675 0.7852760736196319 0.058 0.22085889570552147
1 0.733 0.7684049079754601 0.042 0.1687116564417178
1 0.094 0.7515337423312883 0.044 0.16564417177914112
1 0.032 0.7638036809815951 0.032 0.12883435582822086
1 0.13 0.7515337423312883 0.036000000000000004 0.1411042944785276
1 0.159 0.7484662576687117 0.034 0.12883435582822086
1 0.183 0.7469325153374233 0.03 0.1196319018404908
1 0.2 0.7653374233128835 0.024 0.10122699386503067
1 0.215 0.75 0.026000000000000002 0.10736196319018405
1 0.265 0.7055214723926381 0.022 0.08588957055214724
1 0.34 0.74079754601227 0.028 0.10736196319018405
1 0.378 0.745398773006135 0.028 0.10429447852760737
1 0.324 0.5828220858895705 0.024 0.09202453987730061
1 0.365 0.584355828220859 0.022 0.08895705521472393
1 0.517 0.7607361963190185 0.034 0.13496932515337423
1 0.021 0.5276073619631902 0.03 0.11656441717791412
1 0.757 0.7392638036809817 0.022 0.09202453987730061
1 0.776 0.74079754601227 0.024 0.08895705521472393
1 0.798 0.7469325153374233 0.024 0.0950920245398773
1 0.8140000000000001 0.7361963190184049 0.024 0.09202453987730061
1 0.843 0.7515337423312883 0.026000000000000002 0.09815950920245399
1 0.854 0.74079754601227 0.024 0.0950920245398773
1 0.87 0.7377300613496933 0.024 0.08895705521472393
1 0.884 0.74079754601227 0.02 0.08282208588957056
1 0.894 0.7469325153374233 0.024 0.10122699386503067
1 0.907 0.7438650306748467 0.026000000000000002 0.0950920245398773
1 0.92 0.74079754601227 0.024 0.0950920245398773
1 0.933 0.7392638036809817 0.022 0.08588957055214724
1 0.9540000000000001 0.7469325153374233 0.024 0.10122699386503067
1 0.964 0.7423312883435583 0.028 0.10429447852760737
1 0.976 0.7331288343558282 0.02 0.08588957055214724
1 0.098 0.44171779141104295 0.012 0.049079754601226995
1 0.107 0.48619631901840493 0.018000000000000002 0.046012269938650305
1 0.123 0.49233128834355827 0.01 0.03374233128834356
1 0.14200000000000002 0.49693251533742333 0.02 0.024539877300613498
1 0.085 0.47546012269938653 0.014 0.024539877300613498
1 0.069 0.46472392638036814 0.014 0.03374233128834356
1 0.054 0.4570552147239264 0.016 0.024539877300613498
1 0.017 0.46319018404907975 0.014 0.04294478527607362
1 0.186 0.49386503067484666 0.016 0.03680981595092025
1 0.2 0.49693251533742333 0.012 0.024539877300613498
1 0.211 0.5122699386503068 0.01 0.018404907975460124
1 0.215 0.49846625766871167 0.014 0.027607361963190184
1 0.23 0.5184049079754601 0.008 0.024539877300613498
1 0.243 0.5368098159509203 0.014 0.03680981595092025
1 0.246 0.504601226993865 0.012 0.02147239263803681
1 0.254 0.5230061349693251 0.008 0.015337423312883436
1 0.266 0.5444785276073619 0.012 0.027607361963190184
1 0.275 0.5276073619631902 0.01 0.012269938650306749
1 0.271 0.5122699386503068 0.01 0.018404907975460124
1 0.28600000000000003 0.5153374233128835 0.008 0.012269938650306749
1 0.291 0.5306748466257669 0.006 0.012269938650306749
1 0.28500000000000003 0.5429447852760736 0.01 0.024539877300613498
