1 0.08181818181818182 0.7543554006968641 0.07272727272727272 0.33797909407665505
1 0.1618181818181818 0.7142857142857143 0.05818181818181818 0.2787456445993031
1 0.18636363636363637 0.6672473867595818 0.04181818181818182 0.20557491289198607
1 0.2609090909090909 0.7543554006968641 0.06727272727272728 0.3240418118466899
1 0.30363636363636365 0.6986062717770035 0.05454545454545454 0.2682926829268293
1 0.4409090909090909 0.6794425087108014 0.06 0.2857142857142857
1 0.49272727272727274 0.7369337979094077 0.07272727272727272 0.34494773519163763
1 0.639090909090909 0.7247386759581882 0.07454545454545454 0.3554006968641115
1 0.6072727272727273 0.6933797909407665 0.06545454545454546 0.30662020905923343
1 0.5327272727272727 0.6498257839721254 0.05090909090909091 0.24041811846689895
1 0.5627272727272727 0.662020905923345 0.04909090909090909 0.23693379790940766
1 0.6845454545454546 0.6445993031358885 0.04181818181818182 0.20209059233449478
1 0.7345454545454545 0.6602787456445993 0.05454545454545454 0.2682926829268293
1 0.8054545454545454 0.7038327526132404 0.06545454545454546 0.313588850174216
1 0.8627272727272727 0.6916376306620209 0.06 0.289198606271777
1 0.9372727272727273 0.6829268292682927 0.05272727272727273 0.2578397212543554
1 0.9681818181818181 0.5435540069686411 0.02 0.10452961672473868
1 0.11454545454545455 0.6376306620209059 0.03272727272727273 0.1602787456445993
