1 0.013333333333333332 0.6915 0.026666666666666665 0.169
1 0.024333333333333332 0.687 0.04466666666666667 0.164
1 0.045 0.6895 0.054 0.199
1 0.059666666666666666 0.705 0.049999999999999996 0.182
1 0.08766666666666667 0.715 0.05533333333333333 0.20600000000000002
1 0.126 0.733 0.064 0.234
1 0.104 0.724 0.056 0.20800000000000002
1 0.14933333333333332 0.7445 0.06666666666666667 0.247
1 0.18 0.7505000000000001 0.072 0.265
1 0.22566666666666665 0.747 0.08866666666666666 0.326
1 0.2683333333333333 0.778 0.08733333333333333 0.322
1 0.31966666666666665 0.779 0.09666666666666666 0.354
1 0.40099999999999997 0.8005 0.106 0.391
1 0.481 0.7975 0.10466666666666666 0.383
1 0.6363333333333333 0.794 0.10733333333333334 0.394
1 0.5509999999999999 0.798 0.102 0.376
1 0.72 0.7855 0.11733333333333333 0.429
1 0.7746666666666666 0.8140000000000001 0.10133333333333333 0.37
1 0.8376666666666667 0.807 0.10066666666666667 0.37
1 0.8766666666666666 0.782 0.09333333333333332 0.342
1 0.9153333333333333 0.7775 0.08399999999999999 0.307
1 0.9413333333333334 0.7595000000000001 0.07733333333333334 0.28500000000000003
1 0.9633333333333333 0.753 0.07333333333333333 0.28
1 0.9743333333333333 0.7275 0.051333333333333335 0.257
1 0.371 0.646 0.020666666666666667 0.09
1 0.41233333333333333 0.619 0.016666666666666666 0.064
1 0.513 0.6295000000000001 0.04066666666666666 0.095
1 0.443 0.6315000000000001 0.038 0.063
1 0.5843333333333333 0.6245 0.03266666666666666 0.07100000000000001
1 0.6736666666666666 0.6375000000000001 0.041999999999999996 0.077
1 0.8016666666666666 0.6415 0.018 0.043000000000000003
1 0.82 0.632 0.017333333333333333 0.038
1 0.762 0.631 0.03866666666666667 0.03
1 0.7766666666666666 0.613 0.018666666666666665 0.032
