1 0.5416666666666667 0.5688888888888889 0.25 0.8133333333333334
1 0.2391666666666667 0.5522222222222222 0.26166666666666666 0.8555555555555555
1 0.32666666666666666 0.4666666666666667 0.15333333333333335 0.5066666666666667
1 0.36833333333333335 0.4022222222222222 0.14 0.4622222222222222
1 0.4441666666666667 0.43 0.11833333333333335 0.3933333333333333
1 0.12666666666666668 0.3877777777777778 0.11666666666666667 0.3844444444444444
1 0.10250000000000001 0.3477777777777778 0.07833333333333334 0.26
1 0.05333333333333334 0.34444444444444444 0.07333333333333333 0.24
1 0.8308333333333334 0.48 0.225 0.7377777777777778
1 0.9166666666666667 0.5166666666666667 0.16666666666666669 0.7444444444444445
1 0.18916666666666668 0.2222222222222222 0.058333333333333334 0.057777777777777775
1 0.07083333333333333 0.2544444444444444 0.028333333333333335 0.07333333333333333
1 0.2833333333333333 0.2644444444444444 0.03666666666666667 0.09333333333333334
1 0.4216666666666667 0.22333333333333333 0.030000000000000002 0.08222222222222222
1 0.4841666666666667 0.22 0.03166666666666667 0.07111111111111111
1 0.675 0.2544444444444444 0.05333333333333334 0.06
1 0.7300000000000001 0.23555555555555555 0.05333333333333334 0.11555555555555555
1 0.785 0.20777777777777778 0.04 0.12666666666666668
1 0.6933333333333334 0.48 0.11333333333333334 0.3022222222222222
1 0.8758333333333334 0.18333333333333332 0.03833333333333334 0.12666666666666668
