1 0.035 0.5598859315589354 0.0625 0.2376425855513308
1 0.09 0.5903041825095057 0.0725 0.2718631178707224
1 0.170625 0.5826996197718631 0.08125 0.30228136882129275
1 0.233125 0.5579847908745247 0.06625 0.25285171102661597
1 0.295 0.591254752851711 0.0825 0.30798479087452474
1 0.3325 0.5769961977186312 0.0775 0.2946768060836502
1 0.445625 0.5874524714828897 0.08125 0.3041825095057034
1 0.41250000000000003 0.5598859315589354 0.07 0.26045627376425856
1 0.491875 0.561787072243346 0.08125 0.30228136882129275
1 0.545 0.5950570342205324 0.085 0.3193916349809886
1 0.56875 0.5532319391634981 0.07 0.2661596958174905
1 0.639375 0.5884030418250951 0.08375 0.31368821292775667
1 0.68125 0.5779467680608364 0.075 0.27756653992395436
1 0.711875 0.6036121673003803 0.07875 0.2946768060836502
1 0.7975 0.5988593155893536 0.0825 0.3041825095057034
1 0.85 0.5998098859315589 0.07 0.26425855513307983
1 0.883125 0.5893536121673004 0.07875 0.2965779467680608
1 0.946875 0.5760456273764258 0.06625 0.24714828897338403
