1 0.15 0.7298507462686568 0.04285714285714286 0.17611940298507464
1 0.18660714285714286 0.7432835820895523 0.0375 0.16119402985074627
1 0.22678571428571428 0.7492537313432835 0.04285714285714286 0.18507462686567164
1 0.26607142857142857 0.7671641791044777 0.03571428571428571 0.15522388059701492
1 0.30357142857142855 0.7776119402985074 0.04285714285714286 0.17611940298507464
1 0.34285714285714286 0.7805970149253731 0.04285714285714286 0.17611940298507464
1 0.3794642857142857 0.7791044776119403 0.044642857142857144 0.1791044776119403
1 0.4089285714285714 0.7820895522388059 0.039285714285714285 0.16119402985074627
1 0.44375 0.7776119402985074 0.033928571428571426 0.14626865671641792
1 0.4669642857142857 0.7701492537313432 0.0375 0.15522388059701492
1 0.49374999999999997 0.764179104477612 0.04107142857142857 0.16716417910447762
1 0.5633928571428571 0.7820895522388059 0.044642857142857144 0.191044776119403
1 0.5955357142857143 0.8343283582089552 0.04821428571428571 0.2
1 0.7 0.8223880597014925 0.049999999999999996 0.21194029850746268
1 0.7366071428571428 0.8328358208955224 0.055357142857142855 0.22686567164179106
1 0.9392857142857143 0.8805970149253731 0.05357142857142857 0.2208955223880597
1 0.66875 0.7014925373134329 0.0375 0.15522388059701492
1 0.75 0.7074626865671642 0.04285714285714286 0.18507462686567164
1 0.7669642857142857 0.7283582089552239 0.04107142857142857 0.16716417910447762
1 0.8464285714285714 0.7074626865671642 0.04285714285714286 0.18507462686567164
1 0.9142857142857143 0.7402985074626866 0.039285714285714285 0.16716417910447762
1 0.9526785714285714 0.6880597014925374 0.0375 0.1582089552238806
1 0.9696428571428571 0.6656716417910448 0.04285714285714286 0.18507462686567164
1 0.6303571428571428 0.655223880597015 0.039285714285714285 0.1582089552238806
1 0.5767857142857142 0.6835820895522388 0.03214285714285714 0.1373134328358209
1 0.03660714285714286 0.5835820895522388 0.023214285714285715 0.09850746268656717
1 0.07053571428571428 0.6044776119402985 0.023214285714285715 0.1044776119402985
1 0.10535714285714286 0.5865671641791045 0.02857142857142857 0.12238805970149254
1 0.13303571428571428 0.591044776119403 0.030357142857142857 0.1253731343283582
1 0.16160714285714287 0.5850746268656717 0.030357142857142857 0.1253731343283582
1 0.17678571428571427 0.5835820895522388 0.02142857142857143 0.09253731343283582
1 0.19999999999999998 0.5970149253731344 0.02142857142857143 0.0955223880597015
1 0.23928571428571427 0.5880597014925373 0.024999999999999998 0.10149253731343284
1 0.26339285714285715 0.6059701492537314 0.026785714285714284 0.10746268656716418
1 0.38125 0.5970149253731344 0.030357142857142857 0.13134328358208955
1 0.41428571428571426 0.5865671641791045 0.024999999999999998 0.1044776119402985
1 0.44553571428571426 0.591044776119403 0.023214285714285715 0.10149253731343284
1 0.47857142857142854 0.5985074626865672 0.02857142857142857 0.12238805970149254
1 0.5196428571428571 0.6044776119402985 0.03214285714285714 0.13432835820895522
1 0.5553571428571429 0.5955223880597015 0.03214285714285714 0.14029850746268657
1 0.5848214285714286 0.591044776119403 0.026785714285714284 0.11343283582089553
1 0.32053571428571426 0.5895522388059702 0.023214285714285715 0.09253731343283582
1 0.29285714285714287 0.5776119402985075 0.024999999999999998 0.1044776119402985
1 0.3410714285714286 0.5686567164179105 0.02142857142857143 0.09253731343283582
1 0.3526785714285714 0.5761194029850746 0.026785714285714284 0.10746268656716418
1 0.07232142857142856 0.1253731343283582 0.019642857142857142 0.08955223880597014
1 0.055357142857142855 0.12388059701492538 0.024999999999999998 0.1044776119402985
1 0.03839285714285714 0.1 0.030357142857142857 0.0746268656716418
