1 0.06 0.8248299319727891 0.076 0.32312925170068024
1 0.162 0.7653061224489796 0.084 0.35374149659863946
1 0.242 0.8061224489795918 0.084 0.3469387755102041
1 0.3 0.8554421768707483 0.06 0.24829931972789115
1 0.432 0.8027210884353742 0.084 0.36054421768707484
1 0.34700000000000003 0.7891156462585034 0.08600000000000001 0.35374149659863946
1 0.585 0.846938775510204 0.07 0.29931972789115646
1 0.6930000000000001 0.8044217687074829 0.082 0.3435374149659864
1 0.764 0.7687074829931972 0.07200000000000001 0.30612244897959184
1 0.868 0.8639455782312925 0.056 0.23809523809523808
1 0.9430000000000001 0.8333333333333333 0.074 0.3129251700680272
1 0.591 0.7261904761904762 0.062 0.2619047619047619
1 0.507 0.7551020408163265 0.062 0.2585034013605442
1 0.491 0.7108843537414966 0.078 0.32653061224489793
1 0.417 0.6870748299319728 0.054 0.2312925170068027
1 0.423 0.5935374149659863 0.058 0.24149659863945577
1 0.5640000000000001 0.6326530612244897 0.068 0.2789115646258503
1 0.666 0.7227891156462585 0.08 0.3299319727891156
1 0.8130000000000001 0.7227891156462585 0.078 0.32312925170068024
1 0.866 0.6785714285714285 0.07200000000000001 0.29591836734693877
1 0.117 0.7074829931972789 0.078 0.3333333333333333
1 0.03 0.7346938775510203 0.06 0.37414965986394555
1 0.289 0.6207482993197279 0.066 0.282312925170068
1 0.257 0.7006802721088435 0.07 0.2925170068027211
1 0.354 0.6428571428571428 0.056 0.24489795918367346
1 0.423 0.6071428571428571 0.066 0.282312925170068
1 0.631 0.6428571428571428 0.066 0.2789115646258503
1 0.906 0.6598639455782312 0.076 0.31972789115646255
1 0.9540000000000001 0.6360544217687074 0.068 0.2857142857142857
1 0.977 0.5935374149659863 0.046 0.25510204081632654
1 0.515 0.8724489795918366 0.054 0.22108843537414966
1 0.085 0.6428571428571428 0.07 0.2925170068027211
1 0.21 0.6530612244897959 0.064 0.2653061224489796
1 0.296 0.6173469387755102 0.06 0.2619047619047619
1 0.326 0.4897959183673469 0.048 0.21088435374149658
1 0.365 0.6394557823129251 0.062 0.2585034013605442
1 0.785 0.9047619047619048 0.114 0.19047619047619047
