1 0.46240234375 0.8452554744525547 0.0791015625 0.291970802919708
1 0.58740234375 0.8248175182481752 0.0888671875 0.327007299270073
1 0.69091796875 0.8065693430656934 0.0830078125 0.30510948905109486
1 0.7509765625 0.7678832116788321 0.072265625 0.2627737226277372
1 0.79931640625 0.7927007299270072 0.0693359375 0.2569343065693431
1 0.84765625 0.7934306569343065 0.07421875 0.27007299270072993
1 0.95751953125 0.8204379562043795 0.0810546875 0.2948905109489051
1 0.892578125 0.7306569343065693 0.052734375 0.19416058394160582
1 0.916015625 0.7116788321167883 0.048828125 0.17664233576642335
1 0.77001953125 0.7554744525547444 0.0556640625 0.20291970802919707
1 0.64990234375 0.7481751824817517 0.0537109375 0.19999999999999998
1 0.6083984375 0.8094890510948904 0.08984375 0.3313868613138686
1 0.546875 0.7445255474452555 0.0546875 0.19854014598540146
1 0.5048828125 0.7270072992700729 0.044921875 0.1635036496350365
1 0.48583984375 0.8277372262773722 0.0869140625 0.32116788321167883
1 0.3623046875 0.821897810218978 0.08984375 0.327007299270073
1 0.18701171875 0.872992700729927 0.1494140625 0.2510948905109489
1 0.11865234375 0.8197080291970802 0.0654296875 0.19124087591240874
1 0.24658203125 0.8503649635036495 0.0947265625 0.22919708029197078
1 0.31396484375 0.7832116788321167 0.0791015625 0.23795620437956203
