1 0.17 0.6933333333333334 0.14 0.4533333333333333
1 0.245 0.696 0.13 0.432
1 0.34400000000000003 0.6759999999999999 0.124 0.408
1 0.43 0.6679999999999999 0.128 0.424
1 0.505 0.6853333333333333 0.13 0.42133333333333334
1 0.596 0.6746666666666666 0.132 0.4373333333333333
1 0.67 0.6853333333333333 0.128 0.42133333333333334
1 0.76 0.6706666666666666 0.124 0.4026666666666667
1 0.8310000000000001 0.6866666666666666 0.134 0.4453333333333333
1 0.898 0.6853333333333333 0.132 0.432
1 0.808 0.42133333333333334 0.024 0.08533333333333333
1 0.774 0.43066666666666664 0.024 0.088
1 0.984 0.5653333333333334 0.032 0.13866666666666666
1 0.376 0.7986666666666666 0.10400000000000001 0.296
1 0.485 0.8066666666666666 0.094 0.30133333333333334
1 0.5660000000000001 0.7826666666666666 0.08 0.296
1 0.639 0.7853333333333333 0.08600000000000001 0.296
1 0.732 0.7813333333333333 0.108 0.33066666666666666
1 0.937 0.5066666666666666 0.034 0.06933333333333333
1 0.966 0.5013333333333333 0.028 0.06933333333333333
