1 0.07083333333333333 0.8550295857988165 0.06166666666666667 0.27218934911242604
1 0.13833333333333334 0.849112426035503 0.06333333333333334 0.2781065088757396
1 0.12000000000000001 0.8446745562130177 0.06333333333333334 0.28106508875739644
1 0.2325 0.8387573964497042 0.07166666666666667 0.3106508875739645
1 0.25583333333333336 0.8520710059171598 0.06166666666666667 0.2662721893491124
1 0.3433333333333334 0.8505917159763313 0.06666666666666667 0.28698224852071
1 0.39916666666666667 0.8594674556213018 0.058333333333333334 0.257396449704142
1 0.4766666666666667 0.856508875739645 0.060000000000000005 0.2692307692307692
1 0.5566666666666668 0.8343195266272189 0.04666666666666667 0.20710059171597633
1 0.6041666666666667 0.8757396449704142 0.05166666666666667 0.23076923076923075
1 0.7233333333333334 0.8535502958579881 0.060000000000000005 0.26331360946745563
1 0.8191666666666667 0.8461538461538461 0.065 0.28994082840236685
1 0.8916666666666667 0.8594674556213018 0.060000000000000005 0.2692307692307692
1 0.8825000000000001 0.8165680473372781 0.03166666666666667 0.14792899408284024
1 0.9625 0.863905325443787 0.058333333333333334 0.2603550295857988
1 0.9341666666666667 0.863905325443787 0.04833333333333334 0.21893491124260356
1 0.025 0.841715976331361 0.05 0.23964497041420119
1 0.17750000000000002 0.7470414201183432 0.025 0.10946745562130178
1 0.26916666666666667 0.8298816568047337 0.058333333333333334 0.26331360946745563
