1 0.5933333333333334 0.5813953488372093 0.23333333333333334 0.7906976744186046
1 0.685 0.5069767441860465 0.2366666666666667 0.8093023255813954
1 0.8633333333333334 0.31627906976744186 0.09333333333333334 0.32558139534883723
1 0.27 0.29534883720930233 0.08 0.2744186046511628
1 0.225 0.28837209302325584 0.07666666666666667 0.2697674418604651
1 0.14166666666666666 0.25813953488372093 0.05666666666666667 0.2
1 0.06166666666666667 0.2651162790697674 0.05666666666666667 0.19534883720930232
1 0.03666666666666667 0.26744186046511625 0.060000000000000005 0.2186046511627907
1 0.38 0.2697674418604651 0.06666666666666667 0.23255813953488372
1 0.32 0.25116279069767444 0.05333333333333334 0.19534883720930232
1 0.42333333333333334 0.2302325581395349 0.04666666666666667 0.17209302325581394
1 0.8166666666666668 0.2558139534883721 0.06666666666666667 0.22325581395348837
1 0.45333333333333337 0.2186046511627907 0.04 0.14883720930232558
