1 0.15000000000000002 0.6625 0.15000000000000002 0.555
1 0.21666666666666667 0.76375 0.11666666666666667 0.4275
1 0.30083333333333334 0.755 0.12166666666666667 0.445
1 0.445 0.7312500000000001 0.10333333333333335 0.3875
1 0.52 0.74 0.11 0.41000000000000003
1 0.5975 0.73625 0.12166666666666667 0.4525
1 0.7458333333333333 0.7312500000000001 0.12833333333333335 0.47250000000000003
1 0.8200000000000001 0.725 0.1366666666666667 0.5
1 0.9383333333333334 0.7475 0.12333333333333334 0.47000000000000003
1 0.8883333333333334 0.63125 0.14 0.5125
1 0.6266666666666667 0.6587500000000001 0.11666666666666667 0.4325
1 0.3841666666666667 0.71375 0.065 0.23750000000000002
1 0.3466666666666667 0.7262500000000001 0.060000000000000005 0.2225
1 0.4108333333333334 0.705 0.06166666666666667 0.23
1 0.2675 0.67625 0.08833333333333333 0.3325
1 0.41250000000000003 0.6587500000000001 0.08166666666666667 0.2975
1 0.020833333333333336 0.6825 0.018333333333333333 0.075
1 0.08 0.6825 0.016666666666666666 0.07
1 0.6816666666666668 0.685 0.05 0.095
