1 0.0425 0.5057471264367817 0.085 0.3620689655172414
1 0.145 0.49712643678160917 0.17 0.48275862068965514
1 0.2125 0.5387931034482758 0.16 0.4511494252873563
1 0.28750000000000003 0.5172413793103449 0.15 0.41954022988505746
1 0.45 0.5229885057471264 0.17 0.48275862068965514
1 0.57875 0.5201149425287356 0.1875 0.5287356321839081
1 0.71875 0.5387931034482758 0.1525 0.4281609195402299
1 0.9075 0.5459770114942528 0.185 0.5172413793103449
1 0.7775 0.40948275862068967 0.065 0.1867816091954023
1 0.92875 0.5043103448275862 0.14250000000000002 0.46839080459770116
1 0.39625 0.492816091954023 0.11750000000000001 0.33620689655172414
1 0.65625 0.48563218390804597 0.1475 0.41954022988505746
1 0.4825 0.34195402298850575 0.06 0.08620689655172414
1 0.31375000000000003 0.33764367816091956 0.0325 0.048850574712643674
1 0.98 0.3175287356321839 0.025 0.07183908045977011
1 0.86875 0.35201149425287354 0.0625 0.037356321839080456
1 0.69875 0.3333333333333333 0.0575 0.06896551724137931
