1 0.1 0.634375 0.06181818181818182 0.2625
1 0.1709090909090909 0.6015625 0.04727272727272727 0.19687500000000002
1 0.12818181818181817 0.5625 0.038181818181818185 0.1625
1 0.2081818181818182 0.571875 0.04181818181818182 0.18125000000000002
1 0.27090909090909093 0.659375 0.06545454545454546 0.275
1 0.30363636363636365 0.5984375000000001 0.05090909090909091 0.215625
1 0.3654545454545455 0.671875 0.07272727272727272 0.30625
1 0.39545454545454545 0.6203125 0.056363636363636366 0.234375
1 0.43454545454545457 0.6890625 0.06909090909090909 0.296875
1 0.7418181818181818 0.7328125000000001 0.08363636363636363 0.359375
1 0.8345454545454546 0.7234375000000001 0.08363636363636363 0.359375
1 0.8963636363636364 0.5906250000000001 0.03636363636363636 0.15625
1 0.9527272727272728 0.6640625 0.04727272727272727 0.19687500000000002
1 0.9736363636363636 0.7734375 0.05272727272727273 0.359375
1 0.024545454545454544 0.5671875000000001 0.04181818181818182 0.178125
1 0.013636363636363636 0.5734375 0.02727272727272727 0.171875
1 0.7109090909090909 0.5437500000000001 0.03636363636363636 0.15625
1 0.7990909090909091 0.553125 0.034545454545454546 0.14375000000000002
1 0.6918181818181818 0.49843750000000003 0.03090909090909091 0.134375
1 0.34 0.5203125000000001 0.02909090909090909 0.12812500000000002
1 0.32272727272727275 0.5203125000000001 0.03090909090909091 0.140625
1 0.6581818181818182 0.50625 0.04 0.16875
1 0.0809090909090909 0.4921875 0.016363636363636365 0.053125000000000006
1 0.35545454545454547 0.49375 0.02 0.05625
1 0.37363636363636366 0.49375 0.016363636363636365 0.037500000000000006
1 0.48727272727272725 0.4765625 0.01818181818181818 0.046875
1 0.47363636363636363 0.509375 0.016363636363636365 0.06875
1 0.5036363636363637 0.45625000000000004 0.01818181818181818 0.037500000000000006
1 0.5445454545454546 0.546875 0.02 0.07500000000000001
1 0.68 0.509375 0.02909090909090909 0.05625
1 0.7509090909090909 0.47968750000000004 0.02181818181818182 0.046875
1 0.7772727272727272 0.4625 0.016363636363636365 0.05
1 0.8036363636363636 0.4578125 0.01818181818181818 0.053125000000000006
1 0.8190909090909091 0.4421875 0.02 0.046875
1 0.8354545454545454 0.4234375 0.012727272727272728 0.028125
1 0.8572727272727273 0.42500000000000004 0.012727272727272728 0.037500000000000006
1 0.8554545454545455 0.47187500000000004 0.02 0.05
1 0.8336363636363636 0.4859375 0.012727272727272728 0.059375000000000004
1 0.8736363636363637 0.4546875 0.016363636363636365 0.040625
1 0.89 0.43593750000000003 0.016363636363636365 0.028125
1 0.9054545454545454 0.4375 0.01818181818181818 0.037500000000000006
1 0.8736363636363637 0.4109375 0.02 0.034375
1 0.889090909090909 0.40468750000000003 0.014545454545454545 0.040625
1 0.9009090909090909 0.390625 0.00909090909090909 0.025
1 0.9363636363636364 0.41875 0.014545454545454545 0.037500000000000006
1 0.43454545454545457 0.4453125 0.014545454545454545 0.040625
1 0.4118181818181818 0.48281250000000003 0.016363636363636365 0.046875
1 0.2863636363636364 0.47968750000000004 0.02 0.059375000000000004
