1 0.0975 0.7055555555555556 0.11833333333333335 0.3888888888888889
1 0.16416666666666668 0.7066666666666667 0.11833333333333335 0.39111111111111113
1 0.23583333333333334 0.69 0.13166666666666668 0.43333333333333335
1 0.3075 0.6988888888888889 0.12166666666666667 0.3977777777777778
1 0.3791666666666667 0.7066666666666667 0.12833333333333335 0.4222222222222222
1 0.46166666666666667 0.7055555555555556 0.12000000000000001 0.3933333333333333
1 0.5325000000000001 0.7011111111111111 0.12166666666666667 0.3977777777777778
1 0.5933333333333334 0.7044444444444444 0.12333333333333334 0.40444444444444444
1 0.6508333333333334 0.7033333333333334 0.11833333333333335 0.3888888888888889
1 0.7125 0.6944444444444444 0.11833333333333335 0.3844444444444444
1 0.7633333333333334 0.7011111111111111 0.11666666666666667 0.3844444444444444
1 0.8275 0.69 0.12166666666666667 0.4022222222222222
1 0.7925000000000001 0.6255555555555555 0.115 0.38
1 0.7475 0.6422222222222222 0.115 0.37333333333333335
1 0.6766666666666667 0.6544444444444445 0.11333333333333334 0.37555555555555553
1 0.6191666666666668 0.66 0.115 0.38222222222222224
1 0.5491666666666667 0.6511111111111111 0.11833333333333335 0.38666666666666666
1 0.4783333333333334 0.6555555555555556 0.12000000000000001 0.39555555555555555
1 0.325 0.6588888888888889 0.12000000000000001 0.3888888888888889
1 0.4116666666666667 0.6322222222222222 0.11 0.35777777777777775
1 0.25583333333333336 0.6522222222222223 0.12166666666666667 0.3977777777777778
1 0.16583333333333333 0.65 0.11833333333333335 0.3933333333333333
1 0.09416666666666668 0.6477777777777778 0.12166666666666667 0.4022222222222222
1 0.2675 0.58 0.11833333333333335 0.38666666666666666
1 0.36083333333333334 0.6155555555555555 0.10833333333333334 0.35555555555555557
1 0.39333333333333337 0.5633333333333334 0.11 0.3622222222222222
1 0.44333333333333336 0.6255555555555555 0.11 0.35777777777777775
1 0.5066666666666667 0.6077777777777778 0.11333333333333334 0.3711111111111111
1 0.5716666666666667 0.6133333333333333 0.11 0.36444444444444446
1 0.6275000000000001 0.6088888888888889 0.11166666666666668 0.3688888888888889
1 0.6825 0.6066666666666667 0.115 0.38222222222222224
1 0.32833333333333337 0.03777777777777778 0.030000000000000002 0.07555555555555556
1 0.43000000000000005 0.04666666666666667 0.043333333333333335 0.08
1 0.055 0.1922222222222222 0.04 0.11777777777777777
