1 0.09454545454545454 0.648910411622276 0.05090909090909091 0.17433414043583537
1 0.5836363636363636 0.49031476997578693 0.03272727272727273 0.11380145278450364
1 0.6081818181818182 0.5786924939467313 0.045454545454545456 0.15012106537530268
1 0.6590909090909091 0.5556900726392252 0.038181818181818185 0.12348668280871672
1 0.6836363636363636 0.5472154963680388 0.03272727272727273 0.11138014527845037
1 0.7990909090909091 0.5048426150121066 0.045454545454545456 0.1476997578692494
1 0.8627272727272727 0.47215496368038745 0.034545454545454546 0.11138014527845037
1 0.9318181818181818 0.46973365617433416 0.034545454545454546 0.1162227602905569
1 0.95 0.4673123486682809 0.038181818181818185 0.12590799031476999
1 0.5409090909090909 0.4915254237288136 0.034545454545454546 0.1162227602905569
1 0.5163636363636364 0.48305084745762716 0.03272727272727273 0.10411622276029056
1 0.4909090909090909 0.4854721549636804 0.03272727272727273 0.11380145278450364
1 0.47 0.47215496368038745 0.034545454545454546 0.1162227602905569
1 0.39636363636363636 0.4818401937046005 0.03272727272727273 0.10653753026634383
1 0.22636363636363635 0.4709443099273608 0.03090909090909091 0.10411622276029056
1 0.2 0.4576271186440678 0.02909090909090909 0.1016949152542373
1 0.1809090909090909 0.4963680387409201 0.02727272727272727 0.08716707021791768
1 0.023636363636363636 0.5048426150121066 0.03272727272727273 0.1089588377723971
1 0.07090909090909091 0.513317191283293 0.03272727272727273 0.10653753026634383
1 0.0890909090909091 0.5193704600484261 0.03272727272727273 0.10411622276029056
1 0.3181818181818182 0.463680387409201 0.025454545454545455 0.08474576271186442
1 0.30636363636363634 0.463680387409201 0.02727272727272727 0.08958837772397095
1 0.2881818181818182 0.4878934624697337 0.02727272727272727 0.09443099273607748
1 0.27 0.4878934624697337 0.03090909090909091 0.10411622276029056
1 0.6418181818181818 0.476997578692494 0.04 0.13559322033898305
1 0.7345454545454545 0.45520581113801456 0.02909090909090909 0.09685230024213076
1 0.9445454545454546 0.6743341404358354 0.06363636363636363 0.20581113801452786
1 0.07454545454545454 0.8547215496368039 0.11272727272727273 0.24697336561743344
1 0.03363636363636364 0.6997578692493948 0.038181818181818185 0.06295399515738499
1 0.06272727272727273 0.6501210653753027 0.038181818181818185 0.07506053268765134
1 0.22727272727272727 0.8365617433414044 0.08363636363636363 0.225181598062954
1 0.39 0.8438256658595642 0.05272727272727273 0.11380145278450364
1 0.4590909090909091 0.8232445520581114 0.10363636363636364 0.24697336561743344
1 0.5281818181818182 0.7360774818401937 0.0890909090909091 0.15012106537530268
1 0.6445454545454545 0.8317191283292978 0.08181818181818182 0.1961259079903148
1 0.7709090909090909 0.7929782082324456 0.06909090909090909 0.23002421307506055
1 0.9136363636363637 0.8002421307506054 0.07090909090909091 0.17675544794188863
1 0.72 0.6428571428571429 0.025454545454545455 0.08958837772397095
1 0.22454545454545455 0.6065375302663438 0.034545454545454546 0.10411622276029056
1 0.5618181818181818 0.6210653753026635 0.03272727272727273 0.1089588377723971
