1 0.20700000000000002 0.46061643835616434 0.038 0.16095890410958902
1 0.24 0.5273972602739726 0.036000000000000004 0.15753424657534246
1 0.337 0.40753424657534243 0.03 0.13013698630136986
1 0.228 0.4674657534246575 0.032 0.1404109589041096
1 0.262 0.4571917808219178 0.036000000000000004 0.14726027397260272
1 0.491 0.5890410958904109 0.05 0.2054794520547945
1 0.521 0.6095890410958904 0.054 0.2328767123287671
1 0.56 0.625 0.052000000000000005 0.22945205479452052
1 0.594 0.625 0.056 0.2363013698630137
1 0.7000000000000001 0.6044520547945205 0.052000000000000005 0.22945205479452052
1 0.742 0.5273972602739726 0.048 0.21232876712328766
1 0.646 0.4948630136986301 0.044 0.1952054794520548
1 0.676 0.45890410958904104 0.044 0.1917808219178082
1 0.7010000000000001 0.4366438356164383 0.042 0.17465753424657532
1 0.777 0.46232876712328763 0.042 0.1780821917808219
1 0.741 0.4520547945205479 0.05 0.21232876712328766
1 0.8 0.4160958904109589 0.044 0.1952054794520548
1 0.772 0.410958904109589 0.052000000000000005 0.2191780821917808
1 0.8270000000000001 0.3955479452054794 0.034 0.14726027397260272
