1 0.09765625 0.6607981220657277 0.0859375 0.32159624413145543
1 0.1609375 0.6807511737089202 0.08750000000000001 0.3286384976525822
1 0.2171875 0.687793427230047 0.09375 0.3474178403755869
1 0.2609375 0.6643192488262911 0.09062500000000001 0.3333333333333333
1 0.2921875 0.6960093896713615 0.096875 0.3544600938967136
1 0.33984375 0.7007042253521127 0.0859375 0.32159624413145543
1 0.3828125 0.6830985915492958 0.08750000000000001 0.3192488262910798
1 0.42890625000000004 0.681924882629108 0.0703125 0.2652582159624413
1 0.46953125 0.6654929577464789 0.07968750000000001 0.2934272300469484
1 0.5125000000000001 0.6514084507042254 0.078125 0.284037558685446
1 0.55078125 0.642018779342723 0.0734375 0.2746478873239437
1 0.7078125000000001 0.7265258215962441 0.09062500000000001 0.3403755868544601
1 0.61328125 0.5223004694835681 0.0390625 0.15258215962441316
1 0.5789062500000001 0.5140845070422535 0.035937500000000004 0.11737089201877934
1 0.6796875 0.5234741784037559 0.037500000000000006 0.1267605633802817
1 0.7351562500000001 0.5176056338028169 0.035937500000000004 0.12910798122065728
1 0.78828125 0.545774647887324 0.0484375 0.14788732394366197
1 0.859375 0.5363849765258216 0.037500000000000006 0.13380281690140847
1 0.88984375 0.5352112676056339 0.035937500000000004 0.1643192488262911
1 0.9242187500000001 0.5211267605633803 0.0234375 0.13615023474178403
1 0.9828125000000001 0.5598591549295775 0.034375 0.1572769953051643
