1 0.4718181818181818 0.564935064935065 0.1618181818181818 0.7142857142857143
1 0.7163636363636363 0.4967532467532468 0.10181818181818182 0.4480519480519481
1 0.2581818181818182 0.6363636363636364 0.11272727272727273 0.5
1 0.07090909090909091 0.577922077922078 0.10545454545454545 0.4675324675324676
1 0.15454545454545454 0.4967532467532468 0.09454545454545454 0.4090909090909091
1 0.21363636363636362 0.4740259740259741 0.06363636363636363 0.28571428571428575
1 0.3090909090909091 0.44967532467532473 0.07272727272727272 0.32142857142857145
1 0.3472727272727273 0.4285714285714286 0.06181818181818182 0.27922077922077926
1 0.42 0.4074675324675325 0.06545454545454546 0.2824675324675325
1 0.03363636363636364 0.5308441558441559 0.06727272727272728 0.41883116883116883
1 0.5990909090909091 0.413961038961039 0.09636363636363636 0.41883116883116883
1 0.7436363636363637 0.4074675324675325 0.07272727272727272 0.32142857142857145
1 0.8754545454545455 0.5113636363636364 0.14 0.6071428571428572
1 0.95 0.48051948051948057 0.09272727272727273 0.4025974025974026
1 0.8454545454545455 0.4285714285714286 0.06909090909090909 0.30519480519480524
1 0.7972727272727272 0.2840909090909091 0.023636363636363636 0.11363636363636365
1 0.8145454545454546 0.29220779220779225 0.025454545454545455 0.1168831168831169
1 0.3972727272727273 0.30519480519480524 0.02727272727272727 0.1168831168831169
1 0.26545454545454544 0.3181818181818182 0.03272727272727273 0.14935064935064937
1 0.24181818181818182 0.32142857142857145 0.025454545454545455 0.1103896103896104
1 0.19454545454545455 0.33766233766233766 0.02181818181818182 0.09740259740259741
1 0.11363636363636363 0.3068181818181818 0.02 0.08766233766233766
1 0.13636363636363635 0.3116883116883117 0.02181818181818182 0.09740259740259741
1 0.07727272727272727 0.32142857142857145 0.023636363636363636 0.1103896103896104
1 0.056363636363636366 0.3230519480519481 0.02181818181818182 0.10064935064935066
1 0.7609090909090909 0.3685064935064935 0.06 0.262987012987013
