1 0.07083333333333333 0.58375 0.04166666666666667 0.1525
1 0.025 0.57125 0.03666666666666667 0.14250000000000002
1 0.16666666666666669 0.5925 0.05333333333333334 0.195
1 0.22916666666666669 0.5625 0.03833333333333334 0.14
1 0.12166666666666667 0.55125 0.030000000000000002 0.1125
1 0.29083333333333333 0.625 0.06166666666666667 0.23500000000000001
1 0.31083333333333335 0.57625 0.04166666666666667 0.1575
1 0.34833333333333333 0.5525 0.02666666666666667 0.105
1 0.37000000000000005 0.545 0.023333333333333334 0.095
1 0.4525 0.63875 0.07833333333333334 0.2925
1 0.4716666666666667 0.6012500000000001 0.05 0.1925
1 0.6125 0.61375 0.06166666666666667 0.2275
1 0.5233333333333333 0.55 0.030000000000000002 0.115
1 0.5483333333333333 0.52875 0.016666666666666666 0.0625
1 0.5891666666666667 0.57375 0.035 0.1325
1 0.5800000000000001 0.5425 0.023333333333333334 0.09
1 0.6441666666666667 0.5437500000000001 0.021666666666666667 0.08750000000000001
1 0.665 0.55625 0.03333333333333333 0.1275
1 0.7116666666666667 0.58625 0.043333333333333335 0.1625
1 0.6925 0.55125 0.028333333333333335 0.10250000000000001
1 0.7508333333333334 0.5700000000000001 0.035 0.13
1 0.7883333333333333 0.55625 0.030000000000000002 0.1125
1 0.8033333333333333 0.5475 0.02666666666666667 0.1
1 0.8250000000000001 0.5375 0.023333333333333334 0.09
1 0.8400000000000001 0.545 0.023333333333333334 0.095
1 0.8541666666666667 0.5325 0.018333333333333333 0.075
1 0.8666666666666667 0.53125 0.02 0.0775
1 0.9458333333333334 0.5475 0.03166666666666667 0.115
1 0.4083333333333334 0.5325 0.016666666666666666 0.07
1 0.49500000000000005 0.5475 0.02666666666666667 0.1
