1 0.062 0.49558823529411766 0.124 0.4441176470588235
1 0.131 0.4661764705882353 0.10200000000000001 0.3676470588235294
1 0.157 0.4426470588235294 0.094 0.3382352941176471
1 0.214 0.4764705882352941 0.108 0.38823529411764707
1 0.257 0.5014705882352941 0.126 0.45
1 0.291 0.5617647058823529 0.134 0.48823529411764705
1 0.36 0.6058823529411764 0.136 0.49411764705882355
1 0.47500000000000003 0.586764705882353 0.14200000000000002 0.5147058823529411
1 0.58 0.5985294117647059 0.152 0.5441176470588235
1 0.669 0.6573529411764706 0.17 0.6147058823529412
1 0.862 0.7264705882352941 0.14400000000000002 0.5176470588235293
1 0.8260000000000001 0.37058823529411766 0.096 0.34705882352941175
1 0.762 0.4647058823529412 0.108 0.3941176470588235
1 0.918 0.24411764705882352 0.064 0.22941176470588234
1 0.925 0.6205882352941177 0.138 0.49411764705882355
1 0.392 0.36176470588235293 0.088 0.3235294117647059
1 0.9450000000000001 0.08676470588235294 0.022 0.07941176470588235
1 0.928 0.08676470588235294 0.02 0.07352941176470588
1 0.988 0.08676470588235294 0.02 0.07941176470588235
1 0.014 0.22058823529411764 0.028 0.058823529411764705
1 0.106 0.23529411764705882 0.04 0.058823529411764705
1 0.163 0.22941176470588234 0.054 0.058823529411764705
1 0.209 0.20588235294117646 0.042 0.058823529411764705
1 0.215 0.1426470588235294 0.05 0.09705882352941177
1 0.242 0.12205882352941176 0.036000000000000004 0.06764705882352941
1 0.179 0.1323529411764706 0.034 0.06470588235294117
1 0.152 0.1411764705882353 0.028 0.058823529411764705
1 0.126 0.12794117647058822 0.036000000000000004 0.06764705882352941
1 0.09 0.12352941176470589 0.036000000000000004 0.058823529411764705
1 0.055 0.13088235294117648 0.038 0.061764705882352944
1 0.039 0.052941176470588235 0.038 0.058823529411764705
1 0.024 0.020588235294117647 0.036000000000000004 0.041176470588235294
1 0.098 0.058823529411764705 0.028 0.07058823529411765
1 0.11900000000000001 0.06323529411764706 0.026000000000000002 0.061764705882352944
1 0.162 0.06911764705882353 0.044 0.044117647058823525
1 0.15 0.01911764705882353 0.028 0.03823529411764706
1 0.114 0.014705882352941176 0.012 0.01764705882352941
1 0.258 0.21029411764705883 0.044 0.055882352941176466
1 0.28200000000000003 0.16323529411764706 0.036000000000000004 0.032352941176470584
1 0.301 0.10294117647058823 0.03 0.052941176470588235
1 0.331 0.11323529411764706 0.03 0.044117647058823525
1 0.365 0.09411764705882353 0.042 0.047058823529411764
1 0.332 0.17352941176470588 0.036000000000000004 0.052941176470588235
1 0.294 0.20147058823529412 0.028 0.044117647058823525
1 0.327 0.25441176470588234 0.038 0.09705882352941177
1 0.36 0.22794117647058823 0.024 0.05
1 0.363 0.16176470588235295 0.038 0.052941176470588235
1 0.403 0.11029411764705882 0.03 0.05
1 0.421 0.10294117647058823 0.03 0.052941176470588235
1 0.434 0.06764705882352941 0.028 0.03529411764705882
1 0.281 0.2691176470588235 0.054 0.061764705882352944
1 0.442 0.31470588235294117 0.052000000000000005 0.1
1 0.47900000000000004 0.22941176470588234 0.054 0.08823529411764705
1 0.438 0.20147058823529412 0.032 0.07352941176470588
1 0.41200000000000003 0.19117647058823528 0.028 0.06470588235294117
1 0.445 0.13970588235294118 0.03 0.06764705882352941
1 0.47000000000000003 0.13529411764705881 0.028 0.07058823529411765
1 0.54 0.2485294117647059 0.044 0.09705882352941177
1 0.5670000000000001 0.20294117647058824 0.026000000000000002 0.052941176470588235
1 0.5750000000000001 0.16176470588235295 0.026000000000000002 0.047058823529411764
1 0.521 0.17205882352941176 0.034 0.055882352941176466
1 0.538 0.13823529411764707 0.032 0.052941176470588235
1 0.482 0.08823529411764705 0.028 0.058823529411764705
1 0.514 0.08235294117647059 0.028 0.052941176470588235
1 0.547 0.07058823529411765 0.03 0.047058823529411764
1 0.578 0.0661764705882353 0.024 0.055882352941176466
1 0.621 0.2676470588235294 0.034 0.11176470588235293
1 0.656 0.2323529411764706 0.036000000000000004 0.08823529411764705
1 0.683 0.19852941176470587 0.026000000000000002 0.061764705882352944
1 0.711 0.18970588235294117 0.042 0.08529411764705883
1 0.74 0.19117647058823528 0.028 0.07647058823529412
1 0.769 0.20294117647058824 0.03 0.1
1 0.8200000000000001 0.18676470588235294 0.036000000000000004 0.07352941176470588
1 0.866 0.18088235294117647 0.024 0.061764705882352944
1 0.888 0.15 0.024 0.07647058823529412
1 0.915 0.13529411764705881 0.022 0.058823529411764705
1 0.884 0.09411764705882353 0.028 0.03529411764705882
1 0.865 0.09705882352941177 0.038 0.052941176470588235
1 0.845 0.10588235294117647 0.03 0.047058823529411764
1 0.8230000000000001 0.10588235294117647 0.03 0.047058823529411764
1 0.798 0.09852941176470588 0.024 0.03823529411764706
1 0.75 0.1 0.024 0.041176470588235294
1 0.624 0.15441176470588236 0.04 0.05
1 0.67 0.13823529411764707 0.024 0.052941176470588235
1 0.9510000000000001 0.3264705882352941 0.07 0.09411764705882353
1 0.9540000000000001 0.27941176470588236 0.044 0.07647058823529412
1 0.98 0.19852941176470587 0.024 0.07941176470588235
1 0.051000000000000004 0.20588235294117646 0.046 0.07058823529411765
