1 0.036000000000000004 0.5737951807228916 0.07200000000000001 0.37650602409638556
1 0.07100000000000001 0.5662650602409639 0.08600000000000001 0.3132530120481928
1 0.14 0.5828313253012049 0.088 0.33433734939759036
1 0.105 0.5798192771084337 0.082 0.3042168674698795
1 0.222 0.5557228915662651 0.092 0.34036144578313254
1 0.273 0.5933734939759037 0.082 0.30120481927710846
1 0.337 0.5933734939759037 0.078 0.29518072289156627
1 0.391 0.5828313253012049 0.074 0.2801204819277109
1 0.436 0.5963855421686747 0.108 0.39759036144578314
1 0.551 0.5873493975903614 0.094 0.355421686746988
1 0.611 0.5587349397590362 0.082 0.3102409638554217
1 0.636 0.5090361445783133 0.092 0.3433734939759036
1 0.679 0.5256024096385542 0.082 0.3042168674698795
1 0.754 0.5828313253012049 0.076 0.2801204819277109
1 0.714 0.5240963855421688 0.076 0.28313253012048195
1 0.774 0.5557228915662651 0.076 0.286144578313253
1 0.842 0.5602409638554218 0.084 0.31927710843373497
1 0.896 0.5451807228915663 0.088 0.3253012048192771
1 0.9540000000000001 0.5753012048192772 0.092 0.3433734939759036
1 0.371 0.4984939759036145 0.106 0.40060240963855426
1 0.07200000000000001 0.338855421686747 0.07200000000000001 0.09939759036144578
1 0.116 0.34036144578313254 0.056 0.14457831325301207
1 0.176 0.34036144578313254 0.056 0.12650602409638556
1 0.2 0.2740963855421687 0.056 0.10240963855421688
1 0.241 0.338855421686747 0.046 0.10542168674698796
1 0.272 0.3042168674698795 0.036000000000000004 0.060240963855421686
1 0.304 0.3539156626506024 0.048 0.12951807228915663
1 0.461 0.3117469879518072 0.03 0.057228915662650606
1 0.446 0.36445783132530124 0.028 0.04819277108433735
1 0.497 0.30120481927710846 0.046 0.06626506024096386
1 0.5700000000000001 0.32680722891566266 0.048 0.08132530120481928
1 0.619 0.3433734939759036 0.038 0.06626506024096386
1 0.673 0.34036144578313254 0.046 0.07228915662650603
1 0.712 0.34487951807228917 0.032 0.05120481927710844
1 0.758 0.3810240963855422 0.048 0.06927710843373494
1 0.835 0.3734939759036145 0.058 0.06626506024096386
1 0.979 0.41867469879518077 0.03 0.10843373493975904
1 0.34600000000000003 0.3313253012048193 0.04 0.08433734939759037
1 0.427 0.34487951807228917 0.034 0.06927710843373494
1 0.492 0.42168674698795183 0.056 0.12048192771084337
1 0.5730000000000001 0.40060240963855426 0.038 0.06626506024096386
1 0.9570000000000001 0.31927710843373497 0.082 0.12048192771084337
