1 0.037 0.6621621621621622 0.074 0.33933933933933935
1 0.106 0.6681681681681682 0.12 0.44744744744744747
1 0.179 0.6801801801801802 0.11 0.40540540540540543
1 0.256 0.6591591591591591 0.132 0.48348348348348347
1 0.366 0.6561561561561562 0.124 0.45345345345345345
1 0.395 0.6201201201201201 0.106 0.38738738738738737
1 0.45 0.6516516516516516 0.084 0.3183183183183183
1 0.506 0.6366366366366366 0.096 0.36036036036036034
1 0.584 0.6261261261261262 0.124 0.45945945945945943
1 0.644 0.6366366366366366 0.12 0.43843843843843844
1 0.6970000000000001 0.6321321321321322 0.122 0.45345345345345345
1 0.777 0.6246246246246246 0.194 0.7087087087087087
1 0.874 0.6126126126126126 0.17200000000000001 0.6366366366366366
1 0.9390000000000001 0.6306306306306306 0.122 0.48648648648648646
1 0.034 0.45345345345345345 0.04 0.1021021021021021
1 0.014 0.4894894894894895 0.02 0.06606606606606606
1 0.053 0.4069069069069069 0.018000000000000002 0.06306306306306306
1 0.082 0.41291291291291293 0.028 0.03303303303303303
1 0.134 0.4114114114114114 0.036000000000000004 0.036036036036036036
1 0.188 0.44594594594594594 0.032 0.057057057057057055
1 0.216 0.4264264264264264 0.028 0.05405405405405406
1 0.31 0.4159159159159159 0.024 0.057057057057057055
1 0.34 0.39789789789789787 0.028 0.05105105105105105
1 0.377 0.3993993993993994 0.034 0.06006006006006006
1 0.23500000000000001 0.43093093093093093 0.022 0.02702702702702703
1 0.9400000000000001 0.35735735735735735 0.036000000000000004 0.05405405405405406
1 0.421 0.3948948948948949 0.046 0.04504504504504504
