1 0.08777777777777777 0.8137583892617449 0.05555555555555555 0.21140939597315436
1 0.2966666666666667 0.7701342281879194 0.03333333333333333 0.12416107382550336
1 0.31 0.761744966442953 0.03333333333333333 0.12080536912751677
1 0.3322222222222222 0.7600671140939597 0.03777777777777778 0.1442953020134228
1 0.35888888888888887 0.7734899328859061 0.03777777777777778 0.13758389261744966
1 0.3788888888888889 0.7768456375838926 0.042222222222222223 0.15771812080536912
1 0.4066666666666667 0.7734899328859061 0.04888888888888889 0.1912751677852349
1 0.44333333333333336 0.802013422818792 0.05555555555555555 0.20134228187919462
1 0.49 0.8104026845637584 0.051111111111111114 0.19798657718120805
1 0.5033333333333333 0.7600671140939597 0.028888888888888888 0.1174496644295302
1 0.53 0.7583892617449665 0.03333333333333333 0.12080536912751677
1 0.5577777777777778 0.7684563758389261 0.03111111111111111 0.12751677852348994
1 0.5888888888888889 0.7701342281879194 0.03111111111111111 0.12416107382550336
1 0.6233333333333333 0.7835570469798657 0.03777777777777778 0.1442953020134228
1 0.6544444444444445 0.7768456375838926 0.03777777777777778 0.15100671140939598
1 0.7011111111111111 0.7818791946308725 0.04666666666666667 0.174496644295302
1 0.7188888888888889 0.7567114093959731 0.03333333333333333 0.12416107382550336
1 0.7522222222222222 0.7919463087248322 0.05555555555555555 0.20134228187919462
1 0.7655555555555555 0.7667785234899329 0.03333333333333333 0.13087248322147652
1 0.8044444444444444 0.7885906040268457 0.057777777777777775 0.21476510067114093
1 0.8766666666666667 0.8003355704697986 0.06 0.22483221476510068
1 0.9122222222222223 0.7768456375838926 0.03777777777777778 0.1442953020134228
1 0.9477777777777778 0.7651006711409396 0.03333333333333333 0.12751677852348994
1 0.9788888888888889 0.7785234899328859 0.042222222222222223 0.15436241610738255
1 0.07666666666666666 0.761744966442953 0.06444444444444444 0.2080536912751678
