1 0.024 0.46846846846846846 0.048 0.18618618618618618
1 0.081 0.509009009009009 0.054 0.19519519519519518
1 0.10400000000000001 0.4339339339339339 0.044 0.16516516516516516
1 0.158 0.42792792792792794 0.044 0.16516516516516516
1 0.17300000000000001 0.484984984984985 0.054 0.19519519519519518
1 0.234 0.3948948948948949 0.036000000000000004 0.14114114114114115
1 0.232 0.5375375375375375 0.052000000000000005 0.1921921921921922
1 0.259 0.46846846846846846 0.05 0.18018018018018017
1 0.305 0.43243243243243246 0.038 0.15015015015015015
1 0.315 0.4954954954954955 0.058 0.21621621621621623
1 0.398 0.46846846846846846 0.052000000000000005 0.1921921921921922
1 0.369 0.4069069069069069 0.042 0.15315315315315314
1 0.432 0.3858858858858859 0.032 0.11711711711711711
1 0.47700000000000004 0.44294294294294295 0.046 0.17717717717717718
1 0.455 0.5630630630630631 0.062 0.23123123123123124
1 0.526 0.5255255255255256 0.056 0.21021021021021022
1 0.581 0.4894894894894895 0.05 0.18618618618618618
1 0.634 0.45945945945945943 0.048 0.18618618618618618
1 0.662 0.4219219219219219 0.044 0.17117117117117117
1 0.711 0.4024024024024024 0.042 0.16216216216216217
1 0.7010000000000001 0.5915915915915916 0.07 0.25825825825825827
1 0.748 0.5630630630630631 0.06 0.23123123123123124
1 0.793 0.515015015015015 0.054 0.2012012012012012
1 0.838 0.47147147147147145 0.052000000000000005 0.1921921921921922
1 0.879 0.43993993993993996 0.042 0.16516516516516516
1 0.905 0.4159159159159159 0.038 0.14114114114114115
1 0.648 0.19519519519519518 0.016 0.06006006006006006
1 0.5660000000000001 0.17567567567567569 0.012 0.05105105105105105
1 0.42 0.18618618618618618 0.012 0.05405405405405406
1 0.434 0.15915915915915915 0.012 0.04804804804804805
1 0.14400000000000002 0.15765765765765766 0.008 0.03303303303303303
1 0.81 0.3363363363363363 0.028 0.10810810810810811
1 0.895 0.6096096096096096 0.066 0.25225225225225223
1 0.971 0.5780780780780781 0.058 0.24924924924924924
1 0.529 0.4174174174174174 0.042 0.16216216216216217
1 0.593 0.3888888888888889 0.034 0.13513513513513514
1 0.305 0.3258258258258258 0.054 0.08108108108108109
1 0.972 0.42792792792792794 0.036000000000000004 0.08108108108108109
