1 0.159375 0.5625 0.11041666666666666 0.2708333333333333
1 0.34375 0.6208333333333333 0.125 0.3125
1 0.21041666666666667 0.46458333333333335 0.07083333333333333 0.175
1 0.3260416666666667 0.44687499999999997 0.05625 0.13541666666666666
1 0.45 0.45208333333333334 0.05416666666666667 0.13333333333333333
1 0.4770833333333333 0.4302083333333333 0.029166666666666667 0.07708333333333334
1 0.5010416666666666 0.4395833333333333 0.04791666666666666 0.12083333333333333
1 0.5322916666666666 0.46249999999999997 0.06041666666666667 0.14583333333333334
1 0.6083333333333333 0.44166666666666665 0.05 0.12083333333333333
1 0.6510416666666666 0.5697916666666667 0.16041666666666665 0.39375
1 0.7697916666666667 0.45729166666666665 0.06458333333333333 0.15625
1 0.8479166666666667 0.4635416666666667 0.075 0.18958333333333333
1 0.890625 0.5364583333333334 0.16875 0.4145833333333333
1 0.9489583333333333 0.5125 0.10208333333333333 0.3333333333333333
1 0.09583333333333333 0.428125 0.05416666666666667 0.06875
