1 0.04583333333333333 0.47222222222222227 0.09166666666666666 0.4777777777777778
1 0.11041666666666666 0.3388888888888889 0.1125 0.3666666666666667
1 0.19375 0.5777777777777778 0.15416666666666667 0.5111111111111112
1 0.29791666666666666 0.4361111111111111 0.12916666666666665 0.4388888888888889
1 0.3854166666666667 0.6611111111111111 0.15416666666666667 0.5222222222222223
1 0.46875 0.49722222222222223 0.12916666666666665 0.4277777777777778
1 0.51875 0.4277777777777778 0.12916666666666665 0.43333333333333335
1 0.6229166666666667 0.6694444444444445 0.12083333333333333 0.3944444444444445
1 0.74375 0.4638888888888889 0.14583333333333334 0.48333333333333334
1 0.84375 0.6166666666666667 0.1625 0.5444444444444445
1 0.9249999999999999 0.5861111111111111 0.15 0.49444444444444446
1 0.9562499999999999 0.46111111111111114 0.0875 0.37777777777777777
1 0.4458333333333333 0.10555555555555556 0.05 0.11111111111111112
1 0.51875 0.1277777777777778 0.05416666666666667 0.08888888888888889
1 0.3458333333333333 0.17500000000000002 0.03333333333333333 0.10555555555555556
1 0.3333333333333333 0.08333333333333334 0.058333333333333334 0.08888888888888889
1 0.22916666666666666 0.1277777777777778 0.041666666666666664 0.11111111111111112
1 0.23541666666666666 0.036111111111111115 0.029166666666666667 0.05
1 0.14583333333333334 0.08888888888888889 0.041666666666666664 0.07777777777777778
1 0.035416666666666666 0.05 0.0375 0.044444444444444446
1 0.10416666666666667 0.01388888888888889 0.03333333333333333 0.016666666666666666
1 0.014583333333333334 0.15833333333333333 0.029166666666666667 0.10555555555555556
