1 0.07373046875 0.3605150214592275 0.1474609375 0.6437768240343348
1 0.1689453125 0.3626609442060086 0.193359375 0.6909871244635193
1 0.21533203125 0.3748211731044349 0.1982421875 0.709585121602289
1 0.3154296875 0.18812589413447783 0.09375 0.3361945636623748
1 0.42724609375 0.5965665236051502 0.1279296875 0.45779685264663805
1 0.4296875 0.1709585121602289 0.07421875 0.2675250357653791
1 0.47119140625 0.15450643776824036 0.0654296875 0.234620886981402
1 0.56884765625 0.21244635193133046 0.1064453125 0.3791130185979971
1 0.55859375 0.5851216022889842 0.07421875 0.26609442060085836
1 0.67919921875 0.65379113018598 0.0966796875 0.34620886981402005
1 0.65185546875 0.2067238912732475 0.0830078125 0.30185979971387694
1 0.6982421875 0.21316165951359084 0.076171875 0.27467811158798283
1 0.865234375 0.4227467811158798 0.212890625 0.765379113018598
