1 0.026000000000000002 0.5990990990990991 0.052000000000000005 0.1891891891891892
1 0.068 0.6306306306306306 0.07200000000000001 0.2702702702702703
1 0.122 0.6771771771771772 0.08 0.2972972972972973
1 0.176 0.596096096096096 0.048 0.1831831831831832
1 0.248 0.6546546546546547 0.064 0.24024024024024024
1 0.218 0.5855855855855856 0.048 0.18018018018018017
1 0.28400000000000003 0.6141141141141141 0.056 0.2072072072072072
1 0.312 0.6021021021021021 0.044 0.15915915915915915
1 0.331 0.596096096096096 0.042 0.15315315315315314
1 0.34 0.5705705705705706 0.04 0.15015015015015015
1 0.41600000000000004 0.6351351351351351 0.056 0.2072072072072072
1 0.515 0.6816816816816816 0.082 0.3003003003003003
1 0.58 0.6351351351351351 0.064 0.23723723723723725
1 0.619 0.5735735735735735 0.038 0.13813813813813813
1 0.637 0.5885885885885885 0.034 0.13213213213213212
1 0.657 0.6066066066066066 0.046 0.16816816816816815
1 0.6880000000000001 0.6201201201201201 0.04 0.15315315315315314
1 0.723 0.6336336336336337 0.05 0.18618618618618618
1 0.76 0.6381381381381381 0.068 0.24924924924924924
1 0.8160000000000001 0.6096096096096096 0.044 0.16216216216216217
1 0.872 0.6396396396396397 0.052000000000000005 0.1981981981981982
1 0.9490000000000001 0.6591591591591591 0.08600000000000001 0.3153153153153153
