1 0.035833333333333335 0.59375 0.07166666666666667 0.3375
1 0.11916666666666667 0.68125 0.09833333333333334 0.3575
1 0.20916666666666667 0.62375 0.09833333333333334 0.3675
1 0.29083333333333333 0.61875 0.09166666666666667 0.3425
1 0.3358333333333334 0.57625 0.07166666666666667 0.2625
1 0.41000000000000003 0.5775 0.07666666666666667 0.28
1 0.47000000000000003 0.5925 0.07 0.26
1 0.49750000000000005 0.5625 0.055 0.20500000000000002
1 0.5275000000000001 0.63125 0.11166666666666668 0.41250000000000003
1 0.6016666666666667 0.5925 0.06333333333333334 0.23500000000000001
1 0.6675000000000001 0.63 0.09833333333333334 0.365
1 0.6916666666666668 0.6062500000000001 0.06666666666666667 0.2525
1 0.7408333333333333 0.59875 0.055 0.2025
1 0.7975000000000001 0.5962500000000001 0.07166666666666667 0.2625
1 0.8566666666666667 0.61875 0.07 0.2625
1 0.9583333333333334 0.6025 0.07 0.26
1 0.5683333333333334 0.585 0.05666666666666667 0.21
