1 0.6108333333333333 0.624078624078624 0.12166666666666667 0.43734643734643736
1 0.5616666666666666 0.624078624078624 0.1 0.36855036855036855
1 0.6558333333333334 0.6056511056511056 0.085 0.312039312039312
1 0.3766666666666667 0.6031941031941032 0.09000000000000001 0.33169533169533166
1 0.43333333333333335 0.601965601965602 0.08333333333333334 0.30466830466830463
1 0.4658333333333334 0.5995085995085995 0.07166666666666667 0.25552825552825553
1 0.49833333333333335 0.6056511056511056 0.07666666666666667 0.28255528255528256
1 0.5291666666666667 0.585995085995086 0.07833333333333334 0.28255528255528256
1 0.7583333333333334 0.6228501228501229 0.09666666666666668 0.3513513513513513
1 0.7866666666666667 0.5933660933660934 0.09666666666666668 0.3464373464373464
1 0.8333333333333334 0.6105651105651105 0.09333333333333334 0.3366093366093366
1 0.05333333333333334 0.7641277641277641 0.10666666666666667 0.41277641277641275
1 0.10750000000000001 0.7665847665847666 0.11833333333333335 0.4324324324324324
1 0.17750000000000002 0.7493857493857494 0.12166666666666667 0.43734643734643736
1 0.22833333333333336 0.7371007371007371 0.09333333333333334 0.343980343980344
1 0.20750000000000002 0.7321867321867321 0.115 0.41277641277641275
1 0.25583333333333336 0.6941031941031941 0.09166666666666667 0.3366093366093366
1 0.2841666666666667 0.6867321867321867 0.08833333333333333 0.32186732186732187
1 0.3225 0.6584766584766585 0.07833333333333334 0.2800982800982801
1 0.33916666666666667 0.43857493857493857 0.035 0.027027027027027025
1 0.4291666666666667 0.44348894348894347 0.035 0.04176904176904177
1 0.8650000000000001 0.4680589680589681 0.04 0.06142506142506143
1 0.9291666666666667 0.48280098280098277 0.045000000000000005 0.04176904176904177
1 0.9641666666666667 0.44717444717444715 0.03166666666666667 0.0687960687960688
