1 0.055 0.66 0.11 0.42000000000000004
1 0.16125 0.665 0.14250000000000002 0.4633333333333334
1 0.2225 0.61 0.125 0.4066666666666667
1 0.31125 0.6050000000000001 0.1125 0.3766666666666667
1 0.34 0.5700000000000001 0.095 0.3066666666666667
1 0.395 0.6166666666666667 0.11 0.3666666666666667
1 0.47750000000000004 0.5800000000000001 0.115 0.3866666666666667
1 0.53 0.61 0.105 0.35333333333333333
1 0.56125 0.5850000000000001 0.0925 0.30333333333333334
1 0.665 0.6033333333333334 0.09 0.29333333333333333
1 0.71125 0.5866666666666667 0.0975 0.32666666666666666
1 0.78125 0.5866666666666667 0.0925 0.3066666666666667
1 0.8250000000000001 0.5733333333333334 0.095 0.32
1 0.86625 0.55 0.0825 0.26666666666666666
1 0.90375 0.55 0.0825 0.26666666666666666
1 0.9475 0.545 0.085 0.2833333333333333
