1 0.18854166666666666 0.503584229390681 0.18541666666666667 0.7849462365591398
1 0.32395833333333335 0.510752688172043 0.12291666666666666 0.5268817204301075
1 0.4427083333333333 0.4982078853046595 0.11458333333333333 0.4946236559139785
1 0.5447916666666667 0.510752688172043 0.09375 0.3978494623655914
1 0.5875 0.503584229390681 0.09166666666666666 0.3835125448028674
1 0.61875 0.5 0.075 0.32616487455197135
1 0.6916666666666667 0.48566308243727596 0.075 0.3118279569892473
1 0.7510416666666666 0.4874551971326165 0.06875 0.2939068100358423
1 0.80625 0.5017921146953405 0.05 0.21505376344086022
1 0.8958333333333334 0.478494623655914 0.05 0.21863799283154123
