1 0.14100000000000001 0.727891156462585 0.054 0.22448979591836735
1 0.191 0.7142857142857143 0.066 0.2789115646258503
1 0.251 0.7040816326530612 0.074 0.31972789115646255
1 0.273 0.38945578231292516 0.054 0.22789115646258504
1 0.396 0.7431972789115646 0.048 0.2074829931972789
1 0.388 0.7448979591836734 0.056 0.24489795918367346
1 0.496 0.7602040816326531 0.06 0.25510204081632654
1 0.54 0.7517006802721088 0.056 0.24489795918367346
1 0.895 0.7942176870748299 0.07 0.30272108843537415
1 0.682 0.6360544217687074 0.032 0.05442176870748299
1 0.139 0.3979591836734694 0.026000000000000002 0.02040816326530612
1 0.169 0.40816326530612246 0.034 0.03401360544217687
1 0.192 0.40476190476190477 0.036000000000000004 0.061224489795918366
1 0.318 0.3622448979591837 0.028 0.07142857142857142
1 0.378 0.38095238095238093 0.016 0.013605442176870748
1 0.402 0.40476190476190477 0.028 0.03401360544217687
1 0.34500000000000003 0.4064625850340136 0.018000000000000002 0.04421768707482993
1 0.766 0.3520408163265306 0.032 0.03741496598639456
1 0.852 0.3724489795918367 0.028 0.030612244897959183
1 0.968 0.38945578231292516 0.024 0.05102040816326531
1 0.834 0.4183673469387755 0.024 0.03401360544217687
1 0.8 0.41666666666666663 0.012 0.030612244897959183
