1 0.06041666666666667 0.8725 0.0175 0.13
1 0.23708333333333334 0.865 0.020833333333333336 0.15
1 0.21041666666666667 0.85 0.015833333333333335 0.12
1 0.195 0.8512500000000001 0.016666666666666666 0.1225
1 0.455 0.8225 0.016666666666666666 0.125
1 0.6225 0.87125 0.030000000000000002 0.2175
1 0.6495833333333334 0.88125 0.0275 0.2025
1 0.71375 0.87125 0.025833333333333337 0.1875
1 0.7408333333333333 0.86625 0.025 0.1925
1 0.7641666666666667 0.87375 0.02666666666666667 0.2025
1 0.7954166666666668 0.8775000000000001 0.025833333333333337 0.19
1 0.5066666666666667 0.8575 0.021666666666666667 0.16
1 0.5508333333333334 0.81625 0.013333333333333334 0.0975
1 0.6875 0.8225 0.011666666666666667 0.085
1 0.3616666666666667 0.7175 0.006666666666666667 0.03
1 0.34750000000000003 0.7525000000000001 0.006666666666666667 0.025
1 0.42500000000000004 0.7275 0.006666666666666667 0.04
1 0.4395833333333334 0.7225 0.0025 0.05
1 0.46208333333333335 0.70125 0.009166666666666667 0.0275
1 0.50625 0.71 0.007500000000000001 0.035
1 0.48750000000000004 0.7000000000000001 0.011666666666666667 0.045
1 0.48833333333333334 0.755 0.016666666666666666 0.025
1 0.5645833333333333 0.7025 0.0125 0.055
1 0.5437500000000001 0.7075 0.007500000000000001 0.04
