1 0.12090909090909091 0.7300242130750606 0.1290909090909091 0.42372881355932207
1 0.36727272727272725 0.75181598062954 0.13454545454545455 0.4430992736077482
1 0.2909090909090909 0.6852300242130751 0.10545454545454545 0.34866828087167073
1 0.49363636363636365 0.6440677966101696 0.1 0.32929782082324455
1 0.5690909090909091 0.6234866828087168 0.08727272727272728 0.28329297820823246
1 0.7181818181818181 0.7542372881355932 0.13090909090909092 0.42372881355932207
1 0.8654545454545455 0.7481840193704601 0.11636363636363636 0.38256658595641646
1 0.7836363636363637 0.5835351089588378 0.05818181818181818 0.19370460048426152
1 0.42272727272727273 0.5581113801452785 0.06 0.1961259079903148
1 0.23545454545454544 0.5217917675544794 0.05272727272727273 0.1719128329297821
1 0.26454545454545453 0.5326876513317191 0.056363636363636366 0.18401937046004843
1 0.6254545454545455 0.5242130750605327 0.03636363636363636 0.11864406779661017
1 0.9336363636363636 0.5302663438256658 0.02727272727272727 0.09685230024213076
1 0.04 0.5677966101694916 0.06909090909090909 0.23002421307506055
1 0.7209090909090909 0.46125907990314774 0.00909090909090909 0.026634382566585957
1 0.7618181818181818 0.4673123486682809 0.007272727272727273 0.03389830508474576
1 0.8781818181818182 0.47336561743341404 0.01818181818181818 0.04116222760290557
1 0.4618181818181818 0.4491525423728814 0.01090909090909091 0.02179176755447942
1 0.17636363636363636 0.450363196125908 0.02181818181818182 0.04842615012106538
1 0.08454545454545455 0.44430992736077485 0.02 0.04116222760290557
1 0.33181818181818185 0.450363196125908 0.005454545454545455 0.053268765133171914
1 0.9572727272727273 0.450363196125908 0.012727272727272728 0.02421307506053269
1 0.02090909090909091 0.40556900726392253 0.012727272727272728 0.031476997578692496
