1 0.08333333333333334 0.6004901960784313 0.04 0.29901960784313725
1 0.14500000000000002 0.6053921568627451 0.043333333333333335 0.3088235294117647
1 0.2016666666666667 0.6078431372549019 0.04 0.29411764705882354
1 0.25583333333333336 0.6274509803921569 0.05166666666666667 0.37254901960784315
1 0.29500000000000004 0.6127450980392157 0.04 0.29411764705882354
1 0.33416666666666667 0.5980392156862745 0.03833333333333334 0.27450980392156865
1 0.385 0.6200980392156863 0.06666666666666667 0.4852941176470588
1 0.45333333333333337 0.6274509803921569 0.030000000000000002 0.21568627450980393
1 0.555 0.6372549019607843 0.06333333333333334 0.45098039215686275
1 0.6191666666666668 0.625 0.03166666666666667 0.23039215686274508
1 0.65 0.6299019607843137 0.03666666666666667 0.25980392156862747
1 0.675 0.625 0.04666666666666667 0.3382352941176471
1 0.7175 0.625 0.04833333333333334 0.35784313725490197
1 0.7691666666666667 0.6225490196078431 0.04166666666666667 0.29411764705882354
1 0.8200000000000001 0.6127450980392157 0.043333333333333335 0.3235294117647059
1 0.8683333333333334 0.6323529411764706 0.04 0.28431372549019607
1 0.9183333333333334 0.6274509803921569 0.02666666666666667 0.20588235294117646
