1 0.074 0.40700000000000003 0.044 0.162
1 0.17066666666666666 0.466 0.050666666666666665 0.184
1 0.06466666666666666 0.706 0.05733333333333333 0.216
1 0.2373333333333333 0.637 0.058666666666666666 0.214
1 0.2833333333333333 0.466 0.04933333333333333 0.184
1 0.36666666666666664 0.47700000000000004 0.05333333333333333 0.198
1 0.3506666666666667 0.592 0.056 0.20800000000000002
1 0.48 0.541 0.058666666666666666 0.218
1 0.6066666666666667 0.587 0.056 0.21
1 0.7013333333333334 0.47300000000000003 0.050666666666666665 0.19
1 0.78 0.447 0.05333333333333333 0.198
1 0.7386666666666667 0.629 0.06666666666666667 0.242
1 0.8806666666666666 0.4 0.044 0.16
1 0.8613333333333333 0.6950000000000001 0.05333333333333333 0.198
1 0.5966666666666667 0.397 0.06 0.094
