1 0.137 0.877643504531722 0.042 0.16012084592145015
1 0.171 0.8444108761329305 0.038 0.1419939577039275
1 0.083 0.7477341389728097 0.022 0.08157099697885196
1 0.176 0.6812688821752266 0.012 0.0513595166163142
1 0.197 0.6918429003021148 0.014 0.060422960725075525
1 0.161 0.6797583081570997 0.018000000000000002 0.06646525679758308
1 0.374 0.6797583081570997 0.016 0.060422960725075525
1 0.34900000000000003 0.756797583081571 0.026000000000000002 0.09365558912386707
1 0.28500000000000003 0.770392749244713 0.026000000000000002 0.1027190332326284
1 0.23800000000000002 0.7885196374622356 0.032 0.1268882175226586
1 0.39 0.7492447129909365 0.024 0.09063444108761329
1 0.431 0.7477341389728097 0.022 0.08157099697885196
1 0.508 0.7386706948640483 0.016 0.06948640483383686
1 0.5730000000000001 0.7341389728096677 0.022 0.08459214501510574
1 0.643 0.7356495468277946 0.022 0.08761329305135952
1 0.675 0.7356495468277946 0.022 0.08761329305135952
1 0.72 0.7386706948640483 0.024 0.08761329305135952
1 0.837 0.7386706948640483 0.018000000000000002 0.0634441087613293
1 0.905 0.7054380664652568 0.018000000000000002 0.0634441087613293
1 0.961 0.7069486404833837 0.01 0.04833836858006042
1 0.934 0.8308157099697885 0.028 0.1148036253776435
1 0.911 0.8217522658610272 0.038 0.14501510574018128
1 0.867 0.8580060422960725 0.03 0.12084592145015105
1 0.398 0.9199395770392749 0.048 0.045317220543806644
1 0.23900000000000002 0.9441087613293051 0.042 0.0634441087613293
1 0.47100000000000003 0.93202416918429 0.046 0.05740181268882175
1 0.523 0.9546827794561934 0.046 0.06646525679758308
1 0.5650000000000001 0.9214501510574018 0.026000000000000002 0.09063444108761329
1 0.653 0.9108761329305136 0.046 0.10574018126888217
1 0.6970000000000001 0.9199395770392749 0.03 0.13595166163141995
1 0.751 0.9018126888217523 0.034 0.1299093655589124
1 0.845 0.9229607250755287 0.046 0.11178247734138973
1 0.32 0.8444108761329305 0.028 0.09365558912386707
1 0.361 0.8277945619335347 0.022 0.06646525679758308
1 0.406 0.8338368580060423 0.048 0.08459214501510574
1 0.45 0.8111782477341389 0.028 0.0755287009063444
1 0.542 0.8217522658610272 0.048 0.06646525679758308
1 0.749 0.7794561933534743 0.038 0.054380664652567974
1 0.6960000000000001 0.7900302114803626 0.024 0.0755287009063444
