1 0.0875 0.5235109717868338 0.14583333333333334 0.5329153605015674
1 0.2604166666666667 0.5438871473354232 0.17916666666666667 0.6551724137931034
1 0.16979166666666667 0.5344827586206896 0.09375 0.35423197492163006
1 0.35625 0.5297805642633229 0.10833333333333334 0.4075235109717868
1 0.49374999999999997 0.5266457680250783 0.15 0.5517241379310345
1 0.70625 0.5391849529780564 0.11666666666666667 0.43260188087774293
1 0.646875 0.5094043887147335 0.07708333333333334 0.2852664576802508
1 0.8270833333333333 0.5156739811912225 0.08333333333333333 0.3103448275862069
1 0.8770833333333333 0.5062695924764891 0.09583333333333333 0.3605015673981191
1 0.9677083333333333 0.5156739811912225 0.06458333333333333 0.34169278996865204
1 0.42916666666666664 0.44984326018808773 0.008333333333333333 0.15987460815047022
1 0.396875 0.3213166144200627 0.01875 0.05956112852664577
1 0.42916666666666664 0.3213166144200627 0.008333333333333333 0.04075235109717868
1 0.5916666666666667 0.4561128526645768 0.020833333333333332 0.2664576802507837
1 0.30625 0.26018808777429464 0.025 0.06269592476489028
1 0.33125 0.24294670846394983 0.0125 0.028213166144200625
1 0.37916666666666665 0.2554858934169279 0.0125 0.034482758620689655
1 0.353125 0.29780564263322884 0.01875 0.06269592476489028
1 0.4125 0.25705329153605017 0.020833333333333332 0.0438871473354232
1 0.5645833333333333 0.30407523510971785 0.029166666666666667 0.050156739811912224
