1 0.04541015625 0.6385630498533724 0.0908203125 0.45894428152492667
1 0.09033203125 0.6737536656891495 0.1025390625 0.37683284457478006
1 0.14697265625 0.6642228739002932 0.0966796875 0.3548387096774194
1 0.21240234375 0.6972140762463344 0.1279296875 0.46774193548387094
1 0.2744140625 0.7133431085043989 0.15234375 0.5615835777126099
1 0.38232421875 0.7148093841642229 0.1552734375 0.5703812316715543
1 0.47265625 0.6942815249266863 0.15625 0.5733137829912024
1 0.6025390625 0.6935483870967742 0.130859375 0.4809384164222874
1 0.546875 0.6759530791788856 0.11328125 0.41935483870967744
1 0.6748046875 0.6422287390029325 0.08984375 0.3284457478005865
1 0.728515625 0.6363636363636364 0.103515625 0.3812316715542522
1 0.77001953125 0.5689149560117303 0.0576171875 0.21114369501466276
1 0.814453125 0.5857771260997068 0.07421875 0.27126099706744866
1 0.8115234375 0.625366568914956 0.076171875 0.28005865102639294
1 0.85888671875 0.5725806451612904 0.0556640625 0.20381231671554254
1 0.88671875 0.5483870967741935 0.041015625 0.15542521994134897
1 0.9072265625 0.5432551319648093 0.0390625 0.14222873900293256
1 0.8388671875 0.5681818181818182 0.052734375 0.19208211143695014
1 0.97802734375 0.5197947214076246 0.0302734375 0.11290322580645161
1 0.96337890625 0.5190615835777126 0.0224609375 0.08504398826979472
1 0.95263671875 0.5153958944281525 0.0205078125 0.08064516129032258
1 0.93994140625 0.5102639296187683 0.0205078125 0.07624633431085044
1 0.92919921875 0.5080645161290323 0.0224609375 0.08651026392961877
1 0.0576171875 0.46847507331378296 0.0390625 0.0718475073313783
1 0.1171875 0.45894428152492667 0.044921875 0.04985337243401759
1 0.01611328125 0.3651026392961877 0.0322265625 0.07624633431085044
1 0.052734375 0.375366568914956 0.046875 0.08211143695014662
1 0.2265625 0.4178885630498534 0.05078125 0.07624633431085044
1 0.2783203125 0.40542521994134895 0.03125 0.06304985337243402
1 0.3056640625 0.4120234604105572 0.03125 0.06744868035190615
1 0.32275390625 0.41275659824046923 0.0185546875 0.05718475073313783
1 0.33056640625 0.48607038123167157 0.0498046875 0.06598240469208211
1 0.4541015625 0.5073313782991202 0.037109375 0.08504398826979472
1 0.17236328125 0.47653958944281527 0.0458984375 0.07624633431085044
1 0.70751953125 0.4714076246334311 0.0224609375 0.04838709677419355
1 0.78125 0.4941348973607038 0.033203125 0.04398826979472141
