1 0.028 0.564179104477612 0.056 0.2985074626865672
1 0.075 0.664179104477612 0.098 0.36716417910447763
1 0.14100000000000001 0.6208955223880597 0.09 0.3283582089552239
1 0.17400000000000002 0.5567164179104478 0.08 0.2955223880597015
1 0.23800000000000002 0.6537313432835821 0.092 0.33432835820895523
1 0.218 0.5791044776119403 0.08 0.2985074626865672
1 0.28200000000000003 0.5940298507462687 0.092 0.33432835820895523
1 0.303 0.5492537313432836 0.082 0.3044776119402985
1 0.368 0.5626865671641791 0.08 0.2955223880597015
1 0.41400000000000003 0.6447761194029851 0.088 0.3283582089552239
1 0.43 0.5701492537313433 0.08 0.29253731343283584
1 0.542 0.6283582089552239 0.088 0.33134328358208953
1 0.5720000000000001 0.5895522388059702 0.084 0.31343283582089554
1 0.496 0.5552238805970149 0.08 0.2985074626865672
1 0.431 0.5164179104477612 0.07 0.25671641791044775
1 0.464 0.5059701492537313 0.064 0.2417910447761194
1 0.72 0.6179104477611941 0.092 0.34626865671641793
1 0.648 0.7432835820895523 0.112 0.41194029850746267
1 0.86 0.6074626865671642 0.092 0.34328358208955223
1 0.8240000000000001 0.5567164179104478 0.08 0.2955223880597015
1 0.743 0.5417910447761194 0.078 0.2835820895522388
1 0.651 0.5388059701492537 0.082 0.30149253731343284
1 0.6960000000000001 0.5686567164179105 0.08 0.2955223880597015
1 0.592 0.5417910447761194 0.076 0.27761194029850744
1 0.975 0.5925373134328358 0.05 0.3373134328358209
1 0.9480000000000001 0.5134328358208955 0.07200000000000001 0.26865671641791045
1 0.905 0.43582089552238806 0.066 0.2507462686567164
1 0.772 0.40597014925373137 0.068 0.2507462686567164
1 0.727 0.408955223880597 0.066 0.24477611940298508
1 0.682 0.41194029850746267 0.068 0.2507462686567164
1 0.644 0.3940298507462687 0.064 0.23880597014925373
1 0.6 0.36716417910447763 0.056 0.20298507462686569
1 0.481 0.3597014925373134 0.05 0.1880597014925373
1 0.45 0.3447761194029851 0.052000000000000005 0.19402985074626866
1 0.386 0.34776119402985073 0.048 0.18208955223880596
1 0.35100000000000003 0.33432835820895523 0.046 0.17313432835820897
1 0.301 0.3283582089552239 0.042 0.15522388059701492
1 0.272 0.32686567164179103 0.044 0.1582089552238806
1 0.223 0.3119402985074627 0.042 0.16417910447761194
1 0.187 0.3164179104477612 0.046 0.17313432835820897
1 0.156 0.30149253731343284 0.04 0.15522388059701492
1 0.133 0.2985074626865672 0.038 0.14328358208955225
1 0.08 0.3029850746268657 0.044 0.1582089552238806
1 0.044 0.28059701492537314 0.036000000000000004 0.13134328358208955
1 0.018000000000000002 0.28507462686567164 0.032 0.12238805970149254
1 0.864 0.23432835820895523 0.036000000000000004 0.14029850746268657
1 0.852 0.23432835820895523 0.036000000000000004 0.13432835820895522
1 0.766 0.23880597014925373 0.028 0.10746268656716418
1 0.907 0.23432835820895523 0.034 0.13432835820895522
1 0.937 0.22835820895522388 0.034 0.13432835820895522
1 0.9530000000000001 0.23582089552238805 0.034 0.13134328358208955
1 0.985 0.23432835820895523 0.03 0.12835820895522387
1 0.279 0.16567164179104477 0.018000000000000002 0.0746268656716418
1 0.335 0.16268656716417912 0.018000000000000002 0.0746268656716418
1 0.355 0.16268656716417912 0.022 0.08656716417910448
1 0.804 0.1373134328358209 0.02 0.07164179104477612
1 0.837 0.13134328358208955 0.018000000000000002 0.06567164179104477
1 0.858 0.13582089552238807 0.016 0.0626865671641791
1 0.872 0.13432835820895522 0.02 0.07164179104477612
1 0.596 0.15223880597014924 0.02 0.07164179104477612
1 0.581 0.1537313432835821 0.018000000000000002 0.0746268656716418
1 0.546 0.15522388059701492 0.02 0.08358208955223881
1 0.519 0.15522388059701492 0.022 0.07761194029850746
1 0.053 0.4134328358208955 0.042 0.06865671641791045
1 0.10400000000000001 0.42686567164179107 0.04 0.07164179104477612
1 0.181 0.40298507462686567 0.026000000000000002 0.05970149253731343
1 0.312 0.3925373134328358 0.02 0.05074626865671642
1 0.358 0.4014925373134328 0.032 0.05074626865671642
1 0.515 0.3850746268656716 0.034 0.05970149253731343
1 0.521 0.32985074626865674 0.038 0.06865671641791045
1 0.5660000000000001 0.3567164179104478 0.052000000000000005 0.0746268656716418
1 0.608 0.3850746268656716 0.04 0.05970149253731343
