1 0.0245 0.4755381604696673 0.033 0.16046966731898238
1 0.0495 0.44422700587084146 0.029 0.14481409001956946
1 0.08700000000000001 0.49608610567514677 0.034 0.16634050880626222
1 0.1015 0.4461839530332681 0.031 0.15264187866927592
1 0.1265 0.5176125244618395 0.035 0.17416829745596868
1 0.1495 0.46966731898238745 0.029 0.14481409001956946
1 0.183 0.5587084148727984 0.034 0.16634050880626222
1 0.244 0.5743639921722113 0.04 0.19765166340508805
1 0.266 0.5185909980430528 0.032 0.15655577299412915
1 0.218 0.4549902152641878 0.028 0.13894324853228962
1 0.192 0.4344422700587084 0.03 0.1487279843444227
1 0.157 0.4334637964774951 0.026000000000000002 0.13111545988258316
1 0.1275 0.3972602739726027 0.023 0.11350293542074363
1 0.319 0.6086105675146771 0.042 0.19960861056751467
1 0.313 0.5342465753424657 0.038 0.18786692759295498
1 0.4925 0.6027397260273972 0.043000000000000003 0.2035225048923679
1 0.41450000000000004 0.6614481409001957 0.045 0.2191780821917808
1 0.3955 0.5694716242661448 0.039 0.1917808219178082
1 0.3775 0.5136986301369862 0.033 0.162426614481409
1 0.526 0.6986301369863013 0.052000000000000005 0.25048923679060664
1 0.5535 0.573385518590998 0.037 0.18003913894324852
1 0.5965 0.6379647749510763 0.045 0.21526418786692758
1 0.6425 0.74853228962818 0.053 0.25244618395303325
1 0.719 0.6810176125244618 0.048 0.2309197651663405
1 0.779 0.6232876712328766 0.04 0.19373776908023482
1 0.777 0.8238747553816046 0.058 0.27788649706457924
1 0.8455 0.7563600782778864 0.053 0.25244618395303325
1 0.8995 0.6888454011741683 0.051000000000000004 0.24266144814090018
1 0.9315 0.6418786692759295 0.043000000000000003 0.21135029354207435
1 0.964 0.6066536203522505 0.04 0.1917808219178082
1 0.984 0.595890410958904 0.032 0.23679060665362034
1 0.8230000000000001 0.5821917808219178 0.04 0.19765166340508805
1 0.88 0.5391389432485323 0.038 0.18590998043052837
1 0.9055 0.5185909980430528 0.039 0.1917808219178082
1 0.6475 0.5919765166340508 0.043000000000000003 0.2054794520547945
1 0.7125 0.5469667318982387 0.037 0.18199608610567514
1 0.7385 0.5254403131115459 0.043000000000000003 0.20939334637964774
1 0.6895 0.47162426614481406 0.035 0.17221135029354206
1 0.601 0.5176125244618395 0.032 0.15459882583170254
1 0.46900000000000003 0.5244618395303327 0.034 0.16829745596868884
1 0.4455 0.48140900195694714 0.033 0.15655577299412915
1 0.4185 0.44716242661448136 0.025 0.1232876712328767
1 0.406 0.41291585127201563 0.024 0.12133072407045009
