1 0.05334728033472803 0.692857142857143 0.06903765690376569 0.19523809523809527
1 0.16841004184100417 0.686904761904762 0.0815899581589958 0.23095238095238096
1 0.21025104602510458 0.686904761904762 0.0606694560669456 0.16904761904761906
1 0.24895397489539747 0.692857142857143 0.05439330543933054 0.1523809523809524
1 0.28870292887029286 0.6904761904761906 0.02928870292887029 0.08571428571428572
1 0.34518828451882844 0.6880952380952382 0.050209205020920494 0.14761904761904762
1 0.39748953974895396 0.6880952380952382 0.06276150627615062 0.18095238095238098
1 0.450836820083682 0.6916666666666668 0.05648535564853556 0.15476190476190477
1 0.48640167364016734 0.6833333333333333 0.05648535564853556 0.1619047619047619
1 0.5146443514644351 0.6857142857142857 0.05857740585774058 0.1619047619047619
1 0.5658995815899581 0.686904761904762 0.06485355648535564 0.18809523809523812
1 0.5951882845188284 0.6821428571428572 0.06903765690376569 0.19761904761904764
1 0.5491631799163179 0.6797619047619048 0.0606694560669456 0.17380952380952383
1 0.707112970711297 0.6857142857142857 0.08368200836820083 0.2380952380952381
1 0.7510460251046025 0.680952380952381 0.08368200836820083 0.23333333333333336
1 0.862970711297071 0.6785714285714286 0.09414225941422594 0.2619047619047619
1 0.9456066945606694 0.6678571428571429 0.08368200836820083 0.23095238095238096
1 0.9717573221757322 0.686904761904762 0.05648535564853556 0.2690476190476191
1 0.6820083682008368 0.6845238095238095 0.03347280334728033 0.09761904761904763
1 0.11297071129707112 0.692857142857143 0.04184100418410042 0.1142857142857143
1 0.4728033472803347 0.4416666666666667 0.25941422594142255 0.55
1 0.03242677824267782 0.7488095238095239 0.05648535564853556 0.11666666666666668
1 0.5679916317991631 0.7392857142857143 0.0899581589958159 0.14047619047619048
