1 0.023333333333333334 0.54625 0.043333333333333335 0.1575
1 0.0575 0.5337500000000001 0.025 0.0975
1 0.07250000000000001 0.53 0.03166666666666667 0.115
1 0.09333333333333334 0.53625 0.030000000000000002 0.1125
1 0.10666666666666667 0.54125 0.030000000000000002 0.1125
1 0.1325 0.54875 0.03166666666666667 0.11750000000000001
1 0.1575 0.5375 0.025 0.1
1 0.19166666666666668 0.54 0.02666666666666667 0.105
1 0.22166666666666668 0.5625 0.04666666666666667 0.17
1 0.30583333333333335 0.585 0.055 0.21
1 0.26083333333333336 0.55 0.028333333333333335 0.11
1 0.32333333333333336 0.5475 0.030000000000000002 0.115
1 0.36083333333333334 0.5525 0.03166666666666667 0.125
1 0.405 0.5650000000000001 0.04 0.155
1 0.49000000000000005 0.63375 0.07333333333333333 0.2775
1 0.5041666666666667 0.585 0.04833333333333334 0.17500000000000002
1 0.535 0.56125 0.030000000000000002 0.1075
1 0.6166666666666667 0.6575 0.09000000000000001 0.33
1 0.7533333333333334 0.61375 0.06666666666666667 0.2425
