1 0.058091286307053944 0.6242236024844721 0.0954356846473029 0.35403726708074534
1 0.14315352697095435 0.6024844720496894 0.08713692946058091 0.3167701863354037
1 0.18775933609958506 0.6335403726708074 0.0975103734439834 0.35403726708074534
1 0.258298755186722 0.6335403726708074 0.0975103734439834 0.35403726708074534
1 0.29771784232365145 0.6195652173913043 0.07676348547717843 0.2888198757763975
1 0.32468879668049794 0.5993788819875776 0.07676348547717843 0.2857142857142857
1 0.3651452282157676 0.6304347826086956 0.0912863070539419 0.3416149068322981
1 0.46473029045643155 0.6257763975155279 0.0954356846473029 0.3571428571428571
1 0.4429460580912863 0.5947204968944099 0.07261410788381743 0.2763975155279503
1 0.4190871369294606 0.577639751552795 0.07053941908713693 0.2670807453416149
1 0.5114107883817427 0.6288819875776397 0.08506224066390042 0.3198757763975155
1 0.5767634854771784 0.639751552795031 0.0912863070539419 0.3354037267080745
1 0.6244813278008299 0.5978260869565217 0.08298755186721991 0.3012422360248447
1 0.6804979253112033 0.6568322981366459 0.08298755186721991 0.3074534161490683
1 0.7074688796680498 0.6226708074534161 0.06639004149377593 0.2453416149068323
1 0.7468879668049793 0.6226708074534161 0.07468879668049792 0.2763975155279503
1 0.7863070539419087 0.6040372670807453 0.07883817427385892 0.2888198757763975
1 0.8381742738589212 0.6164596273291925 0.07468879668049792 0.2826086956521739
1 0.8630705394190872 0.6055900621118012 0.07468879668049792 0.27329192546583847
1 0.9056016597510373 0.6273291925465838 0.07676348547717843 0.2795031055900621
1 0.9740663900414938 0.6444099378881987 0.05186721991701245 0.32608695652173914
1 0.10580912863070539 0.5900621118012422 0.07053941908713693 0.2546583850931677
1 0.03112033195020747 0.5807453416149068 0.06224066390041494 0.27329192546583847
1 0.241701244813278 0.6009316770186335 0.08091286307053942 0.3012422360248447
1 0.22821576763485477 0.4798136645962733 0.03734439834024896 0.03416149068322981
1 0.11514522821576763 0.47360248447204967 0.01867219917012448 0.040372670807453416
1 0.28319502074688796 0.48447204968944096 0.03112033195020747 0.07453416149068323
1 0.5020746887966805 0.4798136645962733 0.03319502074688797 0.05279503105590062
1 0.5549792531120332 0.47360248447204967 0.026970954356846474 0.05900621118012422
1 0.6701244813278008 0.48136645962732916 0.05394190871369295 0.06832298136645962
1 0.7645228215767634 0.5015527950310559 0.035269709543568464 0.046583850931677016
1 0.7230290456431535 0.49223602484472045 0.026970954356846474 0.046583850931677016
1 0.9128630705394191 0.4906832298136646 0.029045643153526972 0.043478260869565216
