1 0.089 0.4339622641509434 0.066 0.2641509433962264
1 0.155 0.4858490566037736 0.08600000000000001 0.3364779874213837
1 0.35000000000000003 0.42452830188679247 0.056 0.22641509433962265
1 0.468 0.6179245283018868 0.168 0.6509433962264152
1 0.514 0.4025157232704403 0.048 0.1949685534591195
1 0.636 0.449685534591195 0.06 0.2389937106918239
1 0.761 0.529874213836478 0.106 0.4119496855345912
1 0.92 0.5015723270440252 0.1 0.3805031446540881
1 0.861 0.4166666666666667 0.038 0.14779874213836477
1 0.026000000000000002 0.30503144654088055 0.044 0.169811320754717
1 0.16 0.31918238993710696 0.032 0.1289308176100629
1 0.234 0.30188679245283023 0.04 0.15723270440251574
1 0.091 0.28459119496855345 0.034 0.1289308176100629
1 0.128 0.30503144654088055 0.032 0.1320754716981132
1 0.062 0.25471698113207547 0.028 0.06918238993710692
1 0.044 0.25943396226415094 0.02 0.05345911949685535
1 0.029 0.23270440251572327 0.014 0.04402515723270441
1 0.12 0.24213836477987422 0.024 0.03773584905660378
1 0.148 0.25157232704402516 0.02 0.03773584905660378
1 0.704 0.29245283018867924 0.02 0.05660377358490566
1 0.729 0.29874213836477986 0.026000000000000002 0.05660377358490566
1 0.748 0.2893081761006289 0.024 0.05660377358490566
1 0.774 0.2893081761006289 0.028 0.06289308176100629
1 0.791 0.29245283018867924 0.018000000000000002 0.03773584905660378
1 0.801 0.2893081761006289 0.014 0.03773584905660378
1 0.8150000000000001 0.29559748427672955 0.018000000000000002 0.06289308176100629
1 0.8310000000000001 0.2893081761006289 0.014 0.04402515723270441
1 0.842 0.2971698113207547 0.02 0.04716981132075472
1 0.868 0.2893081761006289 0.02 0.04402515723270441
1 0.882 0.2861635220125786 0.02 0.05660377358490566
1 0.9 0.2908805031446541 0.02 0.04088050314465409
1 0.923 0.2893081761006289 0.014 0.031446540880503145
1 0.9520000000000001 0.29874213836477986 0.028 0.05660377358490566
1 0.969 0.2971698113207547 0.022 0.04088050314465409
1 0.982 0.29874213836477986 0.016 0.04402515723270441
1 0.906 0.34905660377358494 0.028 0.03773584905660378
