1 0.06777777777777778 0.692156862745098 0.10444444444444445 0.45098039215686275
1 0.1388888888888889 0.707843137254902 0.1 0.44313725490196076
1 0.19111111111111112 0.7 0.10666666666666666 0.4588235294117647
1 0.25666666666666665 0.7019607843137254 0.10444444444444445 0.44705882352941173
1 0.3211111111111111 0.7019607843137254 0.10444444444444445 0.4549019607843137
1 0.39444444444444443 0.7058823529411764 0.10444444444444445 0.4549019607843137
1 0.4588888888888889 0.7098039215686275 0.10444444444444445 0.4627450980392157
1 0.5244444444444445 0.7137254901960784 0.10666666666666666 0.4627450980392157
1 0.5944444444444444 0.7176470588235294 0.10888888888888888 0.47058823529411764
1 0.6666666666666666 0.696078431372549 0.1111111111111111 0.4823529411764706
1 0.7244444444444444 0.6843137254901961 0.1111111111111111 0.49019607843137253
1 0.7766666666666666 0.6745098039215687 0.10444444444444445 0.4627450980392157
1 0.8311111111111111 0.6666666666666666 0.09777777777777778 0.4235294117647059
1 0.8944444444444445 0.6803921568627451 0.09111111111111111 0.396078431372549
1 0.9422222222222222 0.6549019607843137 0.09777777777777778 0.43137254901960786
1 0.11555555555555555 0.8058823529411765 0.08 0.34901960784313724
1 0.17777777777777778 0.8235294117647058 0.07555555555555556 0.32941176470588235
1 0.25222222222222224 0.8196078431372549 0.07333333333333333 0.32156862745098036
1 0.30666666666666664 0.8215686274509804 0.07555555555555556 0.3333333333333333
1 0.36666666666666664 0.8235294117647058 0.07555555555555556 0.33725490196078434
1 0.43222222222222223 0.8137254901960784 0.07777777777777778 0.34901960784313724
1 0.4955555555555556 0.8156862745098039 0.07555555555555556 0.32941176470588235
1 0.5533333333333333 0.8196078431372549 0.07555555555555556 0.32156862745098036
1 0.6088888888888889 0.8176470588235294 0.07555555555555556 0.3333333333333333
1 0.6544444444444445 0.8196078431372549 0.07777777777777778 0.33725490196078434
1 0.7244444444444444 0.8196078431372549 0.08 0.34509803921568627
1 0.7788888888888889 0.8176470588235294 0.07777777777777778 0.3411764705882353
1 0.8544444444444445 0.807843137254902 0.08222222222222222 0.3607843137254902
