1 0.682 0.6671122994652406 0.196 0.6443850267379678
1 0.421 0.7406417112299465 0.154 0.5026737967914439
1 0.774 0.643048128342246 0.216 0.7032085561497325
1 0.20700000000000002 0.3716577540106952 0.198 0.6470588235294117
1 0.127 0.4679144385026738 0.254 0.9304812834224598
1 0.484 0.2994652406417112 0.17200000000000001 0.5668449197860962
1 0.639 0.23796791443850265 0.14200000000000002 0.4652406417112299
1 0.79 0.2620320855614973 0.16 0.5240641711229946
1 0.9380000000000001 0.3850267379679144 0.124 0.4117647058823529
1 0.898 0.2606951871657754 0.152 0.49999999999999994
1 0.279 0.3155080213903743 0.17 0.5614973262032085
1 0.614 0.49999999999999994 0.14 0.4652406417112299
1 0.516 0.4839572192513369 0.156 0.5133689839572192
1 0.378 0.4211229946524064 0.12 0.3983957219251337
1 0.5630000000000001 0.19652406417112298 0.11 0.3609625668449198
1 0.718 0.21122994652406415 0.112 0.3689839572192513
1 0.323 0.1229946524064171 0.094 0.1550802139037433
