1 0.11611111111111111 0.6975 0.11222222222222222 0.4116666666666667
1 0.027777777777777776 0.6466666666666667 0.04666666666666667 0.17
1 0.3438888888888889 0.5391666666666667 0.07888888888888888 0.2916666666666667
1 0.39555555555555555 0.54 0.06888888888888889 0.25333333333333335
1 0.6038888888888889 0.5366666666666667 0.09222222222222222 0.3433333333333334
1 0.6488888888888888 0.5366666666666667 0.08222222222222222 0.30000000000000004
1 0.86 0.6375000000000001 0.044444444444444446 0.165
1 0.8072222222222222 0.6266666666666667 0.03666666666666667 0.13333333333333333
1 0.7833333333333333 0.6333333333333334 0.03111111111111111 0.11333333333333334
1 0.7344444444444445 0.6216666666666667 0.028888888888888888 0.11
1 0.93 0.6383333333333334 0.042222222222222223 0.15666666666666668
1 0.7072222222222222 0.6091666666666667 0.025555555555555557 0.09833333333333334
1 0.5561111111111111 0.6241666666666668 0.027777777777777776 0.10500000000000001
1 0.5272222222222223 0.6283333333333334 0.03 0.11333333333333334
1 0.4922222222222222 0.6266666666666667 0.024444444444444446 0.09333333333333334
1 0.46555555555555556 0.6258333333333334 0.024444444444444446 0.08833333333333333
1 0.9755555555555555 0.6483333333333334 0.04 0.14666666666666667
1 0.8783333333333333 0.6366666666666667 0.04111111111111111 0.15000000000000002
1 0.1922222222222222 0.6358333333333334 0.03333333333333333 0.12166666666666667
1 0.9833333333333333 0.6358333333333334 0.03333333333333333 0.15833333333333335
1 0.5761111111111111 0.6216666666666667 0.027777777777777776 0.10666666666666667
1 0.41055555555555556 0.6283333333333334 0.021111111111111112 0.06333333333333334
1 0.4388888888888889 0.6266666666666667 0.024444444444444446 0.05666666666666667
1 0.9311111111111111 0.5575 0.022222222222222223 0.028333333333333335
1 0.08944444444444444 0.665 0.03888888888888889 0.10666666666666667
