1 0.6393333333333333 0.7862232779097388 0.09466666666666666 0.4133016627078385
1 0.868 0.668646080760095 0.050666666666666665 0.22565320665083136
1 0.9166666666666666 0.655581947743468 0.04666666666666666 0.20427553444180524
1 0.9613333333333333 0.655581947743468 0.048 0.2137767220902613
1 0.7633333333333333 0.65083135391924 0.044 0.19477434679334918
1 0.8099999999999999 0.6270783847980997 0.036 0.15676959619952494
1 0.8386666666666667 0.6211401425178148 0.024 0.11163895486935868
1 0.73 0.666270783847981 0.04666666666666666 0.20190023752969122
1 0.7026666666666667 0.6294536817102138 0.032 0.1472684085510689
1 0.6753333333333333 0.656769596199525 0.04666666666666666 0.20665083135391926
1 0.2553333333333333 0.7434679334916865 0.11333333333333333 0.498812351543943
1 0.348 0.7078384798099763 0.07466666666666666 0.32304038004750596
1 0.3833333333333333 0.6959619952494062 0.06 0.2660332541567696
1 0.42666666666666664 0.6757719714964371 0.05333333333333333 0.23515439429928742
1 0.4666666666666667 0.668646080760095 0.058666666666666666 0.2589073634204276
1 0.058666666666666666 0.7137767220902613 0.088 0.38717339667458434
1 0.49066666666666664 0.652019002375297 0.048 0.2161520190023753
1 0.5546666666666666 0.6460807600950119 0.050666666666666665 0.21852731591448932
1 0.578 0.6817102137767221 0.04666666666666666 0.20902612826603326
1 0.5166666666666666 0.6247030878859858 0.025333333333333333 0.11876484560570072
1 0.538 0.6092636579572447 0.030666666666666665 0.13539192399049882
1 0.14466666666666667 0.7505938242280286 0.08933333333333333 0.3942992874109264
1 0.21466666666666667 0.7482185273159145 0.09866666666666667 0.43705463182897863
1 0.08 0.6437054631828979 0.050666666666666665 0.21852731591448932
1 0.12066666666666666 0.6591448931116389 0.05466666666666666 0.24465558194774348
1 0.174 0.6852731591448932 0.06266666666666666 0.2779097387173397
1 0.29866666666666664 0.6935866983372921 0.06133333333333333 0.2755344418052257
1 0.5573333333333333 0.6472684085510689 0.048 0.20665083135391926
1 0.32 0.5866983372921616 0.03733333333333333 0.07600950118764846
1 0.65 0.5736342042755345 0.03333333333333333 0.10213776722090262
