1 0.052173913043478265 0.855899419729207 0.0782608695652174 0.2572533849129594
1 0.23550724637681159 0.8655705996131529 0.07391304347826087 0.24564796905222439
1 0.32173913043478264 0.8617021276595744 0.0782608695652174 0.2572533849129594
1 0.4847826086956522 0.8636363636363636 0.07681159420289856 0.2495164410058027
1 0.5688405797101449 0.8733075435203095 0.07101449275362319 0.23404255319148937
1 0.658695652173913 0.8665377176015474 0.07681159420289856 0.2514506769825919
1 0.7478260869565218 0.8665377176015474 0.07246376811594203 0.23984526112185686
1 0.8159420289855073 0.851063829787234 0.08405797101449275 0.2746615087040619
1 0.9507246376811594 0.5947775628626693 0.03768115942028986 0.12572533849129594
1 0.8608695652173913 0.5967117988394585 0.034782608695652174 0.11798839458413926
1 0.7905797101449276 0.5957446808510638 0.036231884057971016 0.11605415860735009
1 0.6920289855072463 0.5986460348162476 0.0391304347826087 0.12959381044487428
1 0.5847826086956521 0.6615087040618955 0.04492753623188406 0.1470019342359768
1 0.413768115942029 0.6518375241779497 0.042028985507246375 0.13539651837524178
1 0.27246376811594203 0.5909090909090909 0.03188405797101449 0.1102514506769826
1 0.1782608695652174 0.5986460348162476 0.03188405797101449 0.10638297872340426
1 0.08550724637681159 0.597678916827853 0.034782608695652174 0.11992263056092843
1 0.013768115942028985 0.59284332688588 0.02753623188405797 0.12959381044487428
1 0.016666666666666666 0.5725338491295938 0.03333333333333333 0.11605415860735009
1 0.04927536231884058 0.5793036750483559 0.028985507246376812 0.09477756286266925
1 0.10362318840579711 0.5764023210831721 0.02753623188405797 0.09671179883945842
1 0.12971014492753624 0.5773694390715667 0.030434782608695653 0.09864603481624758
1 0.1565217391304348 0.5764023210831721 0.028985507246376812 0.10058027079303675
1 0.19057971014492753 0.5802707930367504 0.02753623188405797 0.09284332688588008
1 0.21521739130434783 0.5783365570599613 0.030434782608695653 0.10444874274661509
1 0.23623188405797102 0.5541586073500967 0.026086956521739132 0.09090909090909091
1 0.25434782608695655 0.5686653771760155 0.030434782608695653 0.10444874274661509
1 0.27898550724637683 0.5754352030947776 0.03333333333333333 0.1102514506769826
1 0.3094202898550725 0.5676982591876208 0.036231884057971016 0.11798839458413926
1 0.34420289855072467 0.5686653771760155 0.03333333333333333 0.10831721470019343
1 0.3717391304347826 0.5676982591876208 0.03333333333333333 0.11411992263056094
1 0.6079710144927536 0.5696324951644101 0.02753623188405797 0.09477756286266925
1 0.6420289855072464 0.5676982591876208 0.026086956521739132 0.09090909090909091
1 0.6731884057971015 0.5657640232108317 0.030434782608695653 0.10251450676982592
1 0.7028985507246377 0.5705996131528046 0.028985507246376812 0.09671179883945842
1 0.7333333333333334 0.5599613152804642 0.028985507246376812 0.09864603481624758
1 0.755072463768116 0.5638297872340425 0.03188405797101449 0.10251450676982592
1 0.7760869565217391 0.5618955512572534 0.030434782608695653 0.09864603481624758
1 0.8166666666666667 0.5618955512572534 0.03333333333333333 0.1102514506769826
1 0.8420289855072464 0.5522243713733076 0.03188405797101449 0.10251450676982592
1 0.8963768115942029 0.558027079303675 0.030434782608695653 0.10638297872340426
1 0.918840579710145 0.558027079303675 0.03188405797101449 0.10638297872340426
1 0.9579710144927537 0.558027079303675 0.03188405797101449 0.10638297872340426
1 0.9768115942028985 0.5551257253384912 0.028985507246376812 0.09284332688588008
1 0.5855072463768116 0.5560928433268859 0.026086956521739132 0.08317214700193423
1 0.5398550724637681 0.5270793036750484 0.030434782608695653 0.10638297872340426
1 0.5231884057971015 0.59284332688588 0.03768115942028986 0.1218568665377176
1 0.48768115942028983 0.59284332688588 0.036231884057971016 0.1218568665377176
1 0.4681159420289855 0.5541586073500967 0.026086956521739132 0.09090909090909091
1 0.45072463768115945 0.5290135396518375 0.028985507246376812 0.09477756286266925
1 0.4985507246376812 0.5270793036750484 0.028985507246376812 0.09477756286266925
1 0.5159420289855072 0.52321083172147 0.02318840579710145 0.07543520309477757
1 0.14420289855072463 0.5444874274661509 0.02463768115942029 0.0793036750483559
1 0.02826086956521739 0.558027079303675 0.030434782608695653 0.10638297872340426
