1 0.1 0.7695167286245352 0.15000000000000002 0.44609665427509293
1 0.25625000000000003 0.8011152416356877 0.09375 0.27137546468401486
1 0.340625 0.7862453531598512 0.1125 0.3382899628252788
1 0.465625 0.7788104089219331 0.08750000000000001 0.25650557620817843
1 0.4 0.7881040892193308 0.07500000000000001 0.22304832713754646
1 0.6265625 0.7565055762081784 0.134375 0.3903345724907063
1 0.8015625000000001 0.7490706319702601 0.09062500000000001 0.2639405204460966
1 0.9546875 0.7360594795539033 0.07187500000000001 0.21561338289962825
1 0.884375 0.7453531598513011 0.0625 0.1821561338289963
1 0.7140625 0.7546468401486989 0.046875 0.13382899628252787
1 0.540625 0.7695167286245352 0.043750000000000004 0.13382899628252787
1 0.2015625 0.7881040892193308 0.034375 0.11152416356877323
1 0.060937500000000006 0.8159851301115241 0.078125 0.22676579925650556
1 0.0234375 0.8159851301115241 0.046875 0.137546468401487
1 0.2859375 0.8048327137546468 0.059375000000000004 0.17472118959107805
1 0.9109375000000001 0.741635687732342 0.034375 0.10780669144981413
