1 0.8805194805194805 0.8336594911937377 0.08831168831168831 0.324853228962818
1 0.759090909090909 0.8101761252446184 0.1025974025974026 0.37573385518590996
1 0.8142857142857143 0.8111545988258316 0.09350649350649351 0.34637964774951074
1 0.5753246753246753 0.8297455968688845 0.08831168831168831 0.324853228962818
1 0.22662337662337662 0.7827788649706457 0.08181818181818182 0.30528375733855184
1 0.2961038961038961 0.7632093933463796 0.08051948051948052 0.2974559686888454
1 0.2766233766233766 0.7270058708414873 0.07792207792207792 0.29158512720156554
1 0.2532467532467532 0.7592954990215264 0.07272727272727272 0.26614481409001955
1 0.40324675324675324 0.7788649706457925 0.07662337662337662 0.28180039138943247
1 0.4292207792207792 0.786692759295499 0.07142857142857142 0.2622309197651663
1 0.4954545454545455 0.7671232876712328 0.06883116883116883 0.2583170254403131
1 0.5493506493506494 0.738747553816047 0.06753246753246753 0.25244618395303325
1 0.7064935064935065 0.6927592954990215 0.04155844155844156 0.15264187866927592
1 0.10844155844155844 0.7152641878669276 0.045454545454545456 0.17025440313111545
1 0.1603896103896104 0.6986301369863013 0.048051948051948054 0.18003913894324852
1 0.05194805194805195 0.6937377690802348 0.03896103896103896 0.14677103718199608
1 0.10324675324675325 0.6780821917808219 0.03766233766233766 0.13894324853228962
1 0.1474025974025974 0.6731898238747553 0.03506493506493506 0.13307240704500978
1 0.013636363636363636 0.6624266144814089 0.02727272727272727 0.09980430528375733
1 0.19155844155844157 0.6565557729941291 0.024675324675324677 0.09197651663405088
1 0.22402597402597402 0.6751467710371819 0.02987012987012987 0.11350293542074363
1 0.34025974025974026 0.6761252446183953 0.03896103896103896 0.1506849315068493
1 0.935064935064935 0.6771037181996086 0.033766233766233764 0.12524461839530332
1 0.8961038961038961 0.6702544031311154 0.033766233766233764 0.1232876712328767
1 0.9707792207792207 0.6780821917808219 0.02987012987012987 0.11154598825831702
1 0.6396103896103896 0.6634050880626223 0.02207792207792208 0.0821917808219178
1 0.6045454545454545 0.6545988258317025 0.032467532467532464 0.11937377690802348
1 0.45454545454545453 0.6722113502935421 0.033766233766233764 0.1232876712328767
1 0.5337662337662338 0.6673189823874754 0.02857142857142857 0.10567514677103718
