1 0.09210526315789473 0.6350540216086434 0.13508771929824562 0.2280912364945978
1 0.18157894736842106 0.6230492196878751 0.18070175438596492 0.3025210084033613
1 0.2824561403508772 0.6278511404561824 0.16140350877192983 0.2689075630252101
1 0.38333333333333336 0.6278511404561824 0.1456140350877193 0.24729891956782712
1 0.5771929824561404 0.6338535414165666 0.14385964912280702 0.24009603841536614
1 0.6657894736842105 0.634453781512605 0.1385964912280702 0.23169267707082833
1 0.7368421052631579 0.6278511404561824 0.14385964912280702 0.24009603841536614
1 0.775438596491228 0.617046818727491 0.1649122807017544 0.27611044417767105
1 0.8429824561403509 0.6392557022809123 0.1736842105263158 0.2941176470588235
1 0.9526315789473684 0.6284513805522208 0.09473684210526316 0.24849939975990396
1 0.9385964912280702 0.6290516206482593 0.12280701754385966 0.20888355342136852
1 0.04649122807017544 0.6416566626650659 0.09298245614035087 0.20528211284513803
1 0.4692982456140351 0.634453781512605 0.12105263157894737 0.20528211284513803
1 0.5289473684210526 0.6242496998799519 0.1456140350877193 0.24489795918367346
1 0.6175438596491228 0.6320528211284513 0.12631578947368421 0.21008403361344535
