1 0.12090909090909091 0.638121546961326 0.023636363636363636 0.08839779005524862
1 0.14 0.6353591160220994 0.025454545454545455 0.09944751381215469
1 0.18636363636363637 0.6160220994475137 0.023636363636363636 0.09392265193370165
1 0.21545454545454545 0.6132596685082873 0.023636363636363636 0.09392265193370165
1 0.24 0.6174033149171271 0.02181818181818182 0.09116022099447513
1 0.26181818181818184 0.6201657458563535 0.02181818181818182 0.0856353591160221
1 0.2827272727272727 0.6049723756906077 0.023636363636363636 0.08839779005524862
1 0.3109090909090909 0.6008287292817679 0.02181818181818182 0.08011049723756905
1 0.32545454545454544 0.6008287292817679 0.02181818181818182 0.0856353591160221
1 0.39454545454545453 0.6187845303867403 0.01818181818181818 0.07734806629834254
1 0.4109090909090909 0.6035911602209945 0.02181818181818182 0.0856353591160221
1 0.49272727272727274 0.6229281767955801 0.01818181818181818 0.07458563535911603
1 0.4627272727272727 0.6574585635359116 0.005454545454545455 0.027624309392265192
1 0.42818181818181816 0.5994475138121547 0.016363636363636365 0.06077348066298342
1 0.017272727272727273 0.6919889502762431 0.023636363636363636 0.09668508287292818
1 0.03 0.68646408839779 0.02727272727272727 0.10773480662983426
1 0.04 0.6795580110497237 0.02909090909090909 0.11049723756906077
1 0.04363636363636364 0.6588397790055248 0.02181818181818182 0.09116022099447513
