1 0.45156250000000003 0.5666666666666667 0.15000000000000002 0.49166666666666664
1 0.284375 0.5114583333333333 0.11875000000000001 0.38958333333333334
1 0.15078125 0.521875 0.09843750000000001 0.32708333333333334
1 0.0765625 0.4583333333333333 0.0625 0.20833333333333334
1 0.5796875 0.46875 0.065625 0.22083333333333333
1 0.7937500000000001 0.5020833333333333 0.084375 0.2791666666666667
1 0.63203125 0.4479166666666667 0.045312500000000006 0.15
1 0.7359375 0.4666666666666667 0.05625 0.1875
1 0.915625 0.47291666666666665 0.07500000000000001 0.25
1 0.978125 0.4583333333333333 0.043750000000000004 0.15
1 0.8609375 0.45416666666666666 0.043750000000000004 0.14166666666666666
1 0.82734375 0.4395833333333333 0.045312500000000006 0.15416666666666667
1 0.66796875 0.4354166666666667 0.029687500000000002 0.1
1 0.54609375 0.4270833333333333 0.0234375 0.08333333333333333
1 0.5085937500000001 0.421875 0.0234375 0.08125
1 0.40078125000000003 0.425 0.026562500000000003 0.0875
1 0.3328125 0.428125 0.028125 0.09791666666666667
1 0.21171875 0.43124999999999997 0.026562500000000003 0.09166666666666666
1 0.22578125000000002 0.4197916666666667 0.0203125 0.06875
1 0.17578125 0.4197916666666667 0.0234375 0.07708333333333334
1 0.03359375 0.41770833333333335 0.026562500000000003 0.09375
1 0.014843750000000001 0.42083333333333334 0.026562500000000003 0.09166666666666666
1 0.053125000000000006 0.4270833333333333 0.018750000000000003 0.0625
1 0.109375 0.4239583333333333 0.021875000000000002 0.07291666666666667
