1 0.156 0.5424528301886793 0.20800000000000002 0.7955974842767296
1 0.074 0.40723270440251574 0.108 0.4119496855345912
1 0.036000000000000004 0.37735849056603776 0.07200000000000001 0.3647798742138365
1 0.268 0.3977987421383648 0.108 0.41823899371069184
1 0.24 0.3569182389937107 0.076 0.29874213836477986
1 0.34 0.45440251572327045 0.14 0.5377358490566038
1 0.406 0.5220125786163522 0.176 0.6729559748427674
1 0.605 0.559748427672956 0.214 0.8301886792452831
1 0.5750000000000001 0.48742138364779874 0.138 0.5408805031446541
1 0.493 0.38522012578616355 0.098 0.37421383647798745
1 0.47300000000000003 0.37421383647798745 0.082 0.3207547169811321
1 0.667 0.4009433962264151 0.09 0.34905660377358494
1 0.765 0.5062893081761006 0.134 0.5220125786163522
1 0.876 0.5157232704402516 0.184 0.7106918238993711
1 0.932 0.5 0.136 0.5283018867924528
1 0.805 0.3569182389937107 0.054 0.21069182389937108
1 0.85 0.369496855345912 0.068 0.2610062893081761
1 0.97 0.45125786163522014 0.06 0.4056603773584906
1 0.527 0.33018867924528306 0.05 0.18867924528301888
1 0.447 0.2610062893081761 0.03 0.08176100628930819
1 0.376 0.25157232704402516 0.028 0.06918238993710692
1 0.227 0.23113207547169812 0.038 0.07861635220125787
