1 0.34 0.2945619335347432 0.096 0.35347432024169184
1 0.772 0.7764350453172205 0.068 0.2537764350453172
1 0.616 0.7280966767371602 0.036000000000000004 0.13293051359516617
1 0.586 0.7401812688821753 0.032 0.12084592145015105
1 0.497 0.7009063444108762 0.014 0.060422960725075525
1 0.47100000000000003 0.702416918429003 0.022 0.08157099697885196
1 0.453 0.7054380664652568 0.018000000000000002 0.0755287009063444
1 0.41300000000000003 0.7099697885196374 0.022 0.08459214501510574
1 0.37 0.7054380664652568 0.02 0.0755287009063444
1 0.34800000000000003 0.7039274924471299 0.02 0.07854984894259819
1 0.336 0.7069486404833837 0.024 0.09063444108761329
1 0.315 0.6978851963746223 0.018000000000000002 0.07250755287009064
1 0.276 0.6933534743202416 0.016 0.0634441087613293
1 0.253 0.7129909365558912 0.022 0.08459214501510574
1 0.23600000000000002 0.7129909365558912 0.02 0.08459214501510574
1 0.222 0.716012084592145 0.02 0.08459214501510574
1 0.2 0.7205438066465257 0.02 0.0755287009063444
1 0.064 0.7145015105740181 0.02 0.08157099697885196
1 0.055 0.7175226586102719 0.022 0.08761329305135952
1 0.04 0.7205438066465257 0.024 0.09365558912386707
1 0.808 0.7341389728096677 0.044 0.1691842900302115
1 0.848 0.7386706948640483 0.044 0.17220543806646527
1 0.859 0.7462235649546828 0.046 0.1691842900302115
1 0.876 0.7688821752265861 0.052000000000000005 0.1903323262839879
1 0.9 0.7688821752265861 0.052000000000000005 0.20241691842900303
1 0.9400000000000001 0.7643504531722054 0.048 0.18126888217522658
1 0.963 0.7794561933534743 0.058 0.21148036253776434
1 0.549 0.6691842900302115 0.014 0.027190332326283987
1 0.011 0.716012084592145 0.014 0.054380664652567974
