1 0.008125 0.26641651031894936 0.01375 0.05628517823639775
1 0.0675 0.2861163227016886 0.03 0.11069418386491557
1 0.115625 0.3058161350844278 0.058750000000000004 0.21388367729831145
1 0.17625 0.3302063789868668 0.06 0.225140712945591
1 0.20125 0.28893058161350843 0.04 0.150093808630394
1 0.234375 0.2861163227016886 0.03875 0.14071294559099437
1 0.261875 0.29080675422138835 0.03125 0.1200750469043152
1 0.296875 0.29080675422138835 0.03625 0.13883677298311445
1 0.32937500000000003 0.2804878048780488 0.03125 0.11819887429643527
1 0.35625 0.2973733583489681 0.0325 0.12570356472795496
1 0.38625 0.30206378986866794 0.035 0.1275797373358349
1 0.400625 0.2654784240150094 0.01625 0.06566604127579738
1 0.446875 0.2861163227016886 0.03125 0.11444652908067542
1 0.463125 0.2804878048780488 0.02625 0.10318949343339587
1 0.489375 0.2870544090056285 0.03625 0.13133208255159476
1 0.506875 0.30393996247654786 0.03125 0.1125703564727955
1 0.536875 0.3030018761726079 0.03875 0.14446529080675422
1 0.61375 0.32082551594746717 0.015 0.0600375234521576
1 0.66 0.30863039399624764 0.0425 0.15947467166979362
1 0.730625 0.31894934333958724 0.04125 0.150093808630394
1 0.701875 0.32645403377110693 0.03875 0.1425891181988743
1 0.75875 0.3236397748592871 0.0325 0.11819887429643527
1 0.7925 0.3198874296435272 0.035 0.13320825515947468
1 0.834375 0.3339587242026266 0.03625 0.13883677298311445
1 0.854375 0.3348968105065666 0.03375 0.12195121951219512
1 0.889375 0.3273921200750469 0.03625 0.13696060037523453
1 0.29375 0.9427767354596623 0.0275 0.09943714821763602
1 0.340625 0.9352720450281425 0.03375 0.12195121951219512
1 0.390625 0.9530956848030019 0.01875 0.075046904315197
1 0.42 0.9549718574108818 0.0225 0.0825515947467167
1 0.449375 0.9568480300187617 0.01875 0.0675422138836773
1 0.4625 0.9568480300187617 0.02 0.07879924953095685
1 0.480625 0.9530956848030019 0.02375 0.08630393996247655
1 0.944375 0.8771106941838649 0.06375 0.23827392120075047
1 0.9675 0.8780487804878049 0.065 0.24390243902439024
1 0.863125 0.8208255159474672 0.02125 0.08067542213883677
1 0.878125 0.8180112570356473 0.01875 0.07129455909943715
1 0.8375 0.8236397748592871 0.0225 0.08630393996247655
1 0.165625 0.9765478424015009 0.043750000000000004 0.039399624765478425
