1 0.3438 0.5108043217286914 0.0444 0.16206482593037214
1 0.3256 0.47629051620648255 0.014400000000000001 0.05342136854741896
1 0.3618 0.5177070828331333 0.0444 0.16266506602641057
1 0.3904 0.5378151260504201 0.0536 0.19687875150060022
1 0.4204 0.5957382953181272 0.07440000000000001 0.27310924369747897
1 0.48600000000000004 0.6995798319327731 0.14 0.514405762304922
1 0.5664 0.5285114045618247 0.054400000000000004 0.19867947178871548
1 0.5264 0.5102040816326531 0.0392 0.1452581032412965
1 0.5124000000000001 0.514405762304922 0.038400000000000004 0.14165666266506602
1 0.5458000000000001 0.5087034813925569 0.0396 0.14705882352941174
1 0.6072000000000001 0.5009003601440576 0.0432 0.15906362545018007
1 0.6928000000000001 0.5351140456182473 0.056 0.20468187274909963
1 0.7262000000000001 0.5252100840336134 0.06280000000000001 0.23169267707082833
1 0.7798 0.6995798319327731 0.1636 0.6008403361344538
1 0.8844000000000001 0.6563625450180072 0.1384 0.5060024009603841
1 0.9318000000000001 0.657563025210084 0.1364 0.676470588235294
1 0.1776 0.6572629051620648 0.11760000000000001 0.32292917166866747
1 0.4792 0.43907563025210083 0.027200000000000002 0.037815126050420166
