1 0.20447019867549668 0.6796008869179601 0.057947019867549666 0.1973392461197339
1 0.2632450331125828 0.6751662971175166 0.04966887417218543 0.1662971175166297
1 0.3195364238410596 0.6840354767184036 0.052980132450331126 0.17516629711751663
1 0.33857615894039733 0.6685144124168514 0.05132450331125828 0.1662971175166297
1 0.42135761589403975 0.6452328159645233 0.0380794701986755 0.1286031042128603
1 0.44370860927152317 0.664079822616408 0.046357615894039736 0.1574279379157428
1 0.6307947019867549 0.697339246119734 0.04966887417218543 0.17073170731707318
1 0.6754966887417219 0.6818181818181818 0.052980132450331126 0.17516629711751663
1 0.7574503311258278 0.6818181818181818 0.048013245033112585 0.16186252771618626
1 0.9586092715231788 0.7106430155210643 0.052980132450331126 0.17960088691796008
1 0.9743377483443708 0.6940133037694013 0.05132450331125828 0.1729490022172949
1 0.8120860927152318 0.6053215077605322 0.03145695364238411 0.10199556541019955
1 0.6200331125827815 0.5886917960088692 0.024834437086092714 0.082039911308204
1 0.4602649006622517 0.5997782705099778 0.03642384105960265 0.11751662971175167
1 0.1456953642384106 0.6596452328159645 0.04304635761589404 0.14855875831485588
1 0.0869205298013245 0.6518847006651884 0.041390728476821195 0.1419068736141907
1 0.061258278145695365 0.6374722838137472 0.03642384105960265 0.11751662971175167
1 0.039735099337748346 0.6031042128603105 0.023178807947019868 0.08425720620842572
1 0.5182119205298014 0.6463414634146342 0.039735099337748346 0.1352549889135255
1 0.9370860927152318 0.7017738359201774 0.046357615894039736 0.1574279379157428
1 0.08526490066225166 0.7749445676274944 0.057947019867549666 0.1352549889135255
1 0.042218543046357616 0.7427937915742794 0.041390728476821195 0.1197339246119734
1 0.43543046357615894 0.8048780487804879 0.18874172185430463 0.15964523281596452
1 0.5289735099337748 0.7682926829268293 0.15066225165562913 0.13968957871396895
1 0.6688741721854304 0.8159645232815964 0.22847682119205298 0.15521064301552107
1 0.9014900662251656 0.7860310421286031 0.08443708609271523 0.1130820399113082
1 0.8220198675496688 0.7505543237250555 0.07450331125827815 0.1352549889135255
1 0.847682119205298 0.7416851441241685 0.046357615894039736 0.10864745011086474
