1 0.309 0.677710843373494 0.114 0.427710843373494
1 0.561 0.7228915662650602 0.138 0.5060240963855422
1 0.7010000000000001 0.6204819277108434 0.098 0.3614457831325301
1 0.801 0.585843373493976 0.09 0.3283132530120482
1 0.879 0.658132530120482 0.106 0.39457831325301207
1 0.9410000000000001 0.5150602409638555 0.05 0.1927710843373494
1 0.962 0.5015060240963856 0.044 0.1716867469879518
1 0.974 0.4864457831325301 0.044 0.15963855421686748
1 0.878 0.5120481927710844 0.044 0.16867469879518074
1 0.628 0.5587349397590362 0.07200000000000001 0.2620481927710844
1 0.458 0.533132530120482 0.056 0.20481927710843376
1 0.52 0.674698795180723 0.116 0.43373493975903615
1 0.399 0.5240963855421688 0.058 0.22289156626506026
1 0.343 0.5271084337349398 0.07 0.25903614457831325
1 0.266 0.5783132530120483 0.088 0.3313253012048193
1 0.213 0.5301204819277109 0.054 0.20481927710843376
1 0.184 0.4954819277108434 0.044 0.16566265060240964
1 0.149 0.4864457831325301 0.042 0.15963855421686748
1 0.059000000000000004 0.516566265060241 0.058 0.21987951807228917
1 0.024 0.5120481927710844 0.048 0.2530120481927711
1 0.418 0.480421686746988 0.04 0.1536144578313253
1 0.362 0.5030120481927711 0.04 0.1566265060240964
1 0.375 0.4924698795180723 0.046 0.1716867469879518
1 0.5 0.480421686746988 0.036000000000000004 0.13554216867469882
1 0.661 0.4984939759036145 0.042 0.1536144578313253
1 0.763 0.4879518072289157 0.038 0.14457831325301207
1 0.20400000000000001 0.411144578313253 0.028 0.05120481927710844
1 0.8310000000000001 0.427710843373494 0.038 0.06626506024096386
1 0.8300000000000001 0.4728915662650603 0.032 0.060240963855421686
