1 0.15797101449275364 0.5934182590233545 0.028985507246376812 0.10828025477707007
1 0.19782608695652174 0.5881104033970276 0.03333333333333333 0.11889596602972399
1 0.22608695652173913 0.5902335456475584 0.03188405797101449 0.11464968152866242
1 0.3072463768115942 0.5732484076433121 0.026086956521739132 0.09341825902335456
1 0.7159420289855073 0.6263269639065817 0.05507246376811594 0.19957537154989383
1 0.6173913043478261 0.5849256900212314 0.052173913043478265 0.18471337579617833
1 0.658695652173913 0.6220806794055201 0.030434782608695653 0.11040339702760085
1 0.8173913043478261 0.6401273885350318 0.057971014492753624 0.21443736730360935
1 0.8942028985507247 0.6008492569002123 0.03768115942028986 0.14012738853503184
1 0.3456521739130435 0.5456475583864119 0.030434782608695653 0.04670912951167728
1 0.6021739130434782 0.3630573248407643 0.0536231884057971 0.24628450106157113
