1 0.4228515625 0.20657124268054652 0.01171875 0.039687703318152245
1 0.035888671875 0.5660377358490566 0.04248046875 0.14053350683148993
1 0.081298828125 0.5657124268054652 0.04248046875 0.1398828887443071
1 0.121337890625 0.5660377358490566 0.03662109375 0.11971372804163957
1 0.16064453125 0.5637605725439168 0.03515625 0.11646063760572545
1 0.1943359375 0.5582303188028628 0.0322265625 0.10670136629798309
1 0.181640625 0.5540013012361744 0.0224609375 0.07351984385165908
1 0.326171875 0.5832791151594015 0.03515625 0.11646063760572545
1 0.315185546875 0.5774235523747561 0.03271484375 0.10865322055953157
1 0.331787109375 0.5787247885491217 0.03076171875 0.10214703968770332
1 0.38232421875 0.5783994795055303 0.03125 0.10279765777488616
1 0.422607421875 0.5731945348080677 0.02783203125 0.09238776837996097
1 0.57763671875 0.5845803513337671 0.033203125 0.10735198438516591
1 0.598876953125 0.5787247885491217 0.03173828125 0.10474951203643462
1 0.67431640625 0.5787247885491217 0.0341796875 0.11125569290826286
1 0.69189453125 0.5803513337670788 0.0361328125 0.11971372804163957
1 0.845947265625 0.570266753415745 0.03955078125 0.12947299934938192
1 0.854248046875 0.5728692257644763 0.04052734375 0.1320754716981132
1 0.866943359375 0.5741704619388419 0.04541015625 0.14899154196486664
1 0.877685546875 0.5839297332465843 0.04736328125 0.15549772283669488
1 0.8994140625 0.5888093689004554 0.0498046875 0.1639557579700716
1 0.915283203125 0.5920624593363696 0.05517578125 0.17957059206245934
1 0.94140625 0.6044242029928433 0.0615234375 0.20169160702667535
1 0.968017578125 0.6164606376057254 0.06396484375 0.23227065712426806
1 0.97802734375 0.6281717631750163 0.0439453125 0.262199089134678
1 0.139892578125 0.5559531554977228 0.01806640625 0.05660377358490566
1 0.130859375 0.5133376707872479 0.01953125 0.03383214053350683
1 0.223388671875 0.5130123617436565 0.03564453125 0.1203643461288224
1 0.259033203125 0.5146389069616135 0.02783203125 0.10670136629798309
1 0.276123046875 0.5234222511385817 0.01904296875 0.12296681847755368
1 0.30615234375 0.5045543266102798 0.02734375 0.08653220559531556
1 0.32958984375 0.49219258295380613 0.0205078125 0.04359141184124919
1 0.38330078125 0.5081327260897853 0.0439453125 0.13662979830839297
1 0.440185546875 0.5009759271307743 0.03466796875 0.1639557579700716
1 0.492919921875 0.503903708523097 0.03173828125 0.18022121014964218
1 0.57958984375 0.4811320754716982 0.0419921875 0.13077423552374756
1 0.55712890625 0.4684450227716331 0.025390625 0.17436564736499677
1 0.583984375 0.44567338972023424 0.03515625 0.16265452179570594
1 0.704833984375 0.42843201040988943 0.07568359375 0.1867273910214704
1 0.84033203125 0.4521795705920625 0.0537109375 0.19648666232921277
1 0.856201171875 0.45901106050748214 0.05419921875 0.18802862719583605
1 0.944091796875 0.45901106050748214 0.04150390625 0.13077423552374756
