1 0.5833333333333334 0.62875 0.06333333333333334 0.2325
1 0.19666666666666668 0.56375 0.02666666666666667 0.10250000000000001
1 0.18083333333333335 0.555 0.025 0.095
1 0.16583333333333333 0.55375 0.028333333333333335 0.10250000000000001
1 0.15416666666666667 0.55375 0.028333333333333335 0.10250000000000001
1 0.14333333333333334 0.55375 0.02666666666666667 0.10250000000000001
1 0.10833333333333334 0.555 0.02 0.08
1 0.09833333333333334 0.54875 0.02 0.0725
1 0.08416666666666667 0.545 0.021666666666666667 0.08
1 0.22 0.5387500000000001 0.02 0.0775
1 0.2316666666666667 0.535 0.02 0.08
1 0.24416666666666667 0.5437500000000001 0.025 0.0975
1 0.2566666666666667 0.5425 0.023333333333333334 0.085
1 0.2833333333333333 0.5425 0.02 0.075
1 0.30583333333333335 0.54125 0.025 0.0925
1 0.3241666666666667 0.5475 0.025 0.095
1 0.33916666666666667 0.55125 0.028333333333333335 0.10250000000000001
1 0.35750000000000004 0.5325 0.025 0.095
1 0.9658333333333334 0.89125 0.055 0.2025
1 0.395 0.5175 0.02 0.075
1 0.4166666666666667 0.51625 0.02 0.0725
1 0.43250000000000005 0.52125 0.021666666666666667 0.08750000000000001
1 0.4416666666666667 0.52625 0.016666666666666666 0.0625
1 0.45583333333333337 0.52 0.021666666666666667 0.08
1 0.4666666666666667 0.5337500000000001 0.016666666666666666 0.0675
1 0.4783333333333334 0.52125 0.02 0.0725
1 0.49500000000000005 0.50875 0.013333333333333334 0.0475
1 0.5175000000000001 0.52 0.018333333333333333 0.075
1 0.06333333333333334 0.81625 0.12666666666666668 0.3425
1 0.2941666666666667 0.84125 0.13166666666666668 0.2925
1 0.35000000000000003 0.73 0.1 0.17
1 0.4966666666666667 0.8562500000000001 0.10333333333333335 0.2725
1 0.5083333333333334 0.77875 0.09666666666666668 0.2125
1 0.6125 0.71 0.058333333333333334 0.215
1 0.6900000000000001 0.7262500000000001 0.08333333333333334 0.2125
1 0.7575000000000001 0.69875 0.065 0.1825
1 0.8658333333333333 0.6525 0.07500000000000001 0.15
1 0.9583333333333334 0.67875 0.060000000000000005 0.1325
1 0.9500000000000001 0.595 0.02666666666666667 0.06
1 0.795 0.58625 0.03333333333333333 0.11750000000000001
1 0.8333333333333334 0.6075 0.043333333333333335 0.1
1 0.9391666666666667 0.55375 0.045000000000000005 0.0725
1 0.9800000000000001 0.57625 0.030000000000000002 0.0625
1 0.8866666666666667 0.5575 0.03333333333333333 0.045
1 0.7358333333333333 0.5437500000000001 0.03166666666666667 0.08750000000000001
1 0.7341666666666667 0.585 0.03833333333333334 0.05
1 0.6675000000000001 0.63625 0.04833333333333334 0.10250000000000001
1 0.6858333333333334 0.55 0.025 0.07
1 0.62 0.57125 0.03333333333333333 0.0725
1 0.635 0.5375 0.02666666666666667 0.06
1 0.5316666666666667 0.5962500000000001 0.04 0.10250000000000001
1 0.4816666666666667 0.58 0.03333333333333333 0.09
1 0.4633333333333334 0.6075 0.043333333333333335 0.11
1 0.43583333333333335 0.635 0.05166666666666667 0.12
1 0.3666666666666667 0.62 0.03666666666666667 0.105
1 0.29000000000000004 0.60375 0.043333333333333335 0.08750000000000001
1 0.3175 0.57625 0.028333333333333335 0.0525
1 0.1716666666666667 0.74875 0.08 0.2275
1 0.26333333333333336 0.6775 0.07 0.08
1 0.1875 0.64 0.04166666666666667 0.105
1 0.04833333333333334 0.6012500000000001 0.043333333333333335 0.08750000000000001
1 0.0775 0.61125 0.03833333333333334 0.08750000000000001
1 0.13 0.535 0.023333333333333334 0.045
1 0.12666666666666668 0.6075 0.04666666666666667 0.1
1 0.3891666666666667 0.5575 0.028333333333333335 0.06
1 0.5316666666666667 0.53125 0.030000000000000002 0.0375
