1 0.9475 0.9075 0.045000000000000005 0.165
1 0.9750000000000001 0.83625 0.043333333333333335 0.1625
1 0.9458333333333334 0.8425 0.055 0.20500000000000002
1 0.7975000000000001 0.865 0.045000000000000005 0.165
1 0.7433333333333334 0.8425 0.05 0.19
1 0.5966666666666667 0.805 0.04666666666666667 0.17
1 0.6366666666666667 0.7475 0.04 0.145
1 0.7116666666666667 0.79625 0.03666666666666667 0.14250000000000002
1 0.7891666666666667 0.7925 0.03833333333333334 0.145
1 0.8066666666666668 0.7937500000000001 0.03666666666666667 0.1375
1 0.9108333333333334 0.67375 0.035 0.1375
1 0.9275000000000001 0.65375 0.035 0.1325
1 0.9591666666666667 0.6637500000000001 0.03166666666666667 0.1225
1 0.7975000000000001 0.62125 0.035 0.1375
1 0.8466666666666667 0.645 0.04 0.155
1 0.7491666666666668 0.64 0.03833333333333334 0.14
1 0.7258333333333333 0.6425 0.04166666666666667 0.15
1 0.7041666666666667 0.63125 0.03166666666666667 0.1225
1 0.6733333333333333 0.6637500000000001 0.030000000000000002 0.1075
1 0.6391666666666667 0.67125 0.035 0.1325
1 0.6541666666666667 0.71625 0.035 0.1325
1 0.525 0.73625 0.043333333333333335 0.1625
1 0.5750000000000001 0.67 0.03666666666666667 0.135
1 0.5516666666666667 0.6625 0.03333333333333333 0.13
1 0.5366666666666667 0.67125 0.03666666666666667 0.1325
1 0.5025000000000001 0.66 0.045000000000000005 0.17
1 0.455 0.61375 0.03333333333333333 0.1275
1 0.47250000000000003 0.5962500000000001 0.035 0.1375
1 0.48583333333333334 0.585 0.035 0.13
1 0.5841666666666667 0.5775 0.03166666666666667 0.125
1 0.6058333333333333 0.56 0.03166666666666667 0.12
1 0.6158333333333333 0.55125 0.03166666666666667 0.11750000000000001
1 0.6416666666666667 0.55375 0.030000000000000002 0.11750000000000001
1 0.49083333333333334 0.465 0.028333333333333335 0.105
1 0.45333333333333337 0.48875 0.02666666666666667 0.0975
1 0.4091666666666667 0.51 0.025 0.1
1 0.4166666666666667 0.58875 0.030000000000000002 0.1125
1 0.43500000000000005 0.58125 0.03666666666666667 0.1325
1 0.21750000000000003 0.9237500000000001 0.03833333333333334 0.14250000000000002
1 0.18500000000000003 0.935 0.03333333333333333 0.125
1 0.060833333333333336 0.9237500000000001 0.035 0.1275
1 0.09833333333333334 0.8512500000000001 0.043333333333333335 0.1675
1 0.018333333333333333 0.83875 0.03666666666666667 0.1625
1 0.14333333333333334 0.57125 0.03333333333333333 0.1225
1 0.2041666666666667 0.605 0.03833333333333334 0.145
1 0.2575 0.62625 0.035 0.1325
1 0.24666666666666667 0.62625 0.03666666666666667 0.1375
1 0.24000000000000002 0.53125 0.030000000000000002 0.11750000000000001
1 0.21666666666666667 0.53625 0.03333333333333333 0.1275
1 0.2025 0.535 0.035 0.13
1 0.18416666666666667 0.50125 0.028333333333333335 0.1125
1 0.13166666666666668 0.47000000000000003 0.03333333333333333 0.12
1 0.10833333333333334 0.47750000000000004 0.030000000000000002 0.115
1 0.08333333333333334 0.45875 0.03333333333333333 0.1225
1 0.06166666666666667 0.4575 0.030000000000000002 0.11
1 0.025 0.46125 0.02666666666666667 0.0975
1 0.01 0.44875 0.02 0.10250000000000001
1 0.03833333333333334 0.435 0.030000000000000002 0.11
1 0.07583333333333334 0.35125 0.021666666666666667 0.08750000000000001
1 0.055 0.3325 0.02 0.075
1 0.15916666666666668 0.39375 0.028333333333333335 0.10250000000000001
1 0.17666666666666667 0.40375 0.023333333333333334 0.08750000000000001
1 0.2 0.3925 0.02666666666666667 0.105
1 0.20833333333333334 0.40375 0.02 0.0725
1 0.2366666666666667 0.42 0.023333333333333334 0.085
1 0.24500000000000002 0.395 0.023333333333333334 0.09
1 0.2758333333333334 0.42375 0.025 0.0975
1 0.34 0.44 0.02 0.08
1 0.3375 0.50875 0.028333333333333335 0.10250000000000001
1 0.3166666666666667 0.51 0.02666666666666667 0.105
1 0.29583333333333334 0.5225 0.025 0.095
1 0.35500000000000004 0.48375 0.02 0.0775
1 0.3516666666666667 0.5525 0.023333333333333334 0.085
1 0.37833333333333335 0.51 0.023333333333333334 0.085
1 0.43333333333333335 0.46625 0.030000000000000002 0.11750000000000001
1 0.4091666666666667 0.4 0.025 0.1
1 0.3166666666666667 0.41000000000000003 0.02666666666666667 0.1
1 0.01916666666666667 0.31125 0.021666666666666667 0.0825
1 0.0125 0.38125000000000003 0.018333333333333333 0.0675
1 0.10500000000000001 0.3725 0.02666666666666667 0.1
1 0.12166666666666667 0.38 0.023333333333333334 0.085
1 0.14250000000000002 0.3925 0.025 0.1
1 0.32 0.31875000000000003 0.02666666666666667 0.0825
1 0.29500000000000004 0.3775 0.016666666666666666 0.115
1 0.2725 0.36875 0.018333333333333333 0.1075
