1 0.0275 0.47373358348968103 0.055 0.2045028142589118
1 0.100625 0.4878048780487805 0.08125 0.30393996247654786
1 0.208125 0.46622889305816134 0.06625 0.24202626641651032
1 0.12875 0.42026266416510316 0.055 0.2026266416510319
1 0.28125 0.44090056285178236 0.0425 0.15384615384615385
1 0.318125 0.6651031894934334 0.17125 0.6285178236397748
1 0.379375 0.6116322701688556 0.18375 0.6716697936210131
1 0.42 0.649155722326454 0.18 0.6604127579737336
1 0.510625 0.6313320825515948 0.17625 0.6472795497185742
1 0.5625 0.6041275797373359 0.19 0.6979362101313321
1 0.636875 0.6566604127579737 0.18625 0.6866791744840526
1 0.65625 0.3696060037523452 0.0425 0.1575984990619137
1 0.109375 0.48405253283302063 0.06875 0.2551594746716698
1 0.03375 0.3302063789868668 0.035 0.13133208255159476
1 0.239375 0.3893058161350844 0.02625 0.08067542213883677
1 0.28625 0.35647279549718575 0.045 0.075046904315197
1 0.7575000000000001 0.3611632270168856 0.0225 0.11069418386491557
1 0.78625 0.3799249530956848 0.06 0.14071294559099437
1 0.865 0.34803001876172607 0.0525 0.1294559099437148
1 0.886875 0.3302063789868668 0.02875 0.10881801125703565
1 0.954375 0.37523452157598497 0.051250000000000004 0.1801125703564728
1 0.990625 0.34896810506566606 0.01875 0.1125703564727955
1 0.69625 0.3827392120075047 0.0425 0.1425891181988743
1 0.03375 0.3714821763602251 0.0275 0.07129455909943715
1 0.06625 0.37523452157598497 0.0225 0.0825515947467167
1 0.083125 0.36397748592870544 0.02375 0.05628517823639775
1 0.48562500000000003 0.8217636022514071 0.23875000000000002 0.35647279549718575
