1 0.6975 0.45222222222222225 0.008333333333333333 0.03333333333333333
1 0.9825 0.51 0.025 0.08666666666666667
1 0.8775000000000001 0.5511111111111111 0.04166666666666667 0.13333333333333333
1 0.8466666666666667 0.55 0.03666666666666667 0.11777777777777777
1 0.8366666666666667 0.5166666666666667 0.03333333333333333 0.10888888888888888
1 0.79 0.5388888888888889 0.03666666666666667 0.12222222222222222
1 0.8016666666666667 0.5177777777777778 0.03333333333333333 0.10666666666666666
1 0.7391666666666667 0.5655555555555556 0.03833333333333334 0.13111111111111112
1 0.7666666666666667 0.5422222222222223 0.03333333333333333 0.11555555555555555
1 0.7175 0.5455555555555556 0.03166666666666667 0.10888888888888888
1 0.6775 0.5577777777777778 0.04166666666666667 0.13777777777777778
1 0.6633333333333333 0.5411111111111111 0.03333333333333333 0.10888888888888888
1 0.6541666666666667 0.5255555555555556 0.028333333333333335 0.09111111111111111
1 0.61 0.5388888888888889 0.03333333333333333 0.11333333333333333
1 0.5791666666666667 0.5588888888888889 0.04166666666666667 0.13555555555555557
1 0.5608333333333334 0.5433333333333333 0.035 0.11777777777777777
1 0.5433333333333333 0.5322222222222223 0.030000000000000002 0.09555555555555556
1 0.52 0.5433333333333333 0.03666666666666667 0.12666666666666668
1 0.48500000000000004 0.5566666666666666 0.04 0.13555555555555557
1 0.4525 0.5433333333333333 0.03166666666666667 0.10888888888888888
1 0.4216666666666667 0.5255555555555556 0.030000000000000002 0.09555555555555556
1 0.44083333333333335 0.5211111111111111 0.028333333333333335 0.1
1 0.4008333333333334 0.54 0.035 0.12
1 0.3725 0.5477777777777778 0.03833333333333334 0.13111111111111112
1 0.35250000000000004 0.54 0.035 0.12
1 0.32583333333333336 0.5588888888888889 0.04166666666666667 0.14
1 0.28500000000000003 0.5555555555555556 0.043333333333333335 0.14666666666666667
1 0.2516666666666667 0.5344444444444444 0.03333333333333333 0.10888888888888888
1 0.2625 0.5344444444444444 0.03166666666666667 0.10888888888888888
1 0.22416666666666668 0.5566666666666666 0.035 0.12222222222222222
1 0.22333333333333336 0.47888888888888886 0.013333333333333334 0.051111111111111114
1 0.4741666666666667 0.5355555555555556 0.03166666666666667 0.10666666666666666
