1 0.21333333333333335 0.7325925925925926 0.03833333333333334 0.1674074074074074
1 0.26916666666666667 0.6777777777777777 0.04166666666666667 0.17925925925925926
1 0.36833333333333335 0.6814814814814815 0.03833333333333334 0.1688888888888889
1 0.21583333333333335 0.6585185185185185 0.03333333333333333 0.14666666666666667
1 0.23 0.6325925925925926 0.035 0.1511111111111111
1 0.2004166666666667 0.62 0.03416666666666667 0.1496296296296296
1 0.24666666666666667 0.517037037037037 0.03166666666666667 0.13629629629629628
1 0.27166666666666667 0.5133333333333333 0.03166666666666667 0.14074074074074072
1 0.2991666666666667 0.5733333333333333 0.03333333333333333 0.14814814814814814
1 0.31875000000000003 0.5866666666666667 0.03416666666666667 0.1511111111111111
1 0.3441666666666667 0.5792592592592593 0.035 0.1511111111111111
1 0.3666666666666667 0.5762962962962963 0.03166666666666667 0.13629629629629628
1 0.3816666666666667 0.5696296296296296 0.03166666666666667 0.14074074074074072
1 0.3925 0.5222222222222221 0.030000000000000002 0.1348148148148148
1 0.8625 0.6577777777777778 0.03833333333333334 0.1688888888888889
1 0.92125 0.7874074074074073 0.04916666666666667 0.21185185185185185
1 0.9820833333333334 0.6614814814814814 0.035833333333333335 0.16444444444444445
1 0.84125 0.5037037037037037 0.030833333333333334 0.13333333333333333
1 0.7775000000000001 0.5088888888888888 0.030000000000000002 0.13185185185185186
1 0.7887500000000001 0.5007407407407407 0.0275 0.12444444444444444
1 0.79625 0.4785185185185185 0.025833333333333337 0.11555555555555555
1 0.8054166666666667 0.47259259259259256 0.02416666666666667 0.10962962962962962
1 0.8179166666666667 0.45629629629629626 0.025833333333333337 0.11259259259259259
1 0.8304166666666667 0.4792592592592592 0.02416666666666667 0.10814814814814815
1 0.7262500000000001 0.5088888888888888 0.029166666666666667 0.1288888888888889
1 0.7358333333333333 0.48666666666666664 0.030000000000000002 0.1348148148148148
1 0.7541666666666668 0.48592592592592593 0.028333333333333335 0.12444444444444444
1 0.68125 0.5118518518518518 0.029166666666666667 0.1288888888888889
1 0.6920833333333334 0.5022222222222222 0.025833333333333337 0.11555555555555555
1 0.70125 0.4918518518518518 0.030833333333333334 0.13629629629629628
1 0.5816666666666667 0.5059259259259259 0.030000000000000002 0.1288888888888889
1 0.55 0.5014814814814814 0.028333333333333335 0.12296296296296295
1 0.5916666666666667 0.4881481481481481 0.030000000000000002 0.1288888888888889
1 0.6066666666666667 0.47185185185185186 0.025 0.11407407407407406
1 0.6395833333333334 0.4785185185185185 0.02416666666666667 0.1037037037037037
1 0.6629166666666667 0.48518518518518516 0.02416666666666667 0.10814814814814815
1 0.4466666666666667 0.4918518518518518 0.025 0.11259259259259259
1 0.43083333333333335 0.5177777777777778 0.025 0.10814814814814815
1 0.4104166666666667 0.5488888888888889 0.0275 0.12
1 0.38333333333333336 0.5688888888888889 0.03166666666666667 0.14222222222222222
1 0.30041666666666667 0.5118518518518518 0.025833333333333337 0.11703703703703704
1 0.3125 0.4844444444444444 0.02 0.09185185185185185
1 0.23375 0.47333333333333333 0.02416666666666667 0.10814814814814815
1 0.8216666666666668 0.3118518518518518 0.018333333333333333 0.07851851851851852
1 0.7704166666666667 0.3118518518518518 0.0175 0.08148148148148147
1 0.7604166666666667 0.33037037037037037 0.022500000000000003 0.10074074074074074
1 0.7408333333333333 0.3259259259259259 0.018333333333333333 0.08296296296296296
1 0.7129166666666668 0.33185185185185184 0.01916666666666667 0.08296296296296296
1 0.6345833333333334 0.32666666666666666 0.0175 0.07555555555555556
1 0.64125 0.3222222222222222 0.0175 0.07851851851851852
1 0.5445833333333334 0.33555555555555555 0.0175 0.07851851851851852
1 0.5316666666666667 0.32814814814814813 0.016666666666666666 0.07259259259259258
1 0.5066666666666667 0.3296296296296296 0.021666666666666667 0.09333333333333332
1 0.49750000000000005 0.3214814814814815 0.02 0.09185185185185185
1 0.47250000000000003 0.32814814814814813 0.015000000000000001 0.06666666666666667
1 0.4566666666666667 0.32666666666666666 0.018333333333333333 0.08444444444444445
1 0.44958333333333333 0.3296296296296296 0.015833333333333335 0.07259259259259258
1 0.41375 0.3259259259259259 0.014166666666666668 0.06518518518518518
1 0.42750000000000005 0.3259259259259259 0.016666666666666666 0.07111111111111111
1 0.4341666666666667 0.3259259259259259 0.016666666666666666 0.07111111111111111
1 0.5316666666666667 0.21407407407407406 0.015000000000000001 0.0637037037037037
1 0.6191666666666668 0.20518518518518516 0.013333333333333334 0.057777777777777775
1 0.6254166666666667 0.2096296296296296 0.0125 0.057777777777777775
1 0.65125 0.18666666666666665 0.0125 0.056296296296296296
1 0.6687500000000001 0.21037037037037035 0.014166666666666668 0.06518518518518518
1 0.7150000000000001 0.21333333333333332 0.013333333333333334 0.059259259259259255
1 0.7233333333333334 0.21555555555555556 0.011666666666666667 0.05185185185185185
1 0.7470833333333334 0.21555555555555556 0.0125 0.057777777777777775
1 0.7583333333333334 0.21555555555555556 0.013333333333333334 0.057777777777777775
1 0.7858333333333334 0.2459259259259259 0.013333333333333334 0.06222222222222222
1 0.6654166666666667 0.11407407407407406 0.005833333333333334 0.029629629629629627
1 0.6583333333333333 0.10888888888888888 0.006666666666666667 0.03111111111111111
1 0.4591666666666667 0.48518518518518516 0.02 0.09037037037037036
1 0.5337500000000001 0.48 0.02416666666666667 0.10666666666666666
1 0.68 0.33555555555555555 0.018333333333333333 0.07851851851851852
