1 0.843 0.6891495601173021 0.146 0.5219941348973607
1 0.728 0.6334310850439883 0.12 0.4398826979472141
1 0.6 0.6143695014662757 0.112 0.40762463343108507
1 0.493 0.6495601173020528 0.106 0.3841642228739003
1 0.5630000000000001 0.5351906158357771 0.062 0.22580645161290322
1 0.524 0.532258064516129 0.064 0.2375366568914956
1 0.463 0.5175953079178885 0.062 0.2316715542521994
1 0.40700000000000003 0.5249266862170088 0.066 0.2404692082111437
1 0.328 0.7404692082111437 0.136 0.4897360703812317
1 0.20400000000000001 0.7771260997067448 0.12 0.4281524926686217
1 0.10300000000000001 0.7844574780058651 0.106 0.3782991202346041
1 0.249 0.6319648093841642 0.094 0.34310850439882695
1 0.667 0.5249266862170088 0.09 0.3284457478005865
1 0.933 0.5659824046920822 0.098 0.35777126099706746
1 0.883 0.501466275659824 0.074 0.2756598240469208
1 0.2 0.5557184750733137 0.052000000000000005 0.1906158357771261
1 0.138 0.5483870967741935 0.064 0.2287390029325513
1 0.107 0.5366568914956011 0.054 0.1935483870967742
1 0.973 0.4208211143695015 0.054 0.20234604105571846
1 0.772 0.5689149560117303 0.088 0.31671554252199413
1 0.258 0.4413489736070381 0.044 0.10850439882697947
1 0.295 0.44868035190615835 0.03 0.09970674486803519
1 0.34600000000000003 0.44281524926686217 0.044 0.08797653958944282
1 0.376 0.5454545454545454 0.08 0.15249266862170088
