1 0.07333333333333333 0.6071428571428571 0.1111111111111111 0.4699248120300752
1 0.15444444444444444 0.6146616541353384 0.11777777777777777 0.5
1 0.25222222222222224 0.6278195488721804 0.12222222222222222 0.518796992481203
1 0.1922222222222222 0.575187969924812 0.10444444444444445 0.43609022556390975
1 0.3022222222222222 0.5883458646616541 0.09333333333333334 0.39473684210526316
1 0.37222222222222223 0.6203007518796992 0.11333333333333333 0.48120300751879697
1 0.4444444444444444 0.6240601503759398 0.1111111111111111 0.46616541353383456
1 0.5144444444444445 0.6015037593984962 0.12222222222222222 0.5037593984962405
1 0.5811111111111111 0.6353383458646616 0.08222222222222222 0.3533834586466165
1 0.67 0.5977443609022556 0.10444444444444445 0.44360902255639095
1 0.7566666666666667 0.5582706766917293 0.10888888888888888 0.4548872180451128
1 0.83 0.6090225563909775 0.13111111111111112 0.5413533834586466
1 0.9488888888888889 0.6015037593984962 0.10222222222222223 0.42105263157894735
1 0.04555555555555556 0.5808270676691729 0.09111111111111111 0.4398496240601504
1 0.027777777777777776 0.5620300751879699 0.05555555555555555 0.424812030075188
1 0.40444444444444444 0.5864661654135338 0.09333333333333334 0.39097744360902253
1 0.4688888888888889 0.4022556390977443 0.044444444444444446 0.13533834586466165
1 0.4222222222222222 0.37030075187969924 0.03111111111111111 0.08646616541353383
