1 0.6159420289855072 0.6056644880174292 0.2 0.7407407407407408
1 0.5152173913043478 0.5370370370370371 0.1318840579710145 0.4901960784313726
1 0.4601449275362319 0.5087145969498911 0.1 0.36819172113289766
1 0.41304347826086957 0.477124183006536 0.07536231884057971 0.2788671023965142
1 0.03260869565217391 0.5392156862745099 0.06521739130434782 0.32026143790849676
1 0.05289855072463768 0.528322440087146 0.08550724637681159 0.32026143790849676
1 0.0746376811594203 0.4814814814814815 0.08260869565217391 0.3050108932461874
1 0.11811594202898551 0.5054466230936819 0.06811594202898551 0.25272331154684097
1 0.2572463768115942 0.44226579520697173 0.030434782608695653 0.11764705882352942
1 0.2702898550724638 0.4433551198257081 0.03333333333333333 0.12854030501089325
1 0.2847826086956522 0.4455337690631809 0.030434782608695653 0.11111111111111112
1 0.3036231884057971 0.44662309368191727 0.030434782608695653 0.11328976034858389
1 0.9318840579710145 0.4694989106753813 0.052173913043478265 0.19389978213507628
1 0.8920289855072464 0.48039215686274517 0.042028985507246375 0.15468409586056647
1 0.9115942028985508 0.4825708061002179 0.04057971014492753 0.15468409586056647
1 0.8652173913043478 0.4684095860566449 0.0463768115942029 0.17429193899782136
1 0.8326086956521739 0.4684095860566449 0.042028985507246375 0.16122004357298478
1 0.6804347826086956 0.4825708061002179 0.04492753623188406 0.1721132897603486
1 0.7057971014492753 0.4836601307189543 0.043478260869565216 0.16122004357298478
1 0.7231884057971014 0.4716775599128541 0.0463768115942029 0.17647058823529413
1 0.7420289855072464 0.47821350762527237 0.04057971014492753 0.15032679738562094
1 0.7579710144927536 0.47603485838779963 0.04057971014492753 0.15032679738562094
1 0.8050724637681159 0.4596949891067539 0.04782608695652174 0.17429193899782136
1 0.33115942028985507 0.4455337690631809 0.03333333333333333 0.12418300653594773
1 0.34420289855072467 0.4433551198257081 0.030434782608695653 0.11982570806100219
1 0.35797101449275365 0.44226579520697173 0.028985507246376812 0.11328976034858389
1 0.38333333333333336 0.45206971677559915 0.04492753623188406 0.16775599128540306
1 0.6594202898550725 0.3790849673202615 0.020289855072463767 0.03921568627450981
1 0.6956521739130435 0.38562091503267976 0.020289855072463767 0.03050108932461874
1 0.7891304347826087 0.383442265795207 0.01884057971014493 0.026143790849673207
1 0.881159420289855 0.3921568627450981 0.011594202898550725 0.026143790849673207
1 0.9557971014492753 0.411764705882353 0.021739130434782608 0.04793028322440088
