1 0.135 0.6426426426426426 0.19 0.7027027027027027
1 0.22 0.6741741741741741 0.17200000000000001 0.6336336336336337
1 0.314 0.6456456456456456 0.184 0.6786786786786787
1 0.372 0.6681681681681682 0.176 0.6456456456456456
1 0.46 0.6276276276276276 0.128 0.46846846846846846
1 0.606 0.6036036036036035 0.136 0.4984984984984985
1 0.709 0.6141141141141141 0.134 0.5015015015015015
1 0.872 0.6621621621621622 0.156 0.5795795795795796
1 0.521 0.551051051051051 0.09 0.33933933933933935
1 0.032 0.5495495495495496 0.064 0.29429429429429427
1 0.405 0.5765765765765766 0.114 0.42042042042042044
