1 0.04107981220657277 0.2583612040133779 0.08215962441314555 0.25585284280936454
1 0.056338028169014086 0.24581939799331104 0.11267605633802817 0.2709030100334448
1 0.10093896713615023 0.2516722408026756 0.1643192488262911 0.28595317725752506
1 0.14788732394366197 0.23745819397993312 0.15492957746478875 0.27424749163879597
1 0.17488262910798122 0.24749163879598662 0.13849765258215962 0.2408026755852843
1 0.22417840375586856 0.24331103678929766 0.1572769953051643 0.27591973244147155
1 0.2793427230046948 0.2491638795986622 0.14084507042253522 0.24414715719063546
1 0.3204225352112676 0.2617056856187291 0.14788732394366197 0.2591973244147157
1 0.39084507042253525 0.24749163879598662 0.1431924882629108 0.2508361204013378
1 0.44483568075117375 0.24498327759197325 0.1431924882629108 0.2491638795986622
1 0.5176056338028169 0.2625418060200669 0.11971830985915494 0.21070234113712374
1 0.4953051643192488 0.23494983277591971 0.13615023474178403 0.24247491638795987
1 0.5669014084507042 0.24665551839464883 0.12910798122065728 0.22909698996655517
1 0.607981220657277 0.2525083612040134 0.13615023474178403 0.23745819397993312
1 0.676056338028169 0.25585284280936454 0.12206572769953052 0.2140468227424749
1 0.7124413145539906 0.24749163879598662 0.12910798122065728 0.22742474916387959
1 0.7711267605633803 0.25668896321070234 0.11502347417840376 0.19899665551839466
1 0.8133802816901409 0.25 0.13380281690140847 0.23244147157190634
1 0.8673708920187794 0.24163879598662208 0.13849765258215962 0.24581939799331104
1 0.8544600938967136 0.22909698996655517 0.107981220657277 0.1939799331103679
1 0.9530516431924883 0.2591973244147157 0.09389671361502347 0.18394648829431437
1 0.6784037558685446 0.5576923076923077 0.3755868544600939 0.657190635451505
