1 0.08515625 0.3255269320843091 0.0171875 0.06557377049180328
1 0.1078125 0.3395784543325527 0.009375000000000001 0.03747072599531616
1 0.1015625 0.31381733021077285 0.009375000000000001 0.04215456674473068
1 0.2734375 0.5866510538641686 0.034375 0.12412177985948478
1 0.35234375 0.667447306791569 0.045312500000000006 0.1686182669789227
1 0.43281250000000004 0.594847775175644 0.037500000000000006 0.1405152224824356
1 0.403125 0.4718969555035129 0.015625 0.06323185011709602
1 0.40859375000000003 0.8161592505854801 0.0546875 0.1990632318501171
1 0.465625 0.629976580796253 0.037500000000000006 0.1358313817330211
1 0.53671875 0.20725995316159251 0.0171875 0.06791569086651054
1 0.6640625 0.234192037470726 0.021875000000000002 0.08899297423887588
1 0.6820312500000001 0.23770491803278687 0.0203125 0.07728337236533958
1 0.69296875 0.373536299765808 0.026562500000000003 0.1053864168618267
1 0.48750000000000004 0.6615925058548009 0.046875 0.17096018735362997
1 0.51015625 0.6850117096018735 0.045312500000000006 0.17096018735362997
1 0.51953125 0.7213114754098361 0.0484375 0.18266978922716628
1 0.54453125 0.752927400468384 0.051562500000000004 0.19437939110070257
1 0.50625 0.5562060889929742 0.021875000000000002 0.08665105386416862
1 0.540625 0.5889929742388759 0.034375 0.1288056206088993
1 0.56640625 0.6088992974238876 0.035937500000000004 0.1358313817330211
1 0.5671875000000001 0.5550351288056206 0.037500000000000006 0.1451990632318501
1 0.5945312500000001 0.629976580796253 0.045312500000000006 0.17330210772833723
1 0.628125 0.6662763466042154 0.046875 0.17096018735362997
1 0.66171875 0.689695550351288 0.045312500000000006 0.17096018735362997
1 0.7046875 0.734192037470726 0.046875 0.1756440281030445
1 0.7039062500000001 0.6100702576112412 0.0421875 0.16159250585480095
1 0.734375 0.6768149882903981 0.043750000000000004 0.1592505854800937
1 0.8328125000000001 0.84192037470726 0.06875 0.25526932084309134
1 0.86484375 0.7259953161592506 0.051562500000000004 0.19672131147540983
1 0.9085937500000001 0.7763466042154566 0.051562500000000004 0.18969555035128804
1 0.25859375 0.36885245901639346 0.0390625 0.07728337236533958
1 0.6195312500000001 0.22365339578454332 0.0328125 0.09601873536299765
1 0.5171875 0.21779859484777517 0.040625 0.0702576112412178
1 0.9851562500000001 0.8337236533957846 0.026562500000000003 0.15456674473067916
