1 0.03773584905660377 0.4919354838709678 0.07547169811320754 0.2903225806451613
1 0.09622641509433963 0.5188172043010754 0.09811320754716982 0.34946236559139787
1 0.14150943396226415 0.4274193548387097 0.04905660377358491 0.1774193548387097
1 0.19528301886792454 0.3844086021505377 0.02830188679245283 0.10752688172043012
1 0.17547169811320754 0.3696236559139785 0.033962264150943396 0.11559139784946237
1 0.22924528301886793 0.4341397849462366 0.05849056603773585 0.21236559139784947
1 0.3141509433962264 0.5994623655913979 0.1641509433962264 0.5806451612903226
1 0.369811320754717 0.46908602150537637 0.07547169811320754 0.26612903225806456
1 0.3839622641509434 0.3830645161290323 0.035849056603773584 0.1317204301075269
1 0.5669811320754717 0.5026881720430108 0.08867924528301886 0.3118279569892473
1 0.6877358490566038 0.6303763440860215 0.2018867924528302 0.7016129032258065
1 0.8245283018867925 0.5053763440860215 0.04528301886792453 0.15591397849462366
1 0.8075471698113208 0.42338709677419356 0.05660377358490566 0.20698924731182797
1 0.9075471698113208 0.528225806451613 0.13584905660377358 0.47043010752688175
1 0.4858490566037736 0.3951612903225807 0.035849056603773584 0.11290322580645162
