1 0.03666666666666667 0.6106770833333333 0.07333333333333333 0.31510416666666663
1 0.12333333333333334 0.6263020833333333 0.07333333333333333 0.2890625
1 0.1675 0.61328125 0.08166666666666667 0.3098958333333333
1 0.7091666666666667 0.6236979166666666 0.07500000000000001 0.2890625
1 0.7558333333333334 0.6197916666666666 0.08166666666666667 0.3125
1 0.8250000000000001 0.65625 0.07 0.27604166666666663
1 0.8933333333333334 0.640625 0.08 0.30729166666666663
1 0.9650000000000001 0.64453125 0.07 0.29947916666666663
1 0.09083333333333334 0.6614583333333333 0.085 0.22395833333333331
1 0.23333333333333334 0.6041666666666666 0.08 0.18229166666666666
1 0.3691666666666667 0.875 0.095 0.22916666666666666
1 0.43000000000000005 0.87109375 0.08 0.2265625
1 0.5175000000000001 0.8984375 0.07500000000000001 0.19270833333333331
1 0.5933333333333334 0.9075520833333333 0.07666666666666667 0.15364583333333331
1 0.8333333333333334 0.90625 0.06333333333333334 0.17708333333333331
1 0.8875000000000001 0.8984375 0.045000000000000005 0.19270833333333331
1 0.8433333333333334 0.796875 0.06666666666666667 0.11458333333333333
1 0.9450000000000001 0.85546875 0.08 0.23177083333333331
1 0.9675 0.8854166666666666 0.058333333333333334 0.19791666666666666
1 0.665 0.64453125 0.08 0.1953125
1 0.935 0.6927083333333333 0.06333333333333334 0.13020833333333331
1 0.7908333333333334 0.6927083333333333 0.07500000000000001 0.19270833333333331
1 0.020833333333333336 0.6002604166666666 0.035 0.2630208333333333
1 0.26 0.9401041666666666 0.08666666666666667 0.109375
