1 0.021666666666666667 0.6538461538461539 0.043333333333333335 0.24260355029585798
1 0.030833333333333334 0.6479289940828402 0.06166666666666667 0.28994082840236685
1 0.11583333333333334 0.6597633136094675 0.045000000000000005 0.20118343195266272
1 0.14 0.6686390532544378 0.043333333333333335 0.1893491124260355
1 0.24833333333333335 0.6597633136094675 0.04 0.1834319526627219
1 0.27666666666666667 0.6612426035502958 0.043333333333333335 0.1923076923076923
1 0.2966666666666667 0.6671597633136095 0.043333333333333335 0.1982248520710059
1 0.32666666666666666 0.6745562130177515 0.03333333333333333 0.15384615384615385
1 0.3566666666666667 0.6804733727810651 0.043333333333333335 0.1893491124260355
1 0.37833333333333335 0.6671597633136095 0.05 0.21597633136094674
1 0.4108333333333334 0.665680473372781 0.018333333333333333 0.08875739644970414
1 0.4266666666666667 0.6671597633136095 0.02 0.09763313609467456
1 0.4425 0.6597633136094675 0.015000000000000001 0.0650887573964497
1 0.6816666666666668 0.6775147928994083 0.02666666666666667 0.11834319526627218
1 0.6916666666666668 0.673076923076923 0.02666666666666667 0.12130177514792899
1 0.7158333333333334 0.6834319526627218 0.03166666666666667 0.14792899408284024
1 0.7525000000000001 0.6775147928994083 0.035 0.15384615384615385
1 0.7858333333333334 0.673076923076923 0.035 0.15680473372781065
1 0.8216666666666668 0.6775147928994083 0.02 0.08875739644970414
1 0.8441666666666667 0.6863905325443787 0.04166666666666667 0.17751479289940827
1 0.8858333333333334 0.7366863905325444 0.08166666666666667 0.3609467455621302
1 0.9458333333333334 0.6715976331360947 0.045000000000000005 0.1952662721893491
1 0.9066666666666667 0.6849112426035503 0.04 0.1804733727810651
1 0.4033333333333334 0.621301775147929 0.02 0.03550295857988166
1 0.45083333333333336 0.6494082840236686 0.011666666666666667 0.05029585798816568
1 0.445 0.7411242603550295 0.08333333333333334 0.17455621301775148
1 0.5366666666666667 0.735207100591716 0.1 0.3994082840236686
1 0.8666666666666667 0.6272189349112426 0.023333333333333334 0.05917159763313609
