1 0.04733333333333333 0.618 0.09466666666666666 0.464
1 0.08666666666666667 0.641 0.13866666666666666 0.514
1 0.12466666666666666 0.529 0.08933333333333333 0.334
1 0.17066666666666666 0.59 0.104 0.38
1 0.208 0.548 0.07466666666666666 0.276
1 0.2753333333333333 0.529 0.07333333333333333 0.27
1 0.3233333333333333 0.485 0.044 0.166
1 0.3406666666666667 0.494 0.052 0.196
1 0.372 0.5660000000000001 0.08 0.3
1 0.4126666666666666 0.536 0.06266666666666666 0.23600000000000002
1 0.4613333333333333 0.56 0.07733333333333334 0.28400000000000003
1 0.53 0.642 0.12133333333333333 0.448
1 0.5599999999999999 0.526 0.064 0.24
1 0.6333333333333333 0.638 0.13333333333333333 0.492
1 0.7066666666666667 0.562 0.10666666666666666 0.392
1 0.8053333333333333 0.635 0.13066666666666665 0.482
1 0.9506666666666667 0.61 0.09866666666666667 0.468
1 0.9253333333333333 0.441 0.048 0.126
1 0.8986666666666666 0.454 0.050666666666666665 0.128
1 0.7653333333333333 0.433 0.03733333333333333 0.07
1 0.6046666666666667 0.443 0.03866666666666667 0.078
1 0.5926666666666667 0.434 0.02 0.068
1 0.578 0.441 0.025333333333333333 0.058
1 0.506 0.452 0.025333333333333333 0.092
1 0.48 0.429 0.042666666666666665 0.09
1 0.4493333333333333 0.419 0.021333333333333333 0.034
1 0.432 0.437 0.026666666666666665 0.046
1 0.3973333333333333 0.427 0.034666666666666665 0.058
1 0.31266666666666665 0.424 0.022666666666666665 0.028
1 0.19066666666666665 0.431 0.026666666666666665 0.058
