1 0.095 0.4322033898305085 0.07666666666666667 0.3220338983050847
1 0.17666666666666667 0.4293785310734463 0.06666666666666667 0.2824858757062147
1 0.26 0.4152542372881356 0.07 0.288135593220339
1 0.36333333333333334 0.4053672316384181 0.06666666666666667 0.2796610169491525
1 0.455 0.3884180790960452 0.06666666666666667 0.2740112994350282
1 0.6008333333333333 0.4096045197740113 0.058333333333333334 0.2485875706214689
1 0.6425000000000001 0.3050847457627119 0.03833333333333334 0.1581920903954802
1 0.6975 0.3997175141242938 0.058333333333333334 0.2401129943502825
1 0.8133333333333334 0.3997175141242938 0.060000000000000005 0.2570621468926554
1 0.935 0.4081920903954802 0.06666666666666667 0.2796610169491525
1 0.3375 0.2768361581920904 0.035 0.1016949152542373
1 0.36083333333333334 0.2669491525423729 0.035 0.07627118644067797
1 0.4041666666666667 0.2937853107344633 0.05166666666666667 0.12994350282485875
1 0.5075000000000001 0.2923728813559322 0.03833333333333334 0.1384180790960452
1 0.5316666666666667 0.2288135593220339 0.030000000000000002 0.096045197740113
1 0.5475 0.2457627118644068 0.025 0.0790960451977401
1 0.5516666666666667 0.20056497175141244 0.02 0.05649717514124294
1 0.5675 0.21468926553672316 0.03166666666666667 0.1016949152542373
1 0.5975 0.2245762711864407 0.025 0.10451977401129943
1 0.6191666666666668 0.2019774011299435 0.03166666666666667 0.08757062146892655
1 0.6408333333333334 0.3008474576271186 0.05166666666666667 0.16666666666666666
1 0.7516666666666667 0.3135593220338983 0.04 0.1864406779661017
1 0.8366666666666667 0.2867231638418079 0.043333333333333335 0.1327683615819209
1 0.88 0.3008474576271186 0.05666666666666667 0.17796610169491525
1 0.935 0.2951977401129943 0.05 0.16666666666666666
