1 0.18166666666666667 0.50375 0.07 0.2625
1 0.23083333333333333 0.5125 0.065 0.24
1 0.26 0.50375 0.08666666666666667 0.3175
1 0.30583333333333335 0.51375 0.06166666666666667 0.2275
1 0.3891666666666667 0.4675 0.13166666666666668 0.49
1 0.41833333333333333 0.505 0.09333333333333334 0.34
1 0.46166666666666667 0.51 0.08666666666666667 0.315
1 0.5258333333333334 0.5125 0.08833333333333333 0.33
1 0.5316666666666667 0.51625 0.10666666666666667 0.3925
1 0.6133333333333334 0.51625 0.11 0.4025
1 0.6008333333333333 0.5175 0.08833333333333333 0.33
1 0.6783333333333333 0.51625 0.10666666666666667 0.3925
1 0.6983333333333334 0.53 0.09666666666666668 0.355
1 0.7783333333333334 0.54625 0.12000000000000001 0.4475
1 0.8458333333333334 0.51125 0.13833333333333334 0.5125
1 0.9083333333333334 0.5375 0.12666666666666668 0.465
1 0.9425000000000001 0.54125 0.115 0.4275
1 0.9625 0.5337500000000001 0.07500000000000001 0.41250000000000003
1 0.34750000000000003 0.5425 0.058333333333333334 0.315
