1 0.92875 0.752895752895753 0.0625 0.2471042471042471
1 0.8925000000000001 0.6988416988416989 0.04 0.16216216216216217
1 0.865 0.8011583011583012 0.075 0.2895752895752896
1 0.7825 0.7606177606177607 0.06 0.23938223938223938
1 0.76 0.667953667953668 0.03 0.12355212355212356
1 0.72875 0.7142857142857143 0.0475 0.18532818532818535
1 0.0775 0.7953667953667953 0.08 0.30115830115830117
1 0.10375000000000001 0.7027027027027027 0.0375 0.14671814671814673
1 0.1375 0.6583011583011583 0.03 0.11196911196911197
1 0.15625 0.750965250965251 0.0625 0.23552123552123552
1 0.20750000000000002 0.7104247104247104 0.05 0.18532818532818535
1 0.2475 0.7084942084942085 0.04 0.15830115830115832
1 0.22875 0.6486486486486487 0.0325 0.12355212355212356
1 0.26125 0.7953667953667953 0.0775 0.30115830115830117
1 0.3125 0.7567567567567568 0.06 0.22393822393822393
1 0.34625 0.7200772200772201 0.0475 0.18146718146718147
1 0.29125 0.6216216216216216 0.0175 0.07722007722007722
1 0.28125 0.6332046332046333 0.0175 0.07722007722007722
1 0.26625 0.6196911196911197 0.0175 0.06563706563706564
1 0.32 0.6138996138996139 0.015 0.05405405405405406
1 0.3325 0.6235521235521235 0.015 0.06563706563706564
1 0.35375 0.6177606177606177 0.0175 0.0694980694980695
1 0.37 0.694980694980695 0.04 0.15444015444015444
1 0.38625 0.6872586872586873 0.0375 0.15444015444015444
1 0.40625 0.6621621621621622 0.0275 0.11196911196911197
1 0.42625 0.6447876447876448 0.0275 0.1003861003861004
1 0.46 0.7895752895752896 0.075 0.2972972972972973
1 0.50875 0.640926640926641 0.0275 0.10810810810810811
1 0.4825 0.6544401544401545 0.03 0.11969111969111969
1 0.65375 0.7857142857142857 0.0725 0.27413127413127414
1 0.645 0.7393822393822393 0.06 0.22779922779922782
1 0.61375 0.7200772200772201 0.0525 0.1969111969111969
1 0.5925 0.6795366795366795 0.035 0.14671814671814673
1 0.5425 0.6003861003861004 0.01 0.0501930501930502
1 0.53125 0.6003861003861004 0.0075 0.03474903474903475
1 0.5225 0.6023166023166023 0.005 0.03088803088803089
1 0.5650000000000001 0.6023166023166023 0.01 0.03861003861003861
1 0.57375 0.6023166023166023 0.0125 0.04633204633204634
1 0.6225 0.6081081081081081 0.015 0.05791505791505792
1 0.66 0.6061776061776062 0.015 0.06177606177606178
1 0.6725 0.611969111969112 0.015 0.05791505791505792
1 0.68875 0.666023166023166 0.0275 0.11196911196911197
1 0.7125 0.6138996138996139 0.015 0.06177606177606178
1 0.965 0.6640926640926641 0.035 0.138996138996139
1 0.94875 0.6583011583011583 0.0325 0.13513513513513514
1 0.4975 0.833976833976834 0.08 0.3088803088803089
1 0.615 0.5907335907335908 0.005 0.03088803088803089
1 0.7425 0.6023166023166023 0.01 0.03861003861003861
1 0.94125 0.6640926640926641 0.0325 0.1312741312741313
1 0.87125 0.6698841698841699 0.0375 0.14285714285714285
1 0.87625 0.61003861003861 0.0175 0.03861003861003861
1 0.7675000000000001 0.611969111969112 0.025 0.06563706563706564
1 0.6950000000000001 0.5945945945945946 0.015 0.03088803088803089
1 0.465 0.611969111969112 0.015 0.0501930501930502
1 0.3675 0.5984555984555985 0.01 0.03088803088803089
1 0.3825 0.5965250965250966 0.015 0.02702702702702703
1 0.23750000000000002 0.6023166023166023 0.015 0.05405405405405406
1 0.18875 0.5926640926640927 0.0175 0.04247104247104247
1 0.18125 0.5984555984555985 0.0125 0.02316602316602317
1 0.15 0.6023166023166023 0.03 0.04633204633204634
1 0.07125000000000001 0.6332046332046333 0.0275 0.05405405405405406
1 0.051250000000000004 0.6737451737451737 0.0275 0.05791505791505792
1 0.015 0.6737451737451737 0.03 0.13513513513513514
1 0.425 0.6003861003861004 0.02 0.0501930501930502
1 0.715 0.584942084942085 0.01 0.02702702702702703
