1 0.054 0.3591160220994475 0.108 0.4419889502762431
1 0.161 0.36049723756906077 0.11 0.3729281767955801
1 0.187 0.356353591160221 0.10200000000000001 0.3425414364640884
1 0.223 0.35082872928176795 0.09 0.30386740331491713
1 0.318 0.3425414364640884 0.076 0.2541436464088398
1 0.359 0.3453038674033149 0.05 0.16574585635359115
1 0.40700000000000003 0.3383977900552486 0.066 0.2292817679558011
1 0.495 0.31353591160220995 0.09 0.30662983425414364
1 0.449 0.35359116022099446 0.018000000000000002 0.06077348066298342
1 0.458 0.3522099447513812 0.016 0.06353591160220995
1 0.649 0.3176795580110497 0.062 0.2154696132596685
1 0.735 0.2983425414364641 0.078 0.26519337016574585
1 0.769 0.2914364640883978 0.094 0.3176795580110497
1 0.812 0.25138121546961323 0.1 0.33701657458563533
1 0.861 0.26933701657458564 0.11800000000000001 0.4060773480662983
1 0.9390000000000001 0.25138121546961323 0.122 0.4475138121546961
1 0.9590000000000001 0.324585635359116 0.082 0.4060773480662983
1 0.105 0.3770718232044199 0.058 0.19060773480662982
1 0.553 0.48756906077348067 0.45 0.792817679558011
1 0.592 0.27209944751381215 0.064 0.1464088397790055
1 0.917 0.30524861878453036 0.058 0.20718232044198895
