1 0.08515625 0.6497005988023953 0.0921875 0.4311377245508982
1 0.1484375 0.627245508982036 0.09062500000000001 0.42215568862275454
1 0.1265625 0.5808383233532934 0.09062500000000001 0.4251497005988024
1 0.22734375 0.6347305389221557 0.0890625 0.4191616766467066
1 0.30234375 0.6302395209580839 0.0859375 0.4101796407185629
1 0.26484375 0.5568862275449102 0.08281250000000001 0.39520958083832336
1 0.37031250000000004 0.7410179640718564 0.059375000000000004 0.2844311377245509
1 0.42890625000000004 0.7335329341317366 0.0578125 0.281437125748503
1 0.41171875 0.627245508982036 0.0890625 0.4161676646706587
1 0.46484375 0.7544910179640719 0.06406250000000001 0.30538922155688625
1 0.5242187500000001 0.7260479041916168 0.0703125 0.3263473053892216
1 0.48828125 0.6362275449101796 0.09843750000000001 0.4640718562874252
1 0.5515625000000001 0.6422155688622755 0.09375 0.44011976047904194
1 0.6015625 0.7290419161676647 0.065625 0.31437125748503
1 0.7015625000000001 0.7290419161676647 0.078125 0.36826347305389223
1 0.6765625000000001 0.6452095808383234 0.09062500000000001 0.42814371257485034
1 0.7718750000000001 0.7724550898203594 0.07187500000000001 0.3413173652694611
1 0.7578125 0.6422155688622755 0.1 0.470059880239521
1 0.8375 0.7709580838323353 0.05625 0.2724550898203593
1 0.8445312500000001 0.6511976047904192 0.1015625 0.4760479041916168
1 0.9343750000000001 0.7694610778443114 0.07187500000000001 0.3473053892215569
1 0.9 0.6646706586826348 0.10312500000000001 0.4850299401197605
1 0.31484375000000003 0.37425149700598803 0.029687500000000002 0.07185628742514971
1 0.35703125 0.42814371257485034 0.0234375 0.11976047904191617
1 0.41718750000000004 0.3203592814371258 0.034375 0.08982035928143713
1 0.45859375 0.3607784431137725 0.029687500000000002 0.09281437125748504
1 0.51796875 0.3592814371257485 0.029687500000000002 0.08383233532934133
1 0.5789062500000001 0.3413173652694611 0.0484375 0.10778443113772455
1 0.65546875 0.3532934131736527 0.0421875 0.11377245508982037
1 0.61875 0.40868263473053895 0.043750000000000004 0.12275449101796408
1 0.7289062500000001 0.40868263473053895 0.026562500000000003 0.09880239520958084
1 0.7578125 0.34880239520958084 0.028125 0.08682634730538923
1 0.8625 0.37425149700598803 0.037500000000000006 0.10778443113772455
