1 0.26833333333333337 0.5103857566765578 0.05666666666666667 0.24925816023738873
1 0.3916666666666667 0.5148367952522256 0.04666666666666667 0.20474777448071219
1 0.5141666666666667 0.5059347181008902 0.04833333333333334 0.2166172106824926
1 0.45083333333333336 0.5311572700296736 0.07166666666666667 0.31454005934718104
1 0.0825 0.5459940652818991 0.055 0.21364985163204747
1 0.1366666666666667 0.556379821958457 0.04666666666666667 0.23442136498516322
1 0.21416666666666667 0.5786350148367952 0.07166666666666667 0.27299703264094954
1 0.32666666666666666 0.6097922848664689 0.07666666666666667 0.2997032640949555
1 0.3191666666666667 0.39465875370919884 0.03833333333333334 0.10682492581602374
1 0.5733333333333334 0.6364985163204748 0.060000000000000005 0.32344213649851633
1 0.5716666666666667 0.39465875370919884 0.05666666666666667 0.12462908011869436
1 0.6616666666666667 0.5801186943620178 0.07666666666666667 0.21068249258160238
1 0.6425000000000001 0.39762611275964393 0.045000000000000005 0.06528189910979229
1 0.7841666666666667 0.5816023738872403 0.07166666666666667 0.2789317507418398
1 0.9125000000000001 0.5489614243323442 0.07500000000000001 0.2551928783382789
