1 0.31676136363636365 0.7083333333333333 0.08238636363636363 0.25
1 0.3806818181818182 0.767361111111111 0.09659090909090909 0.2986111111111111
1 0.24005681818181818 0.6805555555555555 0.08806818181818182 0.2708333333333333
1 0.16193181818181818 0.6493055555555555 0.07386363636363637 0.2222222222222222
1 0.12073863636363637 0.6163194444444444 0.07670454545454546 0.22569444444444442
1 0.07244318181818182 0.5902777777777778 0.07102272727272728 0.20833333333333331
1 0.03977272727272727 0.5902777777777778 0.07954545454545454 0.24305555555555555
1 0.5823863636363636 0.8333333333333333 0.09659090909090909 0.29166666666666663
1 0.48295454545454547 0.8177083333333333 0.10795454545454546 0.3298611111111111
1 0.703125 0.7899305555555555 0.10511363636363637 0.32291666666666663
1 0.8053977272727273 0.8315972222222222 0.09943181818181819 0.3020833333333333
1 0.8423295454545455 0.767361111111111 0.11079545454545454 0.34027777777777773
1 0.9588068181818182 0.798611111111111 0.08238636363636363 0.3194444444444444
1 0.6633522727272727 0.703125 0.09375 0.2881944444444444
1 0.6661931818181819 0.2552083333333333 0.019886363636363636 0.06597222222222222
1 0.7301136363636364 0.26041666666666663 0.017045454545454544 0.05555555555555555
1 0.5866477272727273 0.2586805555555555 0.014204545454545456 0.04513888888888889
1 0.5042613636363636 0.3506944444444444 0.03125 0.09722222222222221
1 0.234375 0.3576388888888889 0.06534090909090909 0.05555555555555555
