1 0.29500000000000004 0.7559808612440191 0.09666666666666668 0.34449760765550236
1 0.06833333333333334 0.7200956937799042 0.08333333333333334 0.30143540669856456
1 0.22 0.7129186602870813 0.06666666666666667 0.24880382775119617
1 0.4316666666666667 0.7535885167464115 0.08333333333333334 0.29186602870813394
1 0.33 0.700956937799043 0.060000000000000005 0.2248803827751196
1 0.48500000000000004 0.69377990430622 0.043333333333333335 0.16267942583732056
1 0.405 0.6866028708133971 0.043333333333333335 0.16746411483253587
1 0.54 0.7392344497607655 0.06666666666666667 0.24401913875598086
1 0.6183333333333334 0.715311004784689 0.05666666666666667 0.19617224880382775
1 0.6833333333333333 0.6961722488038278 0.04666666666666667 0.16746411483253587
1 0.7150000000000001 0.7057416267942583 0.03666666666666667 0.13875598086124402
1 0.7483333333333334 0.6913875598086124 0.030000000000000002 0.11004784688995214
