1 0.048 0.6512455516014235 0.096 0.35231316725978645
1 0.128 0.6672597864768683 0.09866666666666667 0.3274021352313167
1 0.18533333333333332 0.5551601423487544 0.14666666666666667 0.48398576512455516
1 0.2813333333333333 0.4483985765124555 0.07733333333333334 0.25266903914590744
1 0.33399999999999996 0.445729537366548 0.076 0.25088967971530246
1 0.5133333333333333 0.6005338078291814 0.17333333333333334 0.5640569395017794
1 0.42466666666666664 0.447508896797153 0.092 0.3042704626334519
1 0.5826666666666667 0.4572953736654804 0.09066666666666666 0.298932384341637
1 0.6173333333333333 0.4546263345195729 0.08533333333333333 0.2793594306049822
1 0.6353333333333333 0.43416370106761565 0.08399999999999999 0.2775800711743772
1 0.7433333333333333 0.5355871886120996 0.14266666666666666 0.4626334519572953
1 0.85 0.4572953736654804 0.08399999999999999 0.2775800711743772
1 0.9506666666666667 0.5 0.09866666666666667 0.4306049822064057
1 0.38 0.3905693950177936 0.042666666666666665 0.14056939501779359
1 0.18666666666666665 0.31049822064056937 0.021333333333333333 0.051601423487544484
1 0.214 0.3238434163701067 0.030666666666666665 0.046263345195729534
1 0.248 0.32028469750889677 0.029333333333333333 0.060498220640569395
1 0.24266666666666667 0.3674377224199288 0.021333333333333333 0.051601423487544484
1 0.08866666666666666 0.27313167259786475 0.044 0.08362989323843416
1 0.041999999999999996 0.26512455516014233 0.030666666666666665 0.07473309608540925
1 0.3506666666666667 0.3140569395017793 0.021333333333333333 0.04804270462633452
1 0.5559999999999999 0.29359430604982206 0.029333333333333333 0.060498220640569395
1 0.756 0.2998220640569395 0.032 0.09786476868327401
1 0.6639999999999999 0.29270462633451955 0.018666666666666665 0.055160142348754444
