1 0.19833333333333333 0.5665829145728644 0.11666666666666667 0.43467336683417085
1 0.4675 0.5251256281407035 0.21166666666666667 0.7788944723618091
1 0.6008333333333333 0.5678391959798995 0.125 0.4623115577889447
1 0.7033333333333334 0.585427135678392 0.21666666666666667 0.8040201005025126
1 0.7608333333333334 0.47738693467336685 0.058333333333333334 0.22110552763819097
1 0.7966666666666667 0.48743718592964824 0.05 0.18592964824120603
1 0.9233333333333333 0.49874371859296485 0.043333333333333335 0.15829145728643215
1 0.9750000000000001 0.5062814070351759 0.03333333333333333 0.12814070351758794
1 0.9908333333333333 0.5125628140703518 0.018333333333333333 0.11557788944723618
1 0.3416666666666667 0.5062814070351759 0.060000000000000005 0.228643216080402
1 0.24833333333333335 0.31532663316582915 0.03333333333333333 0.12311557788944724
1 0.30083333333333334 0.31532663316582915 0.03166666666666667 0.11809045226130653
1 0.2791666666666667 0.32160804020100503 0.028333333333333335 0.11055276381909548
1 0.2041666666666667 0.3128140703517588 0.028333333333333335 0.11306532663316583
1 0.0975 0.5175879396984925 0.06166666666666667 0.22613065326633167
1 0.06416666666666668 0.35050251256281406 0.028333333333333335 0.10301507537688442
1 0.135 0.34045226130653267 0.02666666666666667 0.10301507537688442
1 0.15833333333333335 0.3454773869346734 0.02 0.0728643216080402
1 0.014166666666666668 0.5238693467336684 0.028333333333333335 0.08793969849246232
1 0.052500000000000005 0.5402010050251257 0.07833333333333334 0.15075376884422112
1 0.8675 0.5326633165829145 0.04833333333333334 0.10050251256281408
1 0.1375 0.5452261306532663 0.035 0.07537688442211056
1 0.1375 0.44095477386934673 0.03166666666666667 0.06281407035175879
1 0.34833333333333333 0.30527638190954776 0.03333333333333333 0.0728643216080402
1 0.3866666666666667 0.32537688442211055 0.02666666666666667 0.05778894472361809
