1 0.64625 0.1275797373358349 0.04 0.150093808630394
1 0.906875 0.1651031894934334 0.04125 0.150093808630394
1 0.124375 0.7542213883677298 0.10625 0.39399624765478425
1 0.184375 0.7898686679174484 0.08125 0.30393996247654786
1 0.2225 0.7204502814258912 0.1075 0.39399624765478425
1 0.34750000000000003 0.8358348968105066 0.085 0.3170731707317073
1 0.4925 0.7401500938086304 0.135 0.50093808630394
1 0.55875 0.7542213883677298 0.1275 0.4727954971857411
1 0.675 0.797373358348968 0.105 0.3902439024390244
1 0.798125 0.7317073170731707 0.14375000000000002 0.525328330206379
1 0.953125 0.8086303939962477 0.09375 0.3714821763602251
1 0.441875 0.12851782363977485 0.04625 0.17448405253283303
1 0.336875 0.15478424015009382 0.03875 0.14821763602251406
1 0.3675 0.14821763602251406 0.0425 0.15384615384615385
1 0.291875 0.21013133208255158 0.03625 0.1350844277673546
1 0.96875 0.2607879924953096 0.0475 0.1726078799249531
1 0.9862500000000001 0.2607879924953096 0.0275 0.10881801125703565
1 0.04125 0.4268292682926829 0.05 0.1894934333958724
1 0.854375 0.29174484052532834 0.04625 0.17073170731707318
1 0.12375 0.10975609756097561 0.03 0.06566604127579738
1 0.15687500000000001 0.09943714821763602 0.043750000000000004 0.075046904315197
1 0.210625 0.0947467166979362 0.02875 0.07317073170731707
1 0.239375 0.05628517823639775 0.02375 0.05628517823639775
1 0.963125 0.42213883677298314 0.03125 0.04878048780487805
1 0.9762500000000001 0.38649155722326456 0.03 0.0600375234521576
1 0.984375 0.3339587242026266 0.02375 0.03377110694183865
1 0.688125 0.8067542213883677 0.11625 0.36397748592870544
1 0.7225 0.5431519699812383 0.09 0.15572232645403378
1 0.93125 0.3968105065666041 0.0425 0.13320825515947468
1 0.878125 0.4052532833020638 0.04875 0.1200750469043152
1 0.940625 0.5628517823639775 0.07875 0.18761726078799248
1 0.058125 0.6772983114446529 0.08125 0.150093808630394
1 0.39625 0.625703564727955 0.085 0.17448405253283303
1 0.44125000000000003 0.8339587242026266 0.08750000000000001 0.2795497185741088
1 0.135 0.851782363977486 0.1775 0.2701688555347092
