1 0.11166666666666668 0.26666666666666666 0.11333333333333334 0.27666666666666667
1 0.19166666666666668 0.255 0.11333333333333334 0.28
1 0.255 0.25583333333333336 0.10333333333333335 0.255
1 0.32333333333333336 0.24916666666666668 0.11666666666666667 0.28833333333333333
1 0.41500000000000004 0.2725 0.11 0.27166666666666667
1 0.8141666666666667 0.44083333333333335 0.03833333333333334 0.095
1 0.8625 0.4441666666666667 0.035 0.08833333333333333
1 0.9175000000000001 0.44083333333333335 0.04166666666666667 0.10166666666666667
1 0.9450000000000001 0.44333333333333336 0.03666666666666667 0.09000000000000001
1 0.7933333333333333 0.42250000000000004 0.043333333333333335 0.10833333333333334
1 0.5516666666666667 0.4633333333333334 0.023333333333333334 0.060000000000000005
1 0.5791666666666667 0.4625 0.021666666666666667 0.058333333333333334
1 0.3825 0.8708333333333333 0.055 0.13833333333333334
1 0.4708333333333334 0.8708333333333333 0.055 0.13833333333333334
1 0.4575 0.8933333333333334 0.03833333333333334 0.09333333333333334
1 0.06583333333333334 0.8683333333333334 0.055 0.13333333333333333
1 0.11833333333333335 0.88 0.05666666666666667 0.14
1 0.15416666666666667 0.9125000000000001 0.058333333333333334 0.14166666666666666
1 0.21583333333333335 0.8658333333333333 0.04166666666666667 0.10166666666666667
1 0.5725 0.8750000000000001 0.08833333333333333 0.21666666666666667
1 0.6491666666666667 0.8550000000000001 0.10500000000000001 0.2566666666666667
1 0.7141666666666667 0.8691666666666668 0.09166666666666667 0.22833333333333336
1 0.7566666666666667 0.8825000000000001 0.08333333333333334 0.2016666666666667
1 0.8175 0.8708333333333333 0.08833333333333333 0.22166666666666668
1 0.8908333333333334 0.8691666666666668 0.09166666666666667 0.22833333333333336
1 0.9275000000000001 0.8141666666666667 0.05166666666666667 0.13166666666666668
1 0.3116666666666667 0.8750000000000001 0.060000000000000005 0.08
1 0.04833333333333334 0.9400000000000001 0.07666666666666667 0.09000000000000001
1 0.05666666666666667 0.9075000000000001 0.08333333333333334 0.10833333333333334
1 0.21333333333333335 0.9325000000000001 0.10333333333333335 0.10166666666666667
1 0.34833333333333333 0.9416666666666668 0.09333333333333334 0.08333333333333334
