1 0.05818181818181818 0.6565934065934066 0.11636363636363636 0.6648351648351649
1 0.0890909090909091 0.6991758241758242 0.15636363636363637 0.5851648351648352
1 0.11818181818181818 0.6167582417582418 0.09454545454545454 0.34890109890109894
1 0.13818181818181818 0.5782967032967034 0.06909090909090909 0.25549450549450553
1 0.18272727272727274 0.679945054945055 0.1 0.3763736263736264
1 0.2672727272727273 0.6758241758241759 0.10181818181818182 0.37912087912087916
1 0.3145454545454546 0.6359890109890111 0.07272727272727272 0.271978021978022
1 0.35818181818181816 0.6730769230769231 0.10181818181818182 0.37912087912087916
1 0.3972727272727273 0.6414835164835165 0.08545454545454545 0.315934065934066
1 0.4445454545454545 0.6895604395604397 0.1 0.36813186813186816
1 0.5054545454545455 0.6373626373626374 0.08 0.2967032967032967
1 0.56 0.6744505494505495 0.10181818181818182 0.3818681318681319
1 0.6354545454545455 0.6758241758241759 0.1 0.37912087912087916
1 0.7127272727272728 0.6730769230769231 0.09818181818181818 0.36813186813186816
1 0.77 0.6771978021978022 0.09636363636363636 0.35989010989010994
1 0.8527272727272728 0.6717032967032968 0.09818181818181818 0.35989010989010994
1 0.93 0.592032967032967 0.06363636363636363 0.24450549450549453
1 0.9572727272727273 0.5824175824175825 0.06 0.23076923076923078
1 0.7563636363636363 0.614010989010989 0.08727272727272728 0.32142857142857145
1 0.5945454545454546 0.592032967032967 0.06909090909090909 0.25549450549450553
1 0.23454545454545456 0.5206043956043956 0.02181818181818182 0.07967032967032968
1 0.22090909090909092 0.5206043956043956 0.016363636363636365 0.06868131868131869
1 0.1990909090909091 0.5192307692307693 0.04181818181818182 0.1043956043956044
1 0.28545454545454546 0.5302197802197802 0.02909090909090909 0.08791208791208792
1 0.2790909090909091 0.4793956043956044 0.016363636363636365 0.030219780219780223
1 0.3 0.49313186813186816 0.01818181818181818 0.0631868131868132
1 0.33181818181818185 0.5013736263736264 0.023636363636363636 0.06868131868131869
1 0.42363636363636364 0.5137362637362638 0.02909090909090909 0.07692307692307693
1 0.47363636363636363 0.5398351648351649 0.04181818181818182 0.09065934065934067
1 0.5245454545454545 0.5109890109890111 0.023636363636363636 0.09340659340659341
1 0.8709090909090909 0.5096153846153847 0.01818181818181818 0.07417582417582418
