1 0.015625 0.3905660377358491 0.02875 0.10566037735849057
1 0.044375 0.4235849056603774 0.04125 0.15283018867924528
1 0.105 0.4660377358490566 0.0525 0.19245283018867926
1 0.160625 0.39433962264150946 0.03625 0.13962264150943396
1 0.12562500000000001 0.39433962264150946 0.02875 0.10566037735849057
1 0.0825 0.3613207547169811 0.0175 0.0660377358490566
1 0.105 0.3679245283018868 0.0175 0.06415094339622641
1 0.514375 0.389622641509434 0.06625 0.2509433962264151
1 0.75125 0.35377358490566035 0.02 0.07735849056603773
1 0.7725 0.3443396226415094 0.02 0.07358490566037736
1 0.709375 0.35283018867924526 0.01875 0.06792452830188679
1 0.765 0.36320754716981135 0.0125 0.04716981132075472
1 0.7837500000000001 0.35377358490566035 0.015 0.05471698113207547
1 0.22187500000000002 0.3735849056603774 0.01375 0.052830188679245285
1 0.1975 0.3745283018867925 0.0225 0.08867924528301886
1 0.3725 0.3669811320754717 0.0425 0.16037735849056603
1 0.338125 0.38018867924528305 0.01875 0.06981132075471698
1 0.673125 0.5377358490566038 0.24625 0.9132075471698113
1 0.93125 0.4018867924528302 0.11 0.41132075471698115
1 0.95375 0.55 0.0925 0.5
1 0.8225 0.33490566037735847 0.015 0.062264150943396226
1 0.8 0.36415094339622645 0.0175 0.06792452830188679
1 0.256875 0.35754716981132073 0.04125 0.13773584905660377
1 0.194375 0.4349056603773585 0.07875 0.14528301886792452
1 0.315625 0.35283018867924526 0.03875 0.12075471698113208
1 0.29125 0.47830188679245284 0.1075 0.33773584905660375
1 0.46 0.6339622641509434 0.22 0.6867924528301886
