1 0.15874125874125875 0.5978520286396182 0.16643356643356644 0.6992840095465395
1 0.24405594405594405 0.5930787589498807 0.15244755244755245 0.6420047732696897
1 0.31608391608391606 0.5835322195704058 0.15384615384615385 0.6420047732696897
1 0.35874125874125873 0.5608591885441527 0.13006993006993006 0.5489260143198091
1 0.3748251748251748 0.5357995226730311 0.12027972027972028 0.49880668257756566
1 0.6405594405594406 0.5572792362768497 0.1258741258741259 0.522673031026253
1 0.6909090909090909 0.5513126491646778 0.13706293706293707 0.5727923627684964
1 0.7363636363636363 0.5513126491646778 0.15524475524475526 0.649164677804296
1 0.8020979020979021 0.5715990453460621 0.15524475524475526 0.6515513126491647
1 0.8727272727272727 0.5906921241050119 0.18181818181818182 0.7565632458233891
1 0.45874125874125876 0.36276849642004777 0.08391608391608392 0.18615751789976134
1 0.534965034965035 0.4116945107398568 0.07412587412587412 0.2935560859188544
1 0.5937062937062937 0.38186157517899766 0.06293706293706294 0.20525059665871123
1 0.46223776223776225 0.6897374701670644 0.12727272727272726 0.5918854415274464
1 0.5902097902097903 0.662291169451074 0.13706293706293707 0.513126491646778
