1 0.021666666666666667 0.30125 0.03333333333333333 0.1275
1 0.0425 0.295 0.03166666666666667 0.115
1 0.06666666666666667 0.29125 0.030000000000000002 0.1075
1 0.16166666666666668 0.55125 0.21000000000000002 0.7725
1 0.375 0.48 0.15333333333333335 0.5650000000000001
1 0.4766666666666667 0.35000000000000003 0.06666666666666667 0.245
1 0.5175000000000001 0.35125 0.055 0.20750000000000002
1 0.5925 0.33625 0.035 0.1375
1 0.62 0.445 0.1 0.375
1 0.6508333333333334 0.41625 0.07833333333333334 0.28750000000000003
1 0.6766666666666667 0.3425 0.04666666666666667 0.17500000000000002
1 0.7475 0.36875 0.05166666666666667 0.1975
1 0.9008333333333334 0.43375 0.10833333333333334 0.4025
1 0.9666666666666667 0.4475 0.06666666666666667 0.33
1 0.8383333333333334 0.34625 0.03666666666666667 0.1375
1 0.7983333333333333 0.34375 0.030000000000000002 0.11750000000000001
1 0.7008333333333334 0.34750000000000003 0.03833333333333334 0.14
1 0.5808333333333334 0.325 0.03166666666666667 0.12
1 0.7333333333333334 0.34 0.043333333333333335 0.16
1 0.9525 0.4025 0.07166666666666667 0.265
1 0.43750000000000006 0.38375000000000004 0.04833333333333334 0.14250000000000002
