1 0.44333333333333336 0.5320855614973262 0.030000000000000002 0.11764705882352941
1 0.46166666666666667 0.5307486631016043 0.02666666666666667 0.10962566844919786
1 0.4291666666666667 0.5200534759358288 0.028333333333333335 0.10962566844919786
1 0.5025000000000001 0.516042780748663 0.025 0.1016042780748663
1 0.5216666666666667 0.516042780748663 0.02666666666666667 0.10695187165775401
1 0.5433333333333333 0.5227272727272727 0.02666666666666667 0.10427807486631016
1 0.5583333333333333 0.5187165775401069 0.030000000000000002 0.11764705882352941
1 0.5783333333333334 0.5093582887700534 0.030000000000000002 0.12566844919786097
1 0.6033333333333334 0.516042780748663 0.03333333333333333 0.1336898395721925
1 0.6183333333333334 0.5227272727272727 0.03333333333333333 0.13101604278074866
1 0.64 0.5147058823529411 0.03666666666666667 0.15240641711229946
1 0.6975 0.5120320855614973 0.04166666666666667 0.16310160427807485
1 0.7708333333333334 0.5066844919786095 0.045000000000000005 0.17914438502673796
1 0.8133333333333334 0.517379679144385 0.04666666666666667 0.18449197860962566
1 0.8516666666666667 0.5320855614973262 0.043333333333333335 0.1711229946524064
1 0.88 0.516042780748663 0.04666666666666667 0.1818181818181818
1 0.905 0.5467914438502673 0.04666666666666667 0.18983957219251335
1 0.9675 0.5013368983957219 0.065 0.28074866310160423
1 0.275 0.5200534759358288 0.013333333333333334 0.05080213903743315
1 0.26166666666666666 0.5213903743315508 0.01 0.0427807486631016
1 0.23750000000000002 0.5240641711229946 0.008333333333333333 0.0374331550802139
1 0.22583333333333336 0.5200534759358288 0.008333333333333333 0.034759358288770054
1 0.24666666666666667 0.410427807486631 0.006666666666666667 0.02406417112299465
1 0.15833333333333335 0.5106951871657753 0.01 0.0374331550802139
1 0.07666666666666667 0.4585561497326203 0.04666666666666667 0.10962566844919786
1 0.12250000000000001 0.4866310160427807 0.035 0.06951871657754011
1 0.36000000000000004 0.5080213903743315 0.023333333333333334 0.0962566844919786
1 0.39416666666666667 0.5080213903743315 0.018333333333333333 0.0909090909090909
