1 0.04875 0.6848370927318296 0.0975 0.5025062656641603
1 0.17916666666666667 0.68796992481203 0.13333333333333333 0.49373433583959897
1 0.3779166666666667 0.7136591478696741 0.12250000000000001 0.449874686716792
1 0.48583333333333334 0.7098997493734336 0.125 0.45739348370927313
1 0.4516666666666667 0.6885964912280701 0.11833333333333335 0.4373433583959899
1 0.32833333333333337 0.6892230576441103 0.125 0.46115288220551376
1 0.2991666666666667 0.6428571428571428 0.10333333333333335 0.38095238095238093
1 0.28458333333333335 0.6209273182957393 0.10916666666666668 0.39974937343358397
1 0.6295833333333334 0.6911027568922306 0.12250000000000001 0.45238095238095233
1 0.5979166666666667 0.681704260651629 0.11083333333333334 0.40852130325814534
1 0.56125 0.6616541353383458 0.10416666666666667 0.38095238095238093
1 0.545 0.6365914786967418 0.10333333333333335 0.38095238095238093
1 0.7820833333333334 0.7017543859649122 0.12250000000000001 0.44862155388471175
1 0.7191666666666667 0.6854636591478697 0.10500000000000001 0.38847117794486213
1 0.6895833333333333 0.6535087719298245 0.1125 0.4172932330827067
1 0.88 0.6829573934837092 0.13 0.47869674185463656
1 0.8500000000000001 0.6697994987468672 0.11166666666666668 0.4122807017543859
1 0.81625 0.6522556390977443 0.09916666666666667 0.36466165413533835
1 0.6583333333333333 0.6409774436090225 0.10666666666666667 0.3922305764411027
1 0.9629166666666668 0.6729323308270676 0.07416666666666667 0.38847117794486213
