1 0.05198487712665407 0.7954545454545455 0.10396975425330814 0.39772727272727276
1 0.11814744801512288 0.7883522727272727 0.10775047258979206 0.39488636363636365
1 0.20510396975425332 0.8153409090909091 0.09640831758034027 0.3522727272727273
1 0.27504725897920607 0.7911931818181819 0.10775047258979206 0.4005681818181818
1 0.019848771266540645 0.8565340909090909 0.03969754253308129 0.26420454545454547
1 0.3610586011342155 0.8125 0.09829867674858224 0.35795454545454547
1 0.3960302457466919 0.7329545454545455 0.06994328922495274 0.26704545454545453
1 0.41871455576559546 0.7784090909090909 0.10396975425330814 0.39204545454545453
1 0.5179584120982987 0.796875 0.10586011342155009 0.38920454545454547
1 0.4773156899810964 0.7798295454545455 0.1001890359168242 0.36647727272727276
1 0.5482041587901701 0.7627840909090909 0.10207939508506617 0.37215909090909094
1 0.6068052930056711 0.7741477272727273 0.09829867674858224 0.36647727272727276
1 0.7504725897920606 0.8025568181818182 0.10207939508506617 0.37215909090909094
1 0.8497164461247637 0.8053977272727273 0.1001890359168242 0.37215909090909094
1 0.9243856332703214 0.7840909090909091 0.11342155009451796 0.4147727272727273
1 0.9640831758034026 0.796875 0.07183364839319471 0.3835227272727273
1 0.26465028355387527 0.5923295454545455 0.0831758034026465 0.17897727272727273
1 0.0831758034026465 0.6235795454545455 0.04158790170132325 0.08806818181818182
1 0.6587901701323252 0.8267045454545455 0.1001890359168242 0.33522727272727276
1 0.6540642722117203 0.84375 0.06427221172022685 0.30113636363636365
1 0.777882797731569 0.6633522727272727 0.07372400756143667 0.1903409090909091
1 0.6474480151228733 0.6278409090909091 0.054820415879017016 0.09090909090909091
1 0.8856332703213611 0.5340909090909091 0.08506616257088848 0.11931818181818182
1 0.7967863894139887 0.5696022727272727 0.06994328922495274 0.22443181818181818
1 0.5907372400756143 0.6150568181818182 0.08128544423440454 0.12215909090909091
1 0.44139886578449905 0.6022727272727273 0.062381852551984876 0.09090909090909091
1 0.33553875236294894 0.5241477272727273 0.043478260869565216 0.13352272727272727
1 0.38752362948960306 0.5326704545454546 0.052930056710775046 0.1278409090909091
1 0.44801512287334594 0.5269886363636364 0.06049149338374291 0.14488636363636365
1 0.4886578449905482 0.5326704545454546 0.05103969754253308 0.13920454545454547
1 0.5293005671077505 0.5298295454545454 0.06049149338374291 0.12215909090909091
