1 0.159 0.5621387283236994 0.146 0.5173410404624277
1 0.32 0.6040462427745664 0.17200000000000001 0.6127167630057803
1 0.74 0.5794797687861272 0.14400000000000002 0.5173410404624277
1 0.964 0.5332369942196532 0.07200000000000001 0.49421965317919075
1 0.035 0.5130057803468208 0.07 0.33236994219653176
1 0.846 0.42774566473988435 0.04 0.1445086705202312
1 0.54 0.4436416184971098 0.048 0.17630057803468208
1 0.872 0.47254335260115604 0.024 0.07803468208092486
1 0.896 0.4783236994219653 0.024 0.05491329479768786
1 0.778 0.40173410404624277 0.024 0.08092485549132948
