1 0.4072463768115942 0.6213450292397661 0.1391304347826087 0.6871345029239766
1 0.6855072463768116 0.6257309941520468 0.11884057971014493 0.5847953216374269
1 0.9181159420289855 0.5687134502923976 0.10869565217391304 0.5350877192982456
1 0.7789855072463768 0.5730994152046783 0.08840579710144927 0.43859649122807015
1 0.8210144927536231 0.5307017543859649 0.07101449275362319 0.3538011695906432
1 0.9804347826086957 0.4649122807017544 0.0391304347826087 0.30994152046783624
1 0.8724637681159421 0.4780701754385965 0.05507246376811594 0.27192982456140347
1 0.7369565217391304 0.5321637426900585 0.06811594202898551 0.3333333333333333
1 0.5855072463768116 0.6271929824561403 0.0927536231884058 0.45906432748538006
1 0.4927536231884058 0.5804093567251462 0.08115942028985507 0.4064327485380117
1 0.35144927536231885 0.6169590643274854 0.10869565217391304 0.5321637426900585
1 0.2992753623188406 0.5935672514619883 0.09130434782608696 0.45614035087719296
1 0.25217391304347825 0.5964912280701754 0.08695652173913043 0.4269005847953216
1 0.20724637681159422 0.5614035087719298 0.06376811594202898 0.3216374269005848
1 0.5355072463768116 0.5438596491228069 0.06811594202898551 0.3333333333333333
1 0.23695652173913043 0.5745614035087719 0.015942028985507246 0.3538011695906432
1 0.6007246376811595 0.5482456140350876 0.0391304347826087 0.3830409356725146
