1 0.1295698924731183 0.4443548387096774 0.08064516129032258 0.29838709677419356
1 0.29516129032258065 0.5532258064516129 0.12365591397849462 0.45483870967741935
1 0.40860215053763443 0.49193548387096775 0.07956989247311828 0.29354838709677417
1 0.689247311827957 0.4153225806451613 0.01935483870967742 0.07258064516129033
1 0.639247311827957 0.4096774193548387 0.02903225806451613 0.1064516129032258
1 0.7790322580645161 0.6185483870967742 0.19032258064516128 0.6983870967741935
1 0.0521505376344086 0.38387096774193546 0.02258064516129032 0.08387096774193549
1 0.08279569892473118 0.38064516129032255 0.021505376344086023 0.08064516129032258
1 0.06666666666666667 0.3782258064516129 0.017204301075268817 0.06290322580645161
1 0.00913978494623656 0.38306451612903225 0.01827956989247312 0.08225806451612903
1 0.2521505376344086 0.5209677419354839 0.06129032258064516 0.3225806451612903
1 0.2693548387096774 0.4274193548387097 0.04838709677419355 0.20967741935483872
1 0.34623655913978496 0.4693548387096774 0.03655913978494624 0.27419354838709675
1 0.6725806451612903 0.6290322580645161 0.1774193548387097 0.6774193548387096
