1 0.02416666666666667 0.5889724310776943 0.04833333333333334 0.22055137844611528
1 0.04 0.5776942355889724 0.060000000000000005 0.22807017543859648
1 0.08083333333333334 0.5889724310776943 0.058333333333333334 0.21553884711779447
1 0.10750000000000001 0.5839598997493733 0.05166666666666667 0.19047619047619047
1 0.14583333333333334 0.5914786967418546 0.05166666666666667 0.19548872180451127
1 0.18083333333333335 0.5839598997493733 0.055 0.20050125313283207
1 0.22833333333333336 0.581453634085213 0.05333333333333334 0.19548872180451127
1 0.27666666666666667 0.5827067669172932 0.05 0.19298245614035087
1 0.31833333333333336 0.5764411027568922 0.04666666666666667 0.18045112781954886
1 0.35750000000000004 0.5764411027568922 0.04833333333333334 0.17543859649122806
1 0.3841666666666667 0.5764411027568922 0.045000000000000005 0.16541353383458646
1 0.42083333333333334 0.575187969924812 0.045000000000000005 0.17293233082706766
1 0.4341666666666667 0.5714285714285714 0.04166666666666667 0.15538847117794485
1 0.4525 0.5802005012531328 0.04166666666666667 0.15789473684210525
1 0.4866666666666667 0.575187969924812 0.04 0.15288220551378445
1 0.5033333333333334 0.575187969924812 0.04 0.15288220551378445
1 0.5275000000000001 0.575187969924812 0.04166666666666667 0.15288220551378445
1 0.5466666666666667 0.5714285714285714 0.04 0.15538847117794485
1 0.5691666666666667 0.5714285714285714 0.03833333333333334 0.14536340852130325
1 0.5891666666666667 0.5714285714285714 0.035 0.13533834586466165
1 0.6166666666666667 0.5726817042606516 0.03666666666666667 0.13784461152882205
1 0.6425000000000001 0.5726817042606516 0.03166666666666667 0.11779448621553884
1 0.66 0.5676691729323308 0.03333333333333333 0.12781954887218044
1 0.6775 0.5676691729323308 0.03166666666666667 0.11779448621553884
1 0.7000000000000001 0.5601503759398496 0.03333333333333333 0.12280701754385964
1 0.7458333333333333 0.5927318295739348 0.045000000000000005 0.16791979949874686
1 0.9608333333333334 0.5601503759398496 0.025 0.09774436090225563
1 0.9758333333333334 0.5601503759398496 0.025 0.09774436090225563
1 0.9825 0.5664160401002506 0.018333333333333333 0.07017543859649122
1 0.8858333333333334 0.56265664160401 0.028333333333333335 0.10776942355889724
1 0.9041666666666667 0.556390977443609 0.03166666666666667 0.12030075187969924
1 0.9158333333333334 0.575187969924812 0.035 0.12781954887218044
1 0.9316666666666668 0.5639097744360901 0.02666666666666667 0.10526315789473684
1 0.8608333333333333 0.5639097744360901 0.028333333333333335 0.11027568922305764
1 0.8383333333333334 0.5614035087719298 0.030000000000000002 0.11528822055137844
1 0.8125 0.5639097744360901 0.028333333333333335 0.10526315789473684
1 0.7925000000000001 0.5639097744360901 0.028333333333333335 0.11027568922305764
1 0.29500000000000004 0.5827067669172932 0.023333333333333334 0.18796992481203006
