1 0.386 0.6273458445040214 0.192 0.6273458445040214
1 0.757 0.5509383378016086 0.162 0.5335120643431636
1 0.858 0.5951742627345845 0.232 0.7560321715817695
1 0.2 0.5107238605898123 0.136 0.44235924932975873
1 0.092 0.47319034852546915 0.116 0.38873994638069703
1 0.05 0.4785522788203753 0.1 0.34584450402144773
1 0.317 0.4155495978552279 0.066 0.21447721179624665
1 0.5630000000000001 0.48927613941018766 0.10200000000000001 0.3351206434316354
1 0.667 0.4785522788203753 0.082 0.2761394101876676
1 0.637 0.4611260053619303 0.074 0.24128686327077747
1 0.6980000000000001 0.4571045576407507 0.068 0.22788203753351208
1 0.454 0.5884718498659518 0.156 0.517426273458445
1 0.526 0.45308310991957107 0.06 0.19839142091152814
1 0.9500000000000001 0.6702412868632708 0.1 0.579088471849866
1 0.9500000000000001 0.3766756032171582 0.064 0.10455764075067024
