1 0.7224231464737794 0.5502717391304348 0.17902350813743217 0.6657608695652174
1 0.9104882459312839 0.5380434782608695 0.15009041591320071 0.5597826086956521
1 0.6012658227848101 0.5366847826086957 0.15370705244122965 0.5625
1 0.48010849909584086 0.6141304347826086 0.15370705244122965 0.5652173913043478
1 0.3869801084990958 0.5448369565217391 0.162748643761302 0.6005434782608695
1 0.2965641952983725 0.5502717391304348 0.13743218806509946 0.5135869565217391
1 0.2179023508137432 0.5230978260869565 0.10669077757685352 0.39945652173913043
1 0.13200723327305605 0.6114130434782609 0.1844484629294756 0.6739130434782609
1 0.048824593128390596 0.5570652173913043 0.09764918625678119 0.47282608695652173
1 0.8128390596745027 0.45516304347826086 0.09584086799276673 0.35054347826086957
1 0.23869801084990958 0.3233695652173913 0.0433996383363472 0.07065217391304347
1 0.47739602169981915 0.3872282608695652 0.09764918625678119 0.1983695652173913
1 0.635623869801085 0.31929347826086957 0.048824593128390596 0.07880434782608696
1 0.6808318264014467 0.389945652173913 0.07414104882459313 0.22010869565217392
1 0.9629294755877034 0.32608695652173914 0.034358047016274866 0.16304347826086957
1 0.04972875226039783 0.1793478260869565 0.045207956600361664 0.17391304347826086
