1 0.10144927536231885 0.5841392649903289 0.2028985507246377 0.8123791102514507
1 0.3572463768115942 0.6286266924564797 0.22753623188405797 0.7427466150870407
1 0.6079710144927536 0.655705996131528 0.20724637681159422 0.6808510638297872
1 0.5043478260869565 0.6063829787234043 0.22028985507246376 0.7214700193423598
1 0.8021739130434783 0.6266924564796905 0.22753623188405797 0.7388781431334623
1 0.9420289855072463 0.6441005802707931 0.11594202898550725 0.7040618955512573
1 0.8202898550724638 0.13249516441005804 0.057971014492753624 0.195357833655706
1 0.7934782608695652 0.15473887814313347 0.04782608695652174 0.16247582205029013
1 0.7557971014492754 0.1450676982591876 0.05652173913043478 0.1895551257253385
1 0.6376811594202899 0.16924564796905223 0.06376811594202898 0.21470019342359767
1 0.5666666666666667 0.16150870406189555 0.06376811594202898 0.21083172147001936
1 0.48043478260869565 0.1470019342359768 0.059420289855072465 0.19729206963249515
1 0.44130434782608696 0.13733075435203096 0.0536231884057971 0.18181818181818182
1 0.39565217391304347 0.14410058027079303 0.052173913043478265 0.16827852998065765
1 0.3673913043478261 0.1586073500967118 0.0536231884057971 0.18181818181818182
1 0.24130434782608695 0.6063829787234043 0.1753623188405797 0.7640232108317214
1 0.4173913043478261 0.3771760154738878 0.11304347826086956 0.3404255319148936
1 0.6144927536231884 0.29497098646034814 0.08985507246376812 0.1411992263056093
1 0.7369565217391304 0.4410058027079304 0.09130434782608696 0.3945841392649903
1 0.358695652173913 0.0851063829787234 0.04782608695652174 0.11218568665377177
1 0.46304347826086956 0.13539651837524178 0.01884057971014493 0.16634429400386846
1 0.8884057971014493 0.08123791102514506 0.04927536231884058 0.15473887814313347
