1 0.015833333333333335 0.3525 0.03166666666666667 0.14
1 0.14416666666666667 0.47875 0.07833333333333334 0.28750000000000003
1 0.20833333333333334 0.43125 0.05666666666666667 0.2125
1 0.13083333333333333 0.40750000000000003 0.045000000000000005 0.17
1 0.51 0.39875 0.04 0.1525
1 0.5325000000000001 0.4025 0.03833333333333334 0.145
1 0.5633333333333334 0.4025 0.04 0.145
1 0.6050000000000001 0.40375 0.043333333333333335 0.1575
1 0.5750000000000001 0.40125 0.043333333333333335 0.1575
1 0.4758333333333334 0.395 0.03833333333333334 0.145
1 0.43833333333333335 0.37625000000000003 0.03666666666666667 0.1375
1 0.3566666666666667 0.3625 0.03333333333333333 0.125
1 0.3416666666666667 0.36 0.03333333333333333 0.125
1 0.3275 0.36125 0.03166666666666667 0.11750000000000001
1 0.3125 0.36125 0.03166666666666667 0.1225
1 0.2966666666666667 0.36375 0.03666666666666667 0.1325
1 0.28500000000000003 0.36 0.03333333333333333 0.13
1 0.26666666666666666 0.37375 0.030000000000000002 0.11750000000000001
1 0.24333333333333335 0.37125 0.03333333333333333 0.1225
1 0.1875 0.37125 0.03166666666666667 0.11750000000000001
1 0.1125 0.3775 0.03166666666666667 0.12
1 0.09000000000000001 0.37 0.03333333333333333 0.125
1 0.07500000000000001 0.37 0.030000000000000002 0.115
1 0.060000000000000005 0.36125 0.03666666666666667 0.1325
1 0.04583333333333334 0.37125 0.028333333333333335 0.1125
1 0.03333333333333333 0.36625 0.03333333333333333 0.1275
1 0.6866666666666668 0.40750000000000003 0.03666666666666667 0.14
1 0.7041666666666667 0.38375000000000004 0.03166666666666667 0.1225
1 0.7433333333333334 0.40625 0.04 0.1475
1 0.8158333333333334 0.40875 0.03833333333333334 0.1475
1 0.8600000000000001 0.39875 0.03666666666666667 0.1325
1 0.8966666666666667 0.41625 0.03666666666666667 0.14250000000000002
1 0.9291666666666667 0.40375 0.03166666666666667 0.11750000000000001
1 0.9550000000000001 0.39625 0.03333333333333333 0.1275
1 0.9733333333333334 0.41625 0.03666666666666667 0.1375
1 0.9883333333333334 0.41000000000000003 0.023333333333333334 0.12
1 0.7891666666666667 0.3775 0.035 0.135
1 0.3791666666666667 0.4275 0.11833333333333335 0.215
1 0.09250000000000001 0.30625 0.035 0.0325
1 0.11916666666666667 0.3175 0.018333333333333333 0.05
1 0.16166666666666668 0.32125 0.023333333333333334 0.0475
1 0.38 0.9175 0.13 0.165
1 0.5366666666666667 0.7837500000000001 0.15666666666666668 0.41250000000000003
1 0.7175 0.8025 0.18833333333333335 0.38
1 0.48000000000000004 0.38 0.023333333333333334 0.17500000000000002
1 0.5 0.3325 0.023333333333333334 0.045
1 0.51 0.30875 0.016666666666666666 0.0225
1 0.5291666666666667 0.32875 0.035 0.0525
1 0.5525 0.395 0.025 0.17
1 0.6633333333333333 0.36 0.023333333333333334 0.095
1 0.6391666666666667 0.3375 0.025 0.085
1 0.62 0.34 0.030000000000000002 0.1
