1 0.79296875 0.6364653243847874 0.20468750000000002 0.7136465324384788
1 0.70078125 0.6208053691275167 0.2109375 0.7404921700223713
1 0.53671875 0.5302013422818792 0.1609375 0.5637583892617449
1 0.2390625 0.6297539149888143 0.2 0.7046979865771812
1 0.06875 0.5626398210290827 0.1375 0.668903803131991
1 0.453125 0.5436241610738255 0.153125 0.5369127516778524
1 0.59375 0.48210290827740493 0.1375 0.4809843400447427
1 0.89453125 0.45749440715883666 0.1390625 0.4899328859060403
1 0.44921875 0.2684563758389262 0.08281250000000001 0.2953020134228188
1 0.40468750000000003 0.4854586129753915 0.12187500000000001 0.43400447427293065
1 0.62265625 0.39373601789709173 0.051562500000000004 0.3176733780760626
1 0.6351562500000001 0.1767337807606264 0.0703125 0.15212527964205816
1 0.8031250000000001 0.7449664429530202 0.265625 0.4832214765100671
