1 0.1 0.5183333333333333 0.16 0.5233333333333333
1 0.21 0.49500000000000005 0.225 0.7300000000000001
1 0.34500000000000003 0.5566666666666668 0.245 0.8
1 0.46375 0.42833333333333334 0.1475 0.48333333333333334
1 0.5675 0.48833333333333334 0.17500000000000002 0.5766666666666667
1 0.8200000000000001 0.525 0.195 0.6366666666666667
1 0.6687500000000001 0.44333333333333336 0.1275 0.42000000000000004
1 0.8925000000000001 0.5883333333333334 0.095 0.3166666666666667
1 0.94875 0.51 0.10250000000000001 0.4266666666666667
1 0.7375 0.4566666666666667 0.115 0.37333333333333335
1 0.03125 0.45 0.0575 0.5333333333333333
1 0.15125 0.19833333333333333 0.0675 0.08333333333333334
1 0.38875 0.2816666666666667 0.0625 0.09000000000000001
1 0.64625 0.3216666666666667 0.0375 0.11
