1 0.03875 0.20411985018726592 0.0775 0.3258426966292135
1 0.065 0.6404494382022472 0.125 0.46441947565543074
1 0.1975 0.6161048689138577 0.09 0.3258426966292135
1 0.9550000000000001 0.19662921348314608 0.09 0.3258426966292135
1 0.9225 0.6685393258426966 0.125 0.45318352059925093
1 0.88625 0.6779026217228464 0.0925 0.33707865168539325
1 0.17125 0.7677902621722846 0.0325 0.20973782771535582
1 0.215 0.7546816479400749 0.045 0.18352059925093633
1 0.2475 0.7621722846441947 0.05 0.20599250936329588
1 0.30625 0.7415730337078652 0.0625 0.2247191011235955
1 0.3725 0.7659176029962547 0.09 0.2958801498127341
1 0.40750000000000003 0.5936329588014981 0.05 0.23595505617977527
1 0.50125 0.5561797752808989 0.0825 0.15355805243445694
1 0.46625 0.7378277153558053 0.0725 0.2247191011235955
1 0.5475 0.750936329588015 0.075 0.21348314606741572
1 0.64 0.7565543071161048 0.05 0.20224719101123595
1 0.74 0.7284644194756554 0.07 0.19850187265917604
1 0.79625 0.7602996254681648 0.0925 0.28464419475655434
