1 0.006363636363636364 0.6116504854368932 0.012727272727272728 0.06796116504854369
1 0.04 0.625 0.02909090909090909 0.09951456310679611
1 0.07 0.6152912621359222 0.023636363636363636 0.0849514563106796
1 0.09454545454545454 0.616504854368932 0.01818181818181818 0.06796116504854369
1 0.12545454545454546 0.5958737864077669 0.014545454545454545 0.050970873786407765
1 0.13818181818181818 0.5910194174757281 0.014545454545454545 0.046116504854368925
1 0.14727272727272728 0.5970873786407767 0.014545454545454545 0.04854368932038834
1 0.17363636363636364 0.5946601941747572 0.00909090909090909 0.038834951456310676
1 0.19363636363636363 0.5946601941747572 0.016363636363636365 0.058252427184466014
1 0.2681818181818182 0.5898058252427184 0.016363636363636365 0.05339805825242718
1 0.3018181818181818 0.5995145631067961 0.025454545454545455 0.08252427184466019
1 0.32272727272727275 0.6213592233009708 0.03090909090909091 0.10679611650485436
1 0.37727272727272726 0.6225728155339806 0.034545454545454546 0.11407766990291261
1 0.7981818181818182 0.7281553398058251 0.08363636363636363 0.2766990291262136
1 0.9072727272727272 0.6347087378640777 0.04727272727272727 0.15776699029126212
1 0.95 0.6043689320388349 0.023636363636363636 0.08252427184466019
1 0.9781818181818182 0.6140776699029126 0.03272727272727273 0.1116504854368932
1 0.8718181818181818 0.6031553398058251 0.023636363636363636 0.08009708737864077
1 0.8318181818181818 0.6468446601941747 0.04909090909090909 0.1674757281553398
1 0.7363636363636363 0.5958737864077669 0.014545454545454545 0.0558252427184466
1 0.7509090909090909 0.5922330097087378 0.01818181818181818 0.058252427184466014
1 0.7709090909090909 0.5849514563106796 0.01818181818181818 0.06310679611650485
1 0.7254545454545455 0.5922330097087378 0.01818181818181818 0.058252427184466014
1 0.8554545454545455 0.5800970873786407 0.012727272727272728 0.04854368932038834
1 0.9263636363636364 0.5922330097087378 0.023636363636363636 0.08252427184466019
1 0.7009090909090909 0.5898058252427184 0.016363636363636365 0.05339805825242718
1 0.6854545454545454 0.5825242718446602 0.01818181818181818 0.06310679611650485
1 0.6563636363636364 0.5849514563106796 0.014545454545454545 0.05339805825242718
1 0.6363636363636364 0.578883495145631 0.014545454545454545 0.050970873786407765
1 0.61 0.587378640776699 0.012727272727272728 0.04854368932038834
1 0.4481818181818182 0.587378640776699 0.012727272727272728 0.04368932038834951
1 0.46545454545454545 0.5800970873786407 0.01090909090909091 0.03398058252427184
1 0.4781818181818182 0.5861650485436892 0.01818181818181818 0.06067961165048543
1 0.5472727272727272 0.6116504854368932 0.02181818181818182 0.07766990291262135
1 0.02090909090909091 0.6225728155339806 0.02 0.04126213592233009
1 0.11545454545454545 0.5995145631067961 0.016363636363636365 0.02427184466019417
