1 0.10666666666666667 0.56265664160401 0.030000000000000002 0.11779448621553884
1 0.16666666666666669 0.6027568922305764 0.04666666666666667 0.17794486215538846
1 0.18500000000000003 0.5889724310776943 0.04666666666666667 0.18045112781954886
1 0.2866666666666667 0.5664160401002506 0.04666666666666667 0.17042606516290726
1 0.3491666666666667 0.5651629072681704 0.04166666666666667 0.15789473684210525
1 0.4166666666666667 0.5902255639097744 0.05 0.18295739348370926
1 0.43833333333333335 0.5538847117794485 0.04 0.14536340852130325
1 0.5541666666666667 0.5676691729323308 0.04833333333333334 0.17794486215538846
1 0.6141666666666667 0.5588972431077694 0.045000000000000005 0.16541353383458646
1 0.6725000000000001 0.556390977443609 0.04166666666666667 0.16040100250626566
1 0.4808333333333334 0.5538847117794485 0.035 0.13032581453634084
1 0.050833333333333335 0.5676691729323308 0.025 0.09273182957393483
1 0.0275 0.5664160401002506 0.028333333333333335 0.11027568922305764
1 0.011666666666666667 0.5614035087719298 0.023333333333333334 0.11027568922305764
1 0.065 0.5238095238095237 0.02666666666666667 0.10526315789473684
1 0.10333333333333335 0.48245614035087714 0.02666666666666667 0.09774436090225563
1 0.16 0.39974937343358397 0.02 0.07268170426065163
1 0.17916666666666667 0.47243107769423553 0.018333333333333333 0.06766917293233082
1 0.21083333333333334 0.48621553884711777 0.025 0.10025062656641603
1 0.2225 0.48120300751879697 0.025 0.09523809523809523
1 0.26 0.48621553884711777 0.023333333333333334 0.09022556390977443
1 0.24666666666666667 0.4699248120300752 0.016666666666666666 0.06265664160401002
1 0.5891666666666667 0.5438596491228069 0.03833333333333334 0.14035087719298245
1 0.6425000000000001 0.5476190476190476 0.03833333333333334 0.14285714285714285
1 0.6958333333333334 0.5513784461152882 0.03833333333333334 0.14035087719298245
1 0.7200000000000001 0.5463659147869674 0.03333333333333333 0.13032581453634084
1 0.7408333333333333 0.5401002506265664 0.03166666666666667 0.11779448621553884
1 0.7583333333333334 0.5463659147869674 0.03333333333333333 0.12531328320802004
1 0.7708333333333334 0.5426065162907268 0.03166666666666667 0.12280701754385964
1 0.7891666666666667 0.5413533834586466 0.035 0.13533834586466165
1 0.8216666666666668 0.550125313283208 0.03666666666666667 0.13784461152882205
1 0.8425 0.5413533834586466 0.03166666666666667 0.12531328320802004
1 0.8558333333333333 0.537593984962406 0.03166666666666667 0.11779448621553884
1 0.8875000000000001 0.537593984962406 0.03166666666666667 0.12280701754385964
1 0.9500000000000001 0.5388471177944862 0.03333333333333333 0.12030075187969924
1 0.9758333333333334 0.5363408521303258 0.03166666666666667 0.11528822055137844
1 0.9291666666666667 0.5350877192982456 0.028333333333333335 0.10275689223057644
1 0.9075000000000001 0.5363408521303258 0.025 0.09022556390977443
1 0.037500000000000006 0.46867167919799496 0.018333333333333333 0.03007518796992481
1 0.05 0.49624060150375937 0.013333333333333334 0.03007518796992481
1 0.14583333333333334 0.3283208020050125 0.015000000000000001 0.040100250626566414
1 0.17416666666666666 0.3258145363408521 0.018333333333333333 0.03007518796992481
1 0.17 0.3508771929824561 0.023333333333333334 0.03007518796992481
