1 0.928 0.6512455516014235 0.14400000000000002 0.6548042704626335
1 0.537 0.701067615658363 0.13 0.5622775800711743
1 0.678 0.5836298932384342 0.084 0.37722419928825623
1 0.612 0.5231316725978647 0.06 0.26334519572953735
1 0.838 0.5640569395017794 0.08 0.3594306049822064
1 0.717 0.5480427046263345 0.07 0.3060498220640569
1 0.498 0.5444839857651246 0.068 0.2918149466192171
1 0.47300000000000003 0.5195729537366548 0.042 0.18505338078291814
1 0.392 0.6209964412811387 0.108 0.46619217081850534
1 0.328 0.5302491103202847 0.056 0.24199288256227758
1 0.265 0.6067615658362989 0.082 0.3594306049822064
1 0.23 0.5658362989323843 0.076 0.3416370106761566
1 0.188 0.5676156583629893 0.06 0.27402135231316727
1 0.148 0.5338078291814946 0.048 0.21352313167259784
1 0.07200000000000001 0.36298932384341637 0.008 0.042704626334519574
1 0.108 0.3469750889679715 0.008 0.03914590747330961
1 0.092 0.36298932384341637 0.008 0.03558718861209964
1 0.20700000000000002 0.37722419928825623 0.01 0.042704626334519574
1 0.079 0.50355871886121 0.034 0.15302491103202845
1 0.054 0.49822064056939497 0.032 0.14234875444839856
1 0.122 0.5391459074733096 0.044 0.19572953736654802
1 0.105 0.5320284697508897 0.034 0.16014234875444838
1 0.631 0.49822064056939497 0.046 0.199288256227758
1 0.883 0.42348754448398573 0.058 0.1708185053380783
1 0.799 0.42348754448398573 0.03 0.0498220640569395
1 0.777 0.4128113879003559 0.03 0.05693950177935943
1 0.038 0.5409252669039145 0.032 0.09252669039145907
1 0.012 0.4590747330960854 0.024 0.07117437722419928
