1 0.12875 0.5233333333333333 0.08750000000000001 0.29333333333333333
1 0.28875 0.5133333333333334 0.08750000000000001 0.29333333333333333
1 0.47000000000000003 0.5233333333333333 0.12 0.39333333333333337
1 0.6875 0.5333333333333333 0.13 0.43333333333333335
1 0.76 0.5133333333333334 0.07 0.24000000000000002
1 0.88 0.48833333333333334 0.08 0.27
1 0.0275 0.4466666666666667 0.055 0.29333333333333333
1 0.03375 0.4566666666666667 0.0675 0.24666666666666667
1 0.05 0.455 0.075 0.24333333333333335
1 0.0675 0.4516666666666667 0.07 0.23
1 0.08875 0.44333333333333336 0.0675 0.22666666666666668
1 0.15125 0.43000000000000005 0.0675 0.22
1 0.17125 0.42500000000000004 0.0575 0.19666666666666668
1 0.19125 0.4083333333333334 0.0625 0.20333333333333334
1 0.21125 0.4116666666666667 0.0575 0.19
1 0.97875 0.49333333333333335 0.0425 0.23333333333333334
1 0.9725 0.4916666666666667 0.055 0.21666666666666667
1 0.96 0.48333333333333334 0.065 0.21333333333333335
1 0.9425 0.47000000000000003 0.07 0.22666666666666668
1 0.92875 0.4666666666666667 0.0625 0.2066666666666667
1 0.9175 0.45833333333333337 0.055 0.18333333333333335
1 0.615 0.41500000000000004 0.025 0.09000000000000001
