1 0.04181818181818182 0.45375 0.08 0.2775
1 0.015454545454545455 0.38 0.03090909090909091 0.165
1 0.2081818181818182 0.40125 0.056363636363636366 0.1875
1 0.15454545454545454 0.37375 0.03636363636363636 0.1275
1 0.25181818181818183 0.40875 0.038181818181818185 0.1325
1 0.30454545454545456 0.4 0.04909090909090909 0.17
1 0.3490909090909091 0.41125 0.05454545454545454 0.1825
1 0.3845454545454545 0.41000000000000003 0.056363636363636366 0.195
1 0.40636363636363637 0.40875 0.04909090909090909 0.17250000000000001
1 0.41818181818181815 0.3975 0.04363636363636364 0.145
1 0.5554545454545454 0.45 0.06363636363636363 0.22
1 0.6154545454545455 0.4525 0.056363636363636366 0.19
1 0.6636363636363637 0.44625000000000004 0.06909090909090909 0.23750000000000002
1 0.7081818181818181 0.42875 0.07090909090909091 0.23750000000000002
1 0.7472727272727273 0.43625 0.07272727272727272 0.2525
1 0.9563636363636364 0.49 0.08727272727272728 0.335
1 0.9318181818181818 0.52625 0.06363636363636363 0.2225
1 0.8918181818181818 0.47250000000000003 0.08545454545454545 0.295
1 0.84 0.44375000000000003 0.08 0.2675
1 0.4627272727272727 0.38375000000000004 0.04909090909090909 0.1625
1 0.5236363636363637 0.4475 0.03272727272727273 0.11
1 0.12454545454545454 0.46625 0.10727272727272727 0.3625
1 0.48454545454545456 0.48625 0.09272727272727273 0.3125
1 0.8072727272727273 0.48625 0.09818181818181818 0.3275
1 0.6072727272727273 0.34750000000000003 0.02909090909090909 0.045
1 0.6436363636363637 0.34125 0.02181818181818182 0.0475
1 0.7327272727272727 0.32875 0.025454545454545455 0.0475
1 0.77 0.335 0.016363636363636365 0.035
