1 0.3513888888888889 0.6981481481481482 0.15833333333333333 0.5148148148148148
1 0.10833333333333334 0.7222222222222222 0.16111111111111112 0.5259259259259259
1 0.22361111111111112 0.5333333333333333 0.11388888888888889 0.37777777777777777
1 0.2847222222222222 0.5333333333333333 0.10277777777777779 0.34074074074074073
1 0.4486111111111111 0.4962962962962963 0.08055555555555556 0.2740740740740741
1 0.5375 0.48333333333333334 0.09166666666666667 0.3074074074074074
1 0.6013888888888889 0.5944444444444444 0.13611111111111113 0.4481481481481482
1 0.6569444444444444 0.575925925925926 0.09722222222222222 0.32222222222222224
1 0.7027777777777778 0.5444444444444445 0.08888888888888889 0.2888888888888889
1 0.7513888888888889 0.512962962962963 0.075 0.24074074074074076
1 0.826388888888889 0.4981481481481482 0.058333333333333334 0.1962962962962963
1 0.48888888888888893 0.4740740740740741 0.07222222222222223 0.23703703703703705
1 0.375 0.4759259259259259 0.08333333333333334 0.2777777777777778
1 0.9194444444444445 0.7481481481481482 0.15 0.5037037037037038
