1 0.055 0.43243243243243246 0.094 0.34234234234234234
1 0.03 0.3183183183183183 0.06 0.3363363363363363
1 0.362 0.4069069069069069 0.08 0.3033033033033033
1 0.527 0.8393393393393394 0.082 0.3033033033033033
1 0.8230000000000001 0.7882882882882882 0.098 0.36336336336336333
1 0.849 0.37237237237237236 0.074 0.2822822822822823
1 0.9520000000000001 0.24774774774774774 0.068 0.24924924924924924
1 0.855 0.16666666666666666 0.054 0.2072072072072072
1 0.76 0.1021021021021021 0.052000000000000005 0.1981981981981982
1 0.78 0.26576576576576577 0.08 0.2912912912912913
1 0.678 0.1891891891891892 0.08 0.3003003003003003
1 0.499 0.2087087087087087 0.078 0.2912912912912913
1 0.313 0.3018018018018018 0.082 0.3033033033033033
1 0.26 0.22972972972972971 0.08 0.2912912912912913
1 0.199 0.13063063063063063 0.07 0.2552552552552553
1 0.424 0.12012012012012012 0.068 0.24024024024024024
1 0.355 0.08558558558558559 0.046 0.17117117117117117
1 0.674 0.05555555555555555 0.032 0.1111111111111111
1 0.133 0.09759759759759759 0.054 0.19519519519519518
