1 0.035833333333333335 0.7075 0.021666666666666667 0.085
1 0.006666666666666667 0.69125 0.013333333333333334 0.0575
1 0.037500000000000006 0.7312500000000001 0.018333333333333333 0.0725
1 0.18083333333333335 0.8075 0.028333333333333335 0.11
1 0.19666666666666668 0.75625 0.02666666666666667 0.0975
1 0.22166666666666668 0.8125 0.02666666666666667 0.105
1 0.2366666666666667 0.7625000000000001 0.023333333333333334 0.085
1 0.26333333333333336 0.7887500000000001 0.02 0.0775
1 0.26666666666666666 0.8150000000000001 0.02666666666666667 0.105
1 0.29833333333333334 0.805 0.02 0.075
1 0.29333333333333333 0.75375 0.016666666666666666 0.0675
1 0.3191666666666667 0.82625 0.025 0.0925
1 0.34 0.80125 0.023333333333333334 0.08750000000000001
1 0.3425 0.77125 0.021666666666666667 0.0775
1 0.37833333333333335 0.77 0.023333333333333334 0.09
1 0.4025 0.84375 0.028333333333333335 0.1075
1 0.43833333333333335 0.855 0.030000000000000002 0.115
1 0.48583333333333334 0.8512500000000001 0.028333333333333335 0.1125
1 0.5266666666666667 0.85875 0.030000000000000002 0.1075
1 0.56 0.87375 0.030000000000000002 0.1125
1 0.5983333333333334 0.86875 0.03333333333333333 0.1275
1 0.6133333333333334 0.83625 0.016666666666666666 0.0675
1 0.6375000000000001 0.88375 0.035 0.1275
1 0.6758333333333334 0.89625 0.035 0.1275
1 0.7125 0.89625 0.035 0.1375
1 0.7583333333333334 0.9087500000000001 0.03333333333333333 0.1225
1 0.8058333333333334 0.91625 0.03166666666666667 0.11750000000000001
1 0.8508333333333334 0.9237500000000001 0.035 0.1275
1 0.8983333333333334 0.92125 0.03333333333333333 0.1275
1 0.9533333333333334 0.93125 0.03666666666666667 0.1325
1 0.775 0.8825000000000001 0.02666666666666667 0.105
1 0.7408333333333333 0.86 0.028333333333333335 0.11
1 0.665 0.84875 0.02666666666666667 0.0975
1 0.5 0.82875 0.02666666666666667 0.0975
1 0.4758333333333334 0.7925 0.021666666666666667 0.08
1 0.46 0.7837500000000001 0.016666666666666666 0.0675
1 0.43500000000000005 0.78125 0.016666666666666666 0.0675
1 0.4216666666666667 0.81 0.023333333333333334 0.085
1 0.4058333333333334 0.77 0.015000000000000001 0.055
1 0.8483333333333334 0.6587500000000001 0.023333333333333334 0.08750000000000001
1 0.8216666666666668 0.65125 0.02 0.0775
1 0.785 0.6475 0.023333333333333334 0.095
1 0.7541666666666668 0.64625 0.025 0.0975
1 0.7200000000000001 0.6425 0.02666666666666667 0.1
1 0.6816666666666668 0.64625 0.02 0.0825
1 0.65 0.635 0.023333333333333334 0.09
1 0.6225 0.64 0.021666666666666667 0.08
1 0.5916666666666667 0.6375000000000001 0.023333333333333334 0.085
1 0.5575 0.63375 0.021666666666666667 0.0825
1 0.5275000000000001 0.635 0.021666666666666667 0.085
1 0.49833333333333335 0.625 0.02 0.08
1 0.4766666666666667 0.62875 0.023333333333333334 0.0925
1 0.45083333333333336 0.62125 0.021666666666666667 0.08750000000000001
1 0.42083333333333334 0.61375 0.021666666666666667 0.0775
1 0.3891666666666667 0.615 0.021666666666666667 0.08
1 0.3741666666666667 0.6175 0.018333333333333333 0.075
1 0.3433333333333334 0.61375 0.02 0.0825
1 0.3175 0.61125 0.021666666666666667 0.0775
1 0.29000000000000004 0.60875 0.02 0.0775
1 0.27166666666666667 0.61 0.02 0.08
1 0.2391666666666667 0.61 0.018333333333333333 0.065
1 0.22166666666666668 0.6025 0.016666666666666666 0.065
1 0.1875 0.60375 0.018333333333333333 0.0675
1 0.16583333333333333 0.59875 0.018333333333333333 0.0675
1 0.14083333333333334 0.6 0.018333333333333333 0.07
1 0.11750000000000001 0.605 0.021666666666666667 0.085
1 0.0975 0.595 0.018333333333333333 0.07
1 0.07166666666666667 0.59 0.02 0.075
1 0.052500000000000005 0.59125 0.018333333333333333 0.0725
1 0.015833333333333335 0.585 0.015000000000000001 0.06
1 0.9125000000000001 0.62125 0.021666666666666667 0.08750000000000001
1 0.8758333333333334 0.6125 0.018333333333333333 0.07
1 0.8366666666666667 0.6075 0.016666666666666666 0.065
1 0.805 0.60875 0.016666666666666666 0.0625
1 0.7733333333333334 0.60375 0.02 0.0725
1 0.7333333333333334 0.605 0.02 0.075
1 0.7075 0.59375 0.018333333333333333 0.0675
1 0.68 0.595 0.016666666666666666 0.065
1 0.6541666666666667 0.5962500000000001 0.015000000000000001 0.0625
1 0.6275000000000001 0.585 0.015000000000000001 0.055
1 0.6066666666666667 0.58125 0.013333333333333334 0.0475
1 0.5700000000000001 0.58375 0.02 0.0725
1 0.5441666666666667 0.57625 0.015000000000000001 0.0575
1 0.5216666666666667 0.58 0.016666666666666666 0.065
1 0.49083333333333334 0.57875 0.015000000000000001 0.0575
1 0.4675 0.57375 0.015000000000000001 0.0525
1 0.44 0.5775 0.016666666666666666 0.06
1 0.4133333333333334 0.56625 0.013333333333333334 0.0475
1 0.39 0.5700000000000001 0.013333333333333334 0.05
1 0.36500000000000005 0.56125 0.01 0.0425
1 0.3425 0.55875 0.011666666666666667 0.0425
1 0.31833333333333336 0.55625 0.013333333333333334 0.0475
1 0.28833333333333333 0.55625 0.01 0.0425
1 0.26583333333333337 0.54875 0.008333333333333333 0.0325
1 0.24083333333333334 0.5575 0.015000000000000001 0.055
1 0.21916666666666668 0.55 0.015000000000000001 0.06
1 0.9575 0.5750000000000001 0.021666666666666667 0.085
1 0.9208333333333334 0.57125 0.018333333333333333 0.0675
1 0.9683333333333334 0.53625 0.016666666666666666 0.0625
1 0.8608333333333333 0.56375 0.018333333333333333 0.0725
1 0.8916666666666667 0.57625 0.02 0.0825
