1 0.045 0.6190476190476191 0.074 0.2738095238095238
1 0.02 0.6220238095238095 0.04 0.26190476190476186
1 0.088 0.6056547619047619 0.088 0.31845238095238093
1 0.137 0.6160714285714285 0.078 0.2857142857142857
1 0.18 0.6517857142857143 0.12 0.4464285714285714
1 0.23600000000000002 0.6086309523809523 0.07200000000000001 0.2708333333333333
1 0.28200000000000003 0.6726190476190476 0.124 0.45238095238095233
1 0.379 0.6785714285714285 0.13 0.4821428571428571
1 0.406 0.6488095238095237 0.112 0.41666666666666663
1 0.488 0.65625 0.12 0.4375
1 0.518 0.7053571428571428 0.148 0.5416666666666666
1 0.597 0.6398809523809523 0.098 0.3571428571428571
1 0.5680000000000001 0.5833333333333333 0.084 0.30357142857142855
1 0.675 0.6547619047619048 0.13 0.47023809523809523
1 0.753 0.6339285714285714 0.11 0.3988095238095238
1 0.794 0.6264880952380952 0.088 0.32440476190476186
1 0.855 0.6339285714285714 0.11800000000000001 0.42857142857142855
1 0.9530000000000001 0.6473214285714285 0.09 0.3363095238095238
1 0.918 0.6264880952380952 0.08 0.28869047619047616
1 0.973 0.6205357142857143 0.054 0.32440476190476186
1 0.45 0.5654761904761905 0.052000000000000005 0.19642857142857142
1 0.352 0.5639880952380952 0.044 0.1636904761904762
1 0.114 0.49553571428571425 0.02 0.03869047619047619
1 0.157 0.4970238095238095 0.026000000000000002 0.041666666666666664
1 0.653 0.47023809523809523 0.03 0.041666666666666664
1 0.7020000000000001 0.47470238095238093 0.028 0.050595238095238096
1 0.77 0.4776785714285714 0.028 0.0744047619047619
1 0.8210000000000001 0.47916666666666663 0.046 0.08928571428571427
