1 0.084375 0.8358333333333334 0.051250000000000004 0.16833333333333333
1 0.139375 0.8241666666666667 0.05375 0.17833333333333334
1 0.925 0.89 0.065 0.21000000000000002
1 0.954375 0.7166666666666667 0.02875 0.09666666666666668
1 0.89875 0.7250000000000001 0.03 0.1
1 0.855 0.7333333333333334 0.03 0.09666666666666668
1 0.80625 0.7083333333333334 0.03 0.09666666666666668
1 0.888125 0.6933333333333334 0.02375 0.08333333333333334
1 0.965 0.7025 0.0275 0.09166666666666667
1 0.84125 0.7008333333333334 0.0275 0.08833333333333333
1 0.76375 0.7133333333333334 0.0325 0.10666666666666667
1 0.7837500000000001 0.7491666666666668 0.0325 0.10500000000000001
1 0.740625 0.76 0.03625 0.11666666666666667
1 0.723125 0.7216666666666667 0.03375 0.11
1 0.6975 0.7000000000000001 0.03 0.1
1 0.6725 0.775 0.0375 0.12666666666666668
1 0.645 0.7016666666666667 0.03 0.10333333333333335
1 0.6218750000000001 0.745 0.03375 0.11333333333333334
1 0.603125 0.7891666666666667 0.043750000000000004 0.14833333333333334
1 0.56625 0.755 0.0375 0.12333333333333334
1 0.51875 0.8158333333333334 0.05 0.16833333333333333
1 0.484375 0.7725000000000001 0.04125 0.135
1 0.535 0.7250000000000001 0.03 0.1
1 0.55 0.6833333333333333 0.025 0.08
1 0.599375 0.7066666666666667 0.02375 0.08333333333333334
1 0.59 0.6941666666666667 0.025 0.085
1 0.44625000000000004 0.7091666666666667 0.0275 0.09166666666666667
1 0.49125 0.7050000000000001 0.0225 0.07333333333333333
1 0.42375 0.8316666666666667 0.05 0.16666666666666669
1 0.435 0.915 0.0475 0.16
1 0.390625 0.7766666666666667 0.04125 0.1366666666666667
1 0.346875 0.8175 0.04625 0.15166666666666667
1 0.31375000000000003 0.8025000000000001 0.045 0.14500000000000002
1 0.40875 0.7216666666666667 0.03 0.09666666666666668
1 0.256875 0.7783333333333334 0.04125 0.13333333333333333
1 0.284375 0.7316666666666667 0.02875 0.09666666666666668
1 0.23500000000000001 0.7041666666666667 0.025 0.085
1 0.213125 0.6991666666666667 0.02125 0.07500000000000001
1 0.15875 0.6733333333333333 0.0175 0.06333333333333334
1 0.17375000000000002 0.7325 0.035 0.115
1 0.198125 0.7458333333333333 0.03375 0.115
1 0.12625 0.7100000000000001 0.03 0.1
1 0.099375 0.6966666666666667 0.02375 0.08333333333333334
1 0.088125 0.6883333333333334 0.02125 0.07333333333333333
1 0.076875 0.6816666666666668 0.01875 0.06666666666666667
1 0.06375 0.6766666666666667 0.0225 0.07333333333333333
1 0.035 0.66 0.02 0.06666666666666667
1 0.34375 0.7258333333333333 0.0375 0.05166666666666667
1 0.315 0.7033333333333334 0.0375 0.04
1 0.26375 0.6858333333333334 0.035 0.035
1 0.731875 0.6675000000000001 0.02375 0.035
1 0.6725 0.7016666666666667 0.0325 0.04666666666666667
1 0.379375 0.6966666666666667 0.03125 0.06666666666666667
1 0.35000000000000003 0.6783333333333333 0.0325 0.04
