1 0.9578125000000001 0.676056338028169 0.084375 0.4366197183098592
1 0.8578125000000001 0.6889671361502347 0.109375 0.4014084507042254
1 0.8132812500000001 0.6185446009389671 0.08281250000000001 0.3028169014084507
1 0.74921875 0.636150234741784 0.09531250000000001 0.3568075117370892
1 0.70078125 0.6654929577464789 0.1046875 0.3826291079812207
1 0.6648437500000001 0.6443661971830986 0.1015625 0.3779342723004695
1 0.56640625 0.5715962441314554 0.0578125 0.2136150234741784
1 0.49765625 0.545774647887324 0.0546875 0.20892018779342725
1 0.43671875000000004 0.5575117370892019 0.0421875 0.15258215962441316
1 0.30546875 0.5985915492957746 0.0859375 0.3145539906103286
1 0.38671875 0.5316901408450704 0.026562500000000003 0.1056338028169014
1 0.35078125000000004 0.5187793427230047 0.035937500000000004 0.13145539906103287
1 0.3296875 0.5375586854460094 0.028125 0.10328638497652583
1 0.19843750000000002 0.5164319248826291 0.028125 0.107981220657277
1 0.21796875000000002 0.5105633802816901 0.0234375 0.08685446009389672
1 0.23359375000000002 0.5093896713615024 0.0234375 0.0892018779342723
1 0.24921875000000002 0.5046948356807511 0.0234375 0.08450704225352113
1 0.2609375 0.5070422535211268 0.021875000000000002 0.07981220657276995
1 0.28203125 0.505868544600939 0.026562500000000003 0.09624413145539906
1 0.53046875 0.5082159624413146 0.0234375 0.08685446009389672
1 0.5921875 0.505868544600939 0.025 0.09624413145539906
1 0.6273437500000001 0.505868544600939 0.0234375 0.09154929577464789
1 0.48281250000000003 0.4765258215962441 0.018750000000000003 0.03755868544600939
1 0.77265625 0.4964788732394366 0.035937500000000004 0.07276995305164319
1 0.721875 0.4859154929577465 0.037500000000000006 0.06572769953051644
1 0.94140625 0.36502347417840375 0.026562500000000003 0.04460093896713615
1 0.91015625 0.3732394366197183 0.0234375 0.03286384976525822
1 0.89453125 0.3685446009389671 0.0203125 0.03755868544600939
1 0.9187500000000001 0.363849765258216 0.015625 0.04225352112676056
1 0.9890625000000001 0.3884976525821596 0.018750000000000003 0.0539906103286385
