1 0.10291666666666667 0.593125 0.022500000000000003 0.08625000000000001
1 0.11375 0.595 0.02416666666666667 0.09
1 0.21291666666666667 0.5825 0.009166666666666667 0.0325
1 0.24416666666666667 0.594375 0.02 0.07375
1 0.26083333333333336 0.596875 0.018333333333333333 0.06625
1 0.27125 0.595625 0.015833333333333335 0.06125
1 0.3541666666666667 0.6575 0.03833333333333334 0.14250000000000002
1 0.42333333333333334 0.660625 0.03666666666666667 0.13625
1 0.6408333333333334 0.624375 0.015000000000000001 0.05375
1 0.66625 0.62 0.015833333333333335 0.0575
1 0.7079166666666667 0.61625 0.010833333333333334 0.0425
1 0.6925 0.598125 0.006666666666666667 0.02625
1 0.061250000000000006 0.576875 0.010833333333333334 0.03875
1 0.08541666666666667 0.5775 0.010833333333333334 0.04
1 0.3795833333333334 0.591875 0.0125 0.04625
1 0.3925 0.59375 0.011666666666666667 0.045
1 0.41000000000000003 0.5906250000000001 0.008333333333333333 0.03125
1 0.42333333333333334 0.59 0.008333333333333333 0.035
1 0.43875000000000003 0.58875 0.009166666666666667 0.0325
1 0.46708333333333335 0.591875 0.009166666666666667 0.03375
1 0.4779166666666667 0.591875 0.007500000000000001 0.03125
1 0.73375 0.6175 0.009166666666666667 0.0375
1 0.7379166666666667 0.6125 0.010833333333333334 0.04
1 0.7591666666666668 0.6225 0.011666666666666667 0.045
1 0.7741666666666667 0.603125 0.005 0.01875
1 0.8020833333333334 0.626875 0.0175 0.06375
1 0.8083333333333333 0.628125 0.02 0.07375
1 0.8233333333333334 0.6025 0.006666666666666667 0.025
1 0.13166666666666668 0.58625 0.01 0.0225
1 0.9358333333333334 0.7175 0.08666666666666667 0.1275
1 0.8300000000000001 0.6637500000000001 0.043333333333333335 0.10250000000000001
1 0.88875 0.6687500000000001 0.03916666666666667 0.0975
1 0.8708333333333333 0.630625 0.021666666666666667 0.03375
1 0.94625 0.615 0.01916666666666667 0.0275
1 0.9654166666666667 0.62 0.022500000000000003 0.03
1 0.8766666666666667 0.605 0.01 0.03
