1 0.47444444444444445 0.7640949554896143 0.07333333333333333 0.2403560830860534
1 0.5077777777777778 0.7344213649851632 0.07333333333333333 0.24629080118694363
1 0.5522222222222222 0.7136498516320475 0.06888888888888889 0.228486646884273
1 0.5844444444444444 0.6884272997032641 0.06666666666666667 0.2195845697329377
1 0.6122222222222222 0.6721068249258161 0.06888888888888889 0.22255192878338279
1 0.6422222222222222 0.6543026706231454 0.06666666666666667 0.2166172106824926
1 0.6633333333333333 0.6335311572700297 0.06444444444444444 0.21068249258160238
1 0.023333333333333334 0.6305637982195846 0.04666666666666667 0.20474777448071219
1 0.05333333333333333 0.6068249258160238 0.05333333333333333 0.18100890207715134
1 0.10555555555555556 0.5919881305637983 0.05555555555555555 0.18694362017804156
1 0.14444444444444443 0.5637982195845698 0.044444444444444446 0.1543026706231454
1 0.08666666666666667 0.5623145400593472 0.04888888888888889 0.15727002967359052
1 0.49666666666666665 0.4599406528189911 0.05555555555555555 0.17804154302670624
1 0.44222222222222224 0.47774480712166173 0.05333333333333333 0.17804154302670624
1 0.38666666666666666 0.5074183976261127 0.05333333333333333 0.17210682492581603
1 0.7477777777777778 0.7774480712166172 0.08222222222222222 0.2789317507418398
1 0.6888888888888889 0.6172106824925816 0.06222222222222222 0.20178041543026706
1 0.7122222222222222 0.6943620178041543 0.07333333333333333 0.24332344213649854
1 0.77 0.6958456973293768 0.07333333333333333 0.2403560830860534
1 0.82 0.7210682492581603 0.07555555555555556 0.2551928783382789
1 0.8722222222222222 0.6928783382789317 0.07777777777777778 0.26409495548961426
1 0.9311111111111111 0.6973293768545994 0.08 0.26112759643916916
1 0.9733333333333334 0.7002967359050445 0.05333333333333333 0.26706231454005935
1 0.8744444444444445 0.2507418397626113 0.02 0.0741839762611276
1 0.6533333333333333 0.26409495548961426 0.017777777777777778 0.06528189910979229
1 0.6155555555555555 0.39465875370919884 0.03111111111111111 0.11275964391691395
1 0.6933333333333334 0.3738872403560831 0.035555555555555556 0.11869436201780416
1 0.7177777777777777 0.4035608308605341 0.035555555555555556 0.11869436201780416
1 0.12333333333333334 0.3249258160237389 0.028888888888888888 0.09198813056379822
1 0.5711111111111111 0.41543026706231456 0.04 0.13056379821958458
1 0.5533333333333333 0.41839762611275966 0.04 0.13056379821958458
1 0.5588888888888889 0.5474777448071216 0.06888888888888889 0.10979228486646884
1 0.3477777777777778 0.5281899109792285 0.04666666666666667 0.05934718100890208
1 0.23777777777777778 0.7166172106824926 0.08 0.15727002967359052
1 0.06222222222222222 0.6943620178041543 0.07555555555555556 0.1483679525222552
1 0.7222222222222222 0.3249258160237389 0.03111111111111111 0.04451038575667656
1 0.8622222222222222 0.35163204747774485 0.022222222222222223 0.0741839762611276
1 0.8788888888888889 0.3531157270029674 0.015555555555555555 0.06528189910979229
1 0.7311111111111112 0.5845697329376854 0.026666666666666665 0.05934718100890208
1 0.84 0.5905044510385757 0.03111111111111111 0.05934718100890208
1 0.8111111111111111 0.6023738872403561 0.03111111111111111 0.08308605341246292
1 0.9077777777777778 0.5816023738872403 0.03333333333333333 0.05934718100890208
1 0.7177777777777777 0.5296735905044511 0.035555555555555556 0.05637982195845698
1 0.7444444444444445 0.5148367952522256 0.035555555555555556 0.0741839762611276
1 0.12444444444444444 0.48961424332344217 0.026666666666666665 0.05934718100890208
1 0.1622222222222222 0.4629080118694362 0.03111111111111111 0.05341246290801187
1 0.1811111111111111 0.456973293768546 0.024444444444444446 0.05341246290801187
1 0.20555555555555555 0.4465875370919882 0.03777777777777778 0.05637982195845698
1 0.20222222222222222 0.5044510385756676 0.035555555555555556 0.08308605341246292
1 0.17 0.5207715133531158 0.04666666666666667 0.08011869436201781
1 0.22333333333333333 0.5044510385756676 0.03333333333333333 0.08902077151335312
1 0.24555555555555555 0.5014836795252225 0.03777777777777778 0.08902077151335312
1 0.024444444444444446 0.5192878338278932 0.04888888888888889 0.05934718100890208
1 0.02 0.4391691394658754 0.035555555555555556 0.05934718100890208
1 0.044444444444444446 0.4391691394658754 0.026666666666666665 0.04747774480712166
1 0.06666666666666667 0.4732937685459941 0.03111111111111111 0.050445103857566766
1 0.06888888888888889 0.4332344213649852 0.022222222222222223 0.03560830860534125
1 0.08888888888888889 0.4510385756676558 0.03111111111111111 0.04747774480712166
1 0.11444444444444445 0.43768545994065283 0.03333333333333333 0.05637982195845698
1 0.1411111111111111 0.44510385756676557 0.024444444444444446 0.05934718100890208
