1 0.08125 0.6361111111111112 0.12916666666666665 0.4388888888888889
1 0.12916666666666665 0.6111111111111112 0.13333333333333333 0.4444444444444445
1 0.2125 0.6333333333333333 0.15 0.48888888888888893
1 0.30833333333333335 0.6027777777777777 0.125 0.40555555555555556
1 0.25625 0.6 0.12083333333333333 0.4
1 0.35625 0.6027777777777777 0.12083333333333333 0.40555555555555556
1 0.4083333333333333 0.6194444444444445 0.14166666666666666 0.46111111111111114
1 0.48333333333333334 0.6138888888888889 0.13333333333333333 0.45
1 0.5416666666666666 0.6027777777777777 0.10833333333333334 0.37222222222222223
1 0.6083333333333333 0.6305555555555555 0.125 0.4277777777777778
1 0.7020833333333333 0.6277777777777778 0.1375 0.45555555555555555
1 0.8083333333333333 0.6277777777777778 0.15 0.5
1 0.9604166666666667 0.5611111111111111 0.07916666666666666 0.43333333333333335
1 0.13125 0.40555555555555556 0.0625 0.12222222222222223
1 0.225 0.4027777777777778 0.05 0.10555555555555556
1 0.2875 0.4027777777777778 0.03333333333333333 0.07222222222222223
1 0.37083333333333335 0.3861111111111111 0.03333333333333333 0.061111111111111116
1 0.5083333333333333 0.44722222222222224 0.05 0.09444444444444444
1 0.6020833333333333 0.39166666666666666 0.07916666666666666 0.1388888888888889
