1 0.057999999999999996 0.48396793587174347 0.06799999999999999 0.2545090180360721
1 0.08266666666666667 0.4719438877755511 0.06933333333333333 0.25851703406813625
1 0.28733333333333333 0.44989979959919835 0.06533333333333333 0.24649298597194386
1 0.316 0.4749498997995992 0.08533333333333333 0.3166332665330661
1 0.3466666666666667 0.4669338677354709 0.096 0.35270541082164325
1 0.42066666666666663 0.6192384769539078 0.20666666666666667 0.7575150300601202
1 0.5306666666666666 0.6362725450901803 0.19466666666666665 0.719438877755511
1 0.4686666666666667 0.407815631262525 0.04133333333333333 0.1503006012024048
1 0.6393333333333333 0.503006012024048 0.11599999999999999 0.4248496993987976
1 0.6973333333333334 0.49999999999999994 0.12533333333333332 0.45891783567134264
1 0.7333333333333333 0.3887775551102204 0.05333333333333333 0.2004008016032064
1 0.7879999999999999 0.41783567134268534 0.058666666666666666 0.21843687374749496
1 0.8386666666666667 0.4318637274549098 0.06933333333333333 0.25851703406813625
1 0.9 0.4228456913827655 0.072 0.26452905811623245
1 0.9373333333333334 0.3927855711422845 0.04533333333333333 0.1723446893787575
1 0.96 0.39979959919839675 0.058666666666666666 0.21442885771543085
1 0.18866666666666665 0.5140280561122244 0.04666666666666666 0.12625250501002003
1 0.15866666666666665 0.4789579158316633 0.026666666666666665 0.1002004008016032
1 0.11933333333333333 0.48096192384769537 0.05733333333333333 0.13627254509018036
