1 0.060909090909090906 0.385558583106267 0.06727272727272728 0.24795640326975477
1 0.19090909090909092 0.4019073569482289 0.06181818181818182 0.2316076294277929
1 0.31363636363636366 0.38828337874659397 0.06 0.22615803814713895
1 0.41454545454545455 0.39237057220708443 0.05454545454545454 0.20163487738419617
1 0.57 0.5653950953678474 0.06363636363636363 0.2316076294277929
1 0.759090909090909 0.4877384196185286 0.08181818181818182 0.2997275204359673
1 0.9154545454545454 0.5762942779291553 0.08181818181818182 0.3079019073569482
1 0.83 0.3119891008174387 0.06727272727272728 0.2534059945504087
1 0.7090909090909091 0.38283378746594005 0.04727272727272727 0.17166212534059944
1 0.4163636363636364 0.18528610354223432 0.03636363636363636 0.1416893732970027
1 0.37363636363636366 0.1771117166212534 0.03090909090909091 0.11444141689373297
1 0.35363636363636364 0.1866485013623978 0.03090909090909091 0.11716621253405994
1 0.4590909090909091 0.1662125340599455 0.02 0.08174386920980926
1 0.44181818181818183 0.1662125340599455 0.02181818181818182 0.08174386920980926
1 0.5472727272727272 0.20027247956403268 0.04 0.1444141689373297
1 0.5745454545454546 0.20163487738419617 0.03636363636363636 0.13623978201634876
1 0.62 0.1989100817438692 0.04363636363636364 0.16348773841961853
1 0.6572727272727272 0.19618528610354222 0.034545454545454546 0.13623978201634876
1 0.6909090909090909 0.1989100817438692 0.04 0.15258855585831063
1 0.7072727272727273 0.19754768392370572 0.03636363636363636 0.13896457765667575
1 0.7372727272727273 0.19618528610354222 0.038181818181818185 0.1416893732970027
1 0.8436363636363636 0.17983651226158037 0.03636363636363636 0.13623978201634876
1 0.8927272727272727 0.17166212534059944 0.02181818181818182 0.08719346049046321
1 0.94 0.18119891008174385 0.02909090909090909 0.10626702997275204
1 0.5854545454545454 0.41689373297002724 0.09454545454545454 0.11989100817438691
1 0.4018181818181818 0.09536784741144413 0.01818181818181818 0.03814713896457766
1 0.46636363636363637 0.07493188010899182 0.016363636363636365 0.04087193460490463
1 0.4818181818181818 0.09264305177111716 0.01818181818181818 0.049046321525885554
1 0.54 0.09809264305177111 0.014545454545454545 0.0326975476839237
1 0.5818181818181818 0.10626702997275204 0.01090909090909091 0.0326975476839237
