1 0.1809090909090909 0.8879781420765027 0.06 0.2185792349726776
1 0.48727272727272725 0.8210382513661202 0.06181818181818182 0.226775956284153
1 0.5527272727272727 0.7718579234972678 0.05818181818181818 0.21584699453551912
1 0.5863636363636363 0.7909836065573771 0.056363636363636366 0.20491803278688525
1 0.6572727272727272 0.8060109289617486 0.06 0.22950819672131148
1 0.7145454545454546 0.7991803278688525 0.05818181818181818 0.22131147540983606
1 0.8472727272727273 0.8770491803278688 0.06181818181818182 0.23497267759562843
1 0.92 0.8866120218579235 0.05818181818181818 0.21584699453551912
1 0.9454545454545454 0.837431693989071 0.07636363636363637 0.2814207650273224
1 0.9754545454545455 0.7827868852459017 0.04909090909090909 0.226775956284153
1 0.8654545454545455 0.7909836065573771 0.06181818181818182 0.23224043715846995
1 0.7490909090909091 0.7909836065573771 0.05454545454545454 0.1994535519125683
1 0.7954545454545454 0.9030054644808743 0.04909090909090909 0.17759562841530055
1 0.034545454545454546 0.7568306010928961 0.04727272727272727 0.17486338797814208
1 0.38545454545454544 0.8237704918032787 0.06545454545454546 0.24316939890710382
1 0.5272727272727272 0.7377049180327869 0.04363636363636364 0.16939890710382513
1 0.6281818181818182 0.7363387978142076 0.04909090909090909 0.17759562841530055
1 0.6081818181818182 0.7103825136612022 0.045454545454545456 0.16939890710382513
1 0.11545454545454545 0.7745901639344263 0.06 0.22131147540983606
1 0.1509090909090909 0.8114754098360656 0.05818181818181818 0.2185792349726776
1 0.5790909090909091 0.6243169398907104 0.03090909090909091 0.11202185792349727
1 0.05454545454545454 0.9398907103825137 0.07272727272727272 0.11475409836065574
1 0.25363636363636366 0.9316939890710383 0.1 0.12568306010928962
1 0.3090909090909091 0.9289617486338798 0.03636363636363636 0.13114754098360656
1 0.3472727272727273 0.9549180327868853 0.04 0.07923497267759563
1 0.37 0.9726775956284153 0.06 0.04918032786885246
1 0.4318181818181818 0.894808743169399 0.10363636363636364 0.1994535519125683
1 0.4618181818181818 0.9672131147540983 0.04363636363636364 0.0546448087431694
1 0.5345454545454545 0.9521857923497268 0.09818181818181818 0.08469945355191257
1 0.4490909090909091 0.8661202185792349 0.03636363636363636 0.0546448087431694
1 0.06454545454545454 0.8319672131147541 0.06 0.13387978142076504
1 0.16727272727272727 0.7609289617486339 0.03636363636363636 0.13934426229508196
1 0.2409090909090909 0.8510928961748634 0.05272727272727273 0.1994535519125683
1 0.2081818181818182 0.8510928961748634 0.02727272727272727 0.1885245901639344
1 0.2872727272727273 0.8456284153005464 0.04363636363636364 0.10109289617486339
1 0.3181818181818182 0.8169398907103825 0.04727272727272727 0.1366120218579235
1 0.33 0.8674863387978142 0.06727272727272728 0.11202185792349727
1 0.3418181818181818 0.7773224043715847 0.04363636363636364 0.13387978142076504
1 0.4263636363636364 0.7855191256830601 0.04181818181818182 0.12295081967213115
1 0.43 0.7868852459016393 0.03090909090909091 0.0546448087431694
1 0.9 0.8524590163934426 0.03636363636363636 0.20218579234972678
1 0.87 0.6653005464480874 0.04909090909090909 0.12295081967213115
1 0.7136363636363636 0.6871584699453552 0.05272727272727273 0.08469945355191257
1 0.7581818181818182 0.6612021857923497 0.03272727272727273 0.07103825136612021
1 0.5881818181818181 0.6857923497267759 0.034545454545454546 0.08743169398907104
