1 0.6880000000000001 0.8055555555555556 0.112 0.37777777777777777
1 0.578 0.8083333333333333 0.108 0.37222222222222223
1 0.49 0.75 0.1 0.33333333333333337
1 0.748 0.763888888888889 0.088 0.3055555555555556
1 0.8220000000000001 0.8111111111111111 0.1 0.35555555555555557
1 0.872 0.7833333333333333 0.10400000000000001 0.3666666666666667
1 0.962 0.725 0.076 0.2833333333333333
1 0.402 0.8083333333333333 0.108 0.37222222222222223
1 0.314 0.8194444444444445 0.1 0.35000000000000003
1 0.132 0.8166666666666667 0.096 0.34444444444444444
1 0.036000000000000004 0.7555555555555555 0.07200000000000001 0.2888888888888889
1 0.534 0.7527777777777778 0.076 0.27222222222222225
1 0.63 0.763888888888889 0.116 0.40555555555555556
1 0.1 0.6972222222222223 0.064 0.19444444444444445
1 0.202 0.8638888888888889 0.228 0.2611111111111111
1 0.28400000000000003 0.8166666666666667 0.136 0.35555555555555557
1 0.84 0.65 0.048 0.13333333333333333
1 0.432 0.6972222222222223 0.056 0.18333333333333335
