1 0.0989399293286219 0.46875 0.05653710247349823 0.1875
1 0.16696113074204946 0.4326923076923077 0.037102473498233215 0.125
1 0.2252650176678445 0.43870192307692313 0.037102473498233215 0.12259615384615385
1 0.4416961130742049 0.36899038461538464 0.021201413427561835 0.07932692307692309
1 0.931095406360424 0.4362980769230769 0.028268551236749116 0.09375
1 0.9858657243816255 0.4290865384615385 0.028268551236749116 0.09375
1 0.09187279151943463 0.7475961538461539 0.16961130742049468 0.20192307692307693
1 0.26855123674911663 0.6346153846153847 0.0812720848056537 0.13461538461538464
1 0.36042402826855124 0.5853365384615385 0.08833922261484099 0.11298076923076923
1 0.40636042402826855 0.7007211538461539 0.127208480565371 0.18509615384615385
1 0.49469964664310956 0.671875 0.08833922261484099 0.10817307692307693
1 0.4372791519434629 0.5745192307692308 0.07597173144876325 0.08173076923076923
1 0.47614840989399293 0.5480769230769231 0.05830388692579505 0.11057692307692309
1 0.5397526501766784 0.576923076923077 0.06890459363957598 0.12980769230769232
1 0.5954063604240283 0.5444711538461539 0.06007067137809187 0.12740384615384617
1 0.6457597173144877 0.5012019230769231 0.04063604240282685 0.07451923076923077
1 0.592756183745583 0.4338942307692308 0.04063604240282685 0.07932692307692309
1 0.5530035335689046 0.4411057692307693 0.04240282685512367 0.08413461538461539
1 0.5070671378091872 0.4278846153846154 0.03180212014134275 0.04326923076923077
1 0.48939929328621906 0.43028846153846156 0.045936395759717315 0.0625
1 0.4620141342756184 0.4254807692307693 0.019434628975265017 0.038461538461538464
1 0.4372791519434629 0.4290865384615385 0.037102473498233215 0.06490384615384616
1 0.38162544169611307 0.43509615384615385 0.0353356890459364 0.057692307692307696
1 0.3339222614840989 0.4290865384615385 0.0353356890459364 0.05528846153846154
1 0.30035335689045933 0.41586538461538464 0.024734982332155476 0.03365384615384616
1 0.27296819787985865 0.41947115384615385 0.022968197879858657 0.05048076923076923
1 0.25176678445229683 0.4122596153846154 0.030035335689045935 0.040865384615384616
1 0.1978798586572438 0.4242788461538462 0.03180212014134275 0.05528846153846154
1 0.1881625441696113 0.3870192307692308 0.019434628975265017 0.03365384615384616
1 0.681095406360424 0.4963942307692308 0.04063604240282685 0.05528846153846154
1 0.8754416961130742 0.7247596153846154 0.12897526501766785 0.2139423076923077
1 0.8074204946996466 0.5805288461538461 0.06007067137809187 0.09855769230769232
1 0.7685512367491166 0.5348557692307693 0.053003533568904596 0.08413461538461539
1 0.7455830388692579 0.4879807692307693 0.04240282685512367 0.0625
1 0.8454063604240283 0.4903846153846154 0.037102473498233215 0.04807692307692308
1 0.8250883392226148 0.5180288461538461 0.038869257950530034 0.05528846153846154
1 0.872791519434629 0.5588942307692308 0.0706713780918728 0.09375
1 0.941696113074205 0.6021634615384616 0.053003533568904596 0.11298076923076923
