1 0.018000000000000002 0.6021021021021021 0.036000000000000004 0.22522522522522523
1 0.034 0.6171171171171171 0.052000000000000005 0.2012012012012012
1 0.055 0.6111111111111112 0.062 0.22522522522522523
1 0.076 0.6186186186186187 0.056 0.21621621621621623
1 0.101 0.6291291291291291 0.058 0.2132132132132132
1 0.13 0.6171171171171171 0.064 0.24324324324324323
1 0.163 0.6261261261261262 0.066 0.24324324324324323
1 0.212 0.6291291291291291 0.07200000000000001 0.26126126126126126
1 0.253 0.6261261261261262 0.074 0.2732732732732733
1 0.28300000000000003 0.6306306306306306 0.078 0.29429429429429427
1 0.304 0.6306306306306306 0.08 0.29429429429429427
1 0.371 0.6291291291291291 0.082 0.3033033033033033
1 0.426 0.6366366366366366 0.084 0.3183183183183183
1 0.47600000000000003 0.6531531531531531 0.088 0.3213213213213213
1 0.533 0.6531531531531531 0.094 0.34534534534534533
1 0.596 0.6636636636636637 0.092 0.3483483483483483
1 0.652 0.6696696696696697 0.10400000000000001 0.3843843843843844
1 0.755 0.6741741741741741 0.11800000000000001 0.4294294294294294
1 0.847 0.6966966966966966 0.122 0.45045045045045046
1 0.937 0.6996996996996997 0.126 0.48648648648648646
1 0.047 0.23423423423423423 0.034 0.07807807807807808
1 0.076 0.23423423423423423 0.036000000000000004 0.07807807807807808
1 0.11900000000000001 0.23573573573573572 0.042 0.08708708708708708
1 0.153 0.22522522522522523 0.034 0.06606606606606606
1 0.267 0.22522522522522523 0.018000000000000002 0.03003003003003003
1 0.279 0.21921921921921922 0.026000000000000002 0.04204204204204204
1 0.332 0.23123123123123124 0.024 0.04804804804804805
1 0.355 0.23123123123123124 0.022 0.04804804804804805
1 0.484 0.2132132132132132 0.036000000000000004 0.07207207207207207
1 0.513 0.22822822822822822 0.022 0.05405405405405406
1 0.528 0.22372372372372373 0.024 0.06306306306306306
1 0.579 0.2222222222222222 0.034 0.06606606606606606
1 0.647 0.21921921921921922 0.034 0.07207207207207207
1 0.7030000000000001 0.2132132132132132 0.03 0.05405405405405406
1 0.729 0.19369369369369369 0.03 0.06906906906906907
