1 0.08600000000000001 0.6038575667655787 0.16 0.5786350148367952
1 0.294 0.5875370919881305 0.164 0.5934718100890208
1 0.457 0.5890207715133532 0.166 0.6023738872403561
1 0.645 0.6053412462908012 0.158 0.5816023738872403
1 0.894 0.6172106824925816 0.156 0.5637982195845698
1 0.985 0.4258160237388724 0.03 0.13353115727002968
1 0.9490000000000001 0.42878338278931755 0.03 0.11572700296735905
1 0.8160000000000001 0.4332344213649852 0.044 0.16023738872403562
1 0.789 0.42433234421364985 0.038 0.13649851632047477
1 0.747 0.4020771513353116 0.022 0.08605341246290801
1 0.15 0.4065281899109792 0.032 0.11869436201780416
1 0.17200000000000001 0.38130563798219586 0.02 0.08011869436201781
1 0.186 0.38427299703264095 0.02 0.0741839762611276
1 0.242 0.3827893175074184 0.02 0.08308605341246292
1 0.359 0.3798219584569733 0.014 0.05934718100890208
1 0.7020000000000001 0.41246290801186947 0.028 0.11275964391691395
1 0.55 0.4109792284866469 0.036000000000000004 0.12759643916913946
1 0.508 0.40059347181008903 0.024 0.08902077151335312
1 0.581 0.4065281899109792 0.022 0.08902077151335312
1 0.761 0.4332344213649852 0.03 0.04747774480712166
1 0.764 0.4065281899109792 0.024 0.03560830860534125
1 0.732 0.41839762611275966 0.024 0.04747774480712166
1 0.051000000000000004 0.3620178041543027 0.038 0.08308605341246292
1 0.617 0.3798219584569733 0.034 0.05341246290801187
