1 0.6768982229402262 0.8517964071856288 0.025848142164781908 0.11676646706586827
1 0.6348949919224556 0.657185628742515 0.025848142164781908 0.11676646706586827
1 0.6195476575121164 0.6017964071856288 0.024232633279483037 0.11377245508982037
1 0.505654281098546 0.6676646706586826 0.02261712439418417 0.11377245508982037
1 0.4967689822294023 0.6077844311377246 0.0210016155088853 0.10179640718562875
1 0.4781906300484653 0.5359281437125749 0.02261712439418417 0.10778443113772455
1 0.3780290791599354 0.5464071856287426 0.02261712439418417 0.10479041916167665
1 0.42972536348949925 0.6362275449101796 0.02261712439418417 0.10479041916167665
1 0.40953150242326336 0.625748502994012 0.017770597738287562 0.08982035928143713
1 0.4579967689822294 0.6137724550898204 0.017770597738287562 0.08982035928143713
1 0.6785137318255251 0.594311377245509 0.019386106623586433 0.09880239520958084
1 0.697092084006462 0.5763473053892216 0.017770597738287562 0.08083832335329341
1 0.654281098546042 0.5763473053892216 0.01615508885298869 0.07485029940119761
1 0.6639741518578353 0.5703592814371258 0.01615508885298869 0.07485029940119761
1 0.7399030694668821 0.592814371257485 0.025848142164781908 0.11976047904191617
1 0.8731825525040389 0.5823353293413174 0.0210016155088853 0.10479041916167665
1 0.8941841680129241 0.5778443113772456 0.024232633279483037 0.11377245508982037
1 0.8392568659127626 0.5793413173652695 0.0210016155088853 0.09281437125748504
1 0.8206785137318255 0.5688622754491018 0.019386106623586433 0.08982035928143713
1 0.9684975767366721 0.40868263473053895 0.011308562197092085 0.056886227544910184
1 0.7859450726978999 0.27694610778443113 0.014539579967689823 0.0688622754491018
1 0.0654281098546042 0.5718562874251497 0.017770597738287562 0.08982035928143713
1 0.10096930533117933 0.7559880239520959 0.0210016155088853 0.10479041916167665
1 0.13893376413570274 0.781437125748503 0.02261712439418417 0.10778443113772455
1 0.18497576736672053 0.8068862275449102 0.024232633279483037 0.11077844311377247
1 0.21405492730210018 0.8293413173652695 0.0210016155088853 0.10179640718562875
1 0.4176090468497577 0.8697604790419162 0.0210016155088853 0.10479041916167665
1 0.4733441033925687 0.8757485029940121 0.02261712439418417 0.11077844311377247
1 0.5323101777059774 0.8847305389221557 0.0210016155088853 0.10479041916167665
1 0.5694668820678515 0.8817365269461078 0.0210016155088853 0.10479041916167665
1 0.6187399030694669 0.8802395209580839 0.02261712439418417 0.10778443113772455
1 0.6066235864297254 0.7440119760479043 0.024232633279483037 0.11077844311377247
