1 0.047 0.7942942942942943 0.094 0.3813813813813814
1 0.1 0.6171171171171171 0.096 0.35135135135135137
1 0.199 0.8063063063063063 0.10200000000000001 0.37537537537537535
1 0.489 0.8138138138138138 0.094 0.35435435435435436
1 0.758 0.7867867867867868 0.112 0.4144144144144144
1 0.8190000000000001 0.7537537537537538 0.114 0.4264264264264264
1 0.935 0.7717717717717718 0.114 0.42042042042042044
1 0.874 0.7252252252252253 0.12 0.44144144144144143
1 0.253 0.5930930930930931 0.082 0.30930930930930933
1 0.324 0.8213213213213213 0.1 0.19519519519519518
1 0.321 0.5945945945945946 0.07 0.24024024024024024
1 0.262 0.4009009009009009 0.044 0.06906906906906907
1 0.20600000000000002 0.4039039039039039 0.052000000000000005 0.057057057057057055
1 0.131 0.42342342342342343 0.038 0.09009009009009009
1 0.182 0.5105105105105106 0.06 0.08408408408408408
1 0.195 0.5615615615615616 0.05 0.06606606606606606
1 0.304 0.43543543543543545 0.044 0.07207207207207207
1 0.343 0.43093093093093093 0.046 0.08108108108108109
1 0.406 0.41291291291291293 0.048 0.07507507507507508
1 0.505 0.4114114114114114 0.038 0.06606606606606606
1 0.511 0.481981981981982 0.05 0.10510510510510511
1 0.543 0.44744744744744747 0.038 0.07807807807807808
1 0.602 0.3948948948948949 0.032 0.08108108108108109
1 0.675 0.5465465465465466 0.05 0.10810810810810811
1 0.704 0.48648648648648646 0.036000000000000004 0.10810810810810811
1 0.757 0.4369369369369369 0.042 0.11711711711711711
1 0.7020000000000001 0.4024024024024024 0.036000000000000004 0.07207207207207207
1 0.662 0.46096096096096095 0.04 0.08708708708708708
1 0.633 0.4804804804804805 0.046 0.1021021021021021
1 0.586 0.46546546546546547 0.048 0.1021021021021021
1 0.467 0.33483483483483484 0.03 0.057057057057057055
1 0.448 0.3108108108108108 0.024 0.05105105105105105
1 0.607 0.3108108108108108 0.018000000000000002 0.03303303303303303
1 0.9590000000000001 0.481981981981982 0.05 0.10510510510510511
1 0.9510000000000001 0.4084084084084084 0.042 0.06006006006006006
1 0.836 0.4219219219219219 0.04 0.06306306306306306
1 0.865 0.35735735735735735 0.046 0.07807807807807808
1 0.811 0.3333333333333333 0.038 0.04804804804804805
1 0.784 0.3018018018018018 0.028 0.05105105105105105
