1 0.2463235294117647 0.6344647519582246 0.039705882352941174 0.17232375979112272
1 0.3161764705882353 0.618798955613577 0.047058823529411764 0.20887728459530025
1 0.3625 0.622715404699739 0.030882352941176472 0.14360313315926893
1 0.47720588235294115 0.6201044386422977 0.09558823529411764 0.42036553524804177
1 0.6463235294117647 0.6174934725848564 0.06323529411764706 0.2793733681462141
1 0.7911764705882353 0.6096605744125326 0.041176470588235294 0.185378590078329
1 0.5448529411764705 0.597911227154047 0.027941176470588233 0.13054830287206268
1 0.899264705882353 0.5913838120104439 0.04852941176470588 0.21148825065274152
1 0.9477941176470588 0.577023498694517 0.04264705882352941 0.18798955613577023
1 0.6955882352941176 0.597911227154047 0.023529411764705882 0.10966057441253264
1 0.41323529411764703 0.814621409921671 0.17058823529411765 0.36553524804177545
1 0.21323529411764705 0.7728459530026109 0.16470588235294117 0.2349869451697128
1 0.5602941176470588 0.6932114882506527 0.07647058823529412 0.16449086161879894
1 0.575735294117647 0.6618798955613577 0.04264705882352941 0.1279373368146214
1 0.7066176470588236 0.6540469973890339 0.04852941176470588 0.10182767624020887
1 0.8602941176470588 0.6618798955613577 0.06470588235294117 0.14360313315926893
1 0.9316176470588236 0.6657963446475196 0.0661764705882353 0.1409921671018277
1 0.23970588235294119 0.6840731070496083 0.07058823529411765 0.11488250652741515
1 0.21691176470588236 0.6148825065274152 0.04852941176470588 0.15926892950391644
1 0.5691176470588235 0.5887728459530026 0.023529411764705882 0.06005221932114883
