1 0.08083333333333334 0.8120300751879699 0.07166666666666667 0.2656641604010025
1 0.5408333333333334 0.7155388471177945 0.085 0.3182957393483709
1 0.6075 0.7017543859649122 0.06833333333333334 0.2556390977443609
1 0.665 0.7180451127819548 0.06666666666666667 0.24310776942355888
1 0.7466666666666667 0.6992481203007519 0.06666666666666667 0.24561403508771928
1 0.7808333333333334 0.6842105263157894 0.058333333333333334 0.22055137844611528
1 0.6333333333333334 0.6190476190476191 0.04666666666666667 0.13533834586466165
1 0.6858333333333334 0.68796992481203 0.03833333333333334 0.2581453634085213
1 0.7200000000000001 0.6791979949874687 0.02666666666666667 0.17543859649122806
1 0.8250000000000001 0.6553884711779449 0.043333333333333335 0.12781954887218044
1 0.3016666666666667 0.62531328320802 0.03666666666666667 0.047619047619047616
