1 0.09081632653061225 0.48 0.1 0.36923076923076925
1 0.2 0.5553846153846154 0.14285714285714288 0.5261538461538462
1 0.2571428571428572 0.5215384615384615 0.09387755102040818 0.35384615384615387
1 0.44489795918367353 0.6230769230769231 0.15510204081632656 0.5815384615384616
1 0.7142857142857143 0.5846153846153846 0.1306122448979592 0.48615384615384616
1 0.6000000000000001 0.5415384615384615 0.1142857142857143 0.4307692307692308
1 0.5020408163265306 0.6030769230769231 0.13877551020408163 0.5107692307692308
1 0.40408163265306124 0.5538461538461539 0.11020408163265308 0.4123076923076923
1 0.3612244897959184 0.5846153846153846 0.07755102040816328 0.28307692307692306
1 0.30714285714285716 0.4369230769230769 0.04693877551020409 0.17846153846153845
1 0.0336734693877551 0.44461538461538463 0.04693877551020409 0.1753846153846154
1 0.7775510204081634 0.46923076923076923 0.05306122448979592 0.2
1 0.8183673469387756 0.47384615384615386 0.05714285714285715 0.2153846153846154
1 0.853061224489796 0.48 0.05714285714285715 0.2153846153846154
1 0.8979591836734695 0.47846153846153844 0.06938775510204082 0.2553846153846154
1 0.9418367346938776 0.4707692307692308 0.05918367346938776 0.22153846153846155
1 0.9744897959183675 0.5292307692307693 0.05102040816326531 0.27692307692307694
1 0.2510204081632653 0.8784615384615385 0.363265306122449 0.23076923076923078
1 0.12959183673469388 0.8938461538461538 0.25510204081632654 0.18153846153846154
1 0.65 0.92 0.17346938775510207 0.14769230769230768
1 0.5642857142857144 0.8184615384615385 0.10816326530612246 0.09846153846153846
1 0.55 0.7446153846153846 0.1163265306122449 0.12923076923076923
