1 0.8114583333333333 0.8944444444444445 0.06041666666666667 0.20555555555555557
1 0.8552083333333333 0.8138888888888889 0.03125 0.10555555555555556
1 0.7645833333333333 0.8236111111111112 0.0375 0.11944444444444445
1 0.7427083333333333 0.8236111111111112 0.035416666666666666 0.11944444444444445
1 0.6822916666666666 0.8125 0.04375 0.1527777777777778
1 0.653125 0.7986111111111112 0.03125 0.10833333333333334
1 0.6166666666666667 0.8041666666666667 0.029166666666666667 0.10277777777777779
1 0.59375 0.8069444444444445 0.029166666666666667 0.10277777777777779
1 0.5697916666666667 0.7930555555555556 0.022916666666666665 0.08055555555555556
1 0.5520833333333334 0.7930555555555556 0.0375 0.11944444444444445
1 0.48020833333333335 0.7875 0.03125 0.10277777777777779
1 0.41041666666666665 0.7902777777777779 0.025 0.08611111111111111
1 0.3208333333333333 0.7527777777777778 0.020833333333333332 0.06666666666666667
1 0.3375 0.7652777777777778 0.0125 0.04166666666666667
1 0.3572916666666667 0.7583333333333334 0.014583333333333334 0.05555555555555556
