1 0.23875000000000002 0.5237154150197628 0.1325 0.5177865612648221
1 0.48875 0.5375494071146245 0.20750000000000002 0.8063241106719367
1 0.68375 0.525691699604743 0.1325 0.5217391304347826
1 0.8462500000000001 0.5296442687747035 0.0925 0.3557312252964427
1 0.9025 0.5316205533596837 0.065 0.26482213438735175
1 0.9400000000000001 0.5197628458498024 0.065 0.2569169960474308
1 0.7925 0.5177865612648221 0.05 0.18972332015810275
1 0.60875 0.5237154150197628 0.0675 0.2727272727272727
1 0.4025 0.5217391304347826 0.05 0.20553359683794464
1 0.3525 0.5217391304347826 0.07 0.27667984189723316
1 0.28250000000000003 0.5098814229249011 0.065 0.25296442687747034
1 0.12375 0.5316205533596837 0.08750000000000001 0.3359683794466403
1 0.4325 0.5158102766798419 0.035 0.14624505928853754
1 0.41375 0.8952569169960474 0.1925 0.13043478260869565
1 0.185 0.7786561264822134 0.17 0.06324110671936758
1 0.10875 0.6996047430830039 0.10250000000000001 0.03952569169960474
1 0.33875 0.6600790513833992 0.0625 0.03952569169960474
1 0.45875 0.6996047430830039 0.0375 0.023715415019762844
1 0.61625 0.7845849802371541 0.10250000000000001 0.02766798418972332
1 0.81375 0.7134387351778656 0.1075 0.043478260869565216
