1 0.925 0.6872852233676976 0.125 0.4261168384879725
1 0.8075 0.6838487972508591 0.11 0.3711340206185567
1 0.68375 0.6924398625429553 0.11750000000000001 0.3951890034364261
1 0.74 0.5773195876288659 0.095 0.3161512027491409
1 0.5075000000000001 0.781786941580756 0.125 0.42955326460481097
1 0.36125 0.6838487972508591 0.1275 0.4261168384879725
1 0.31125 0.6769759450171822 0.1125 0.37800687285223367
1 0.55625 0.7560137457044673 0.1375 0.46735395189003437
1 0.06875 0.5378006872852233 0.0675 0.23711340206185566
1 0.16375 0.5412371134020618 0.0725 0.24398625429553264
1 0.25125000000000003 0.5395189003436426 0.0725 0.24054982817869416
1 0.6062500000000001 0.5773195876288659 0.0825 0.281786941580756
1 0.13625 0.5945017182130584 0.0625 0.15120274914089346
1 0.0675 0.5876288659793815 0.055 0.15120274914089346
1 0.41500000000000004 0.5945017182130584 0.04 0.16494845360824742
1 0.47125 0.6013745704467354 0.0575 0.15807560137457044
1 0.41625 0.48625429553264604 0.0425 0.12027491408934708
1 0.36375 0.46735395189003437 0.0375 0.09621993127147765
1 0.4825 0.5 0.045 0.12714776632302405
1 0.54 0.4965635738831615 0.045 0.13402061855670103
1 0.65 0.5085910652920962 0.04 0.14432989690721648
