1 0.024 0.6471471471471472 0.048 0.32732732732732733
1 0.035 0.6141141141141141 0.07 0.2972972972972973
1 0.159 0.6471471471471472 0.09 0.32732732732732733
1 0.23800000000000002 0.6036036036036035 0.068 0.24624624624624625
1 0.115 0.5870870870870871 0.074 0.2732732732732733
1 0.126 0.6141141141141141 0.076 0.2852852852852853
1 0.342 0.6306306306306306 0.08 0.3003003003003003
1 0.379 0.5900900900900901 0.074 0.2732732732732733
1 0.424 0.6066066066066066 0.08 0.3003003003003003
1 0.454 0.6276276276276276 0.07200000000000001 0.2702702702702703
1 0.494 0.6456456456456456 0.084 0.3123123123123123
1 0.591 0.6321321321321322 0.078 0.2912912912912913
1 0.64 0.6411411411411412 0.08 0.3033033033033033
1 0.778 0.6426426426426426 0.07200000000000001 0.2702702702702703
1 0.731 0.6321321321321322 0.066 0.24924924924924924
1 0.977 0.6351351351351351 0.046 0.12912912912912913
1 0.309 0.6276276276276276 0.082 0.45045045045045046
1 0.552 0.6066066066066066 0.092 0.4444444444444444
1 0.858 0.6231231231231231 0.096 0.36936936936936937
