1 0.232 0.6398176291793313 0.1 0.3738601823708207
1 0.375 0.6048632218844985 0.09 0.3343465045592705
1 0.41600000000000004 0.6398176291793313 0.064 0.24620060790273557
1 0.448 0.648936170212766 0.08 0.3009118541033435
1 0.5 0.6747720364741642 0.088 0.3282674772036474
1 0.53 0.668693009118541 0.092 0.3465045592705167
1 0.666 0.6899696048632219 0.096 0.364741641337386
1 0.71 0.7082066869300911 0.092 0.3404255319148936
1 0.787 0.7446808510638298 0.074 0.2796352583586626
1 0.937 0.723404255319149 0.09 0.3404255319148936
1 0.885 0.8541033434650456 0.07 0.2674772036474164
1 0.867 0.7082066869300911 0.094 0.3465045592705167
1 0.973 0.7112462006079028 0.054 0.2735562310030395
1 0.10200000000000001 0.2188449848024316 0.148 0.4316109422492401
1 0.766 0.5942249240121581 0.044 0.18541033434650456
1 0.866 0.5699088145896657 0.07200000000000001 0.13069908814589665
1 0.98 0.5075987841945289 0.032 0.1641337386018237
1 0.645 0.506079027355623 0.05 0.26443768996960487
