1 0.78515625 0.5510416666666667 0.0921875 0.30625
1 0.61640625 0.5447916666666667 0.09531250000000001 0.3145833333333333
1 0.4453125 0.5510416666666667 0.059375000000000004 0.19791666666666666
1 0.38593750000000004 0.55 0.05625 0.18333333333333332
1 0.36640625000000004 0.5458333333333333 0.051562500000000004 0.175
1 0.3015625 0.5520833333333334 0.0625 0.20416666666666666
1 0.2671875 0.553125 0.059375000000000004 0.19375
1 0.22968750000000002 0.5520833333333334 0.053125000000000006 0.17083333333333334
1 0.13984375000000002 0.5697916666666667 0.0546875 0.18125
1 0.18281250000000002 0.5291666666666667 0.05 0.16666666666666666
1 0.09375 0.5541666666666667 0.05625 0.18333333333333332
1 0.1203125 0.5541666666666667 0.059375000000000004 0.19166666666666665
1 0.043750000000000004 0.540625 0.053125000000000006 0.17291666666666666
1 0.025 0.5302083333333333 0.05 0.17708333333333334
1 0.71796875 0.5447916666666667 0.0578125 0.18958333333333333
1 0.6531250000000001 0.5416666666666666 0.05625 0.18333333333333332
1 0.8375 0.55625 0.05 0.16666666666666666
1 0.9382812500000001 0.49166666666666664 0.060937500000000006 0.2
1 0.8921875 0.490625 0.05625 0.18958333333333333
1 0.9828125000000001 0.5 0.034375 0.2
1 0.40625 0.5291666666666667 0.05 0.1625
1 0.51875 0.5447916666666667 0.05 0.16875
1 0.484375 0.5322916666666666 0.053125000000000006 0.17291666666666666
1 0.56640625 0.5239583333333333 0.0484375 0.15625
1 0.6804687500000001 0.465625 0.0390625 0.12708333333333333
1 0.7109375 0.4510416666666667 0.025 0.11041666666666666
1 0.75546875 0.4552083333333333 0.0203125 0.12291666666666666
1 0.8054687500000001 0.428125 0.029687500000000002 0.07291666666666667
1 0.6453125000000001 0.42604166666666665 0.021875000000000002 0.052083333333333336
