1 0.02 0.8077777777777778 0.04 0.13555555555555557
1 0.1275 0.8155555555555556 0.035 0.12
1 0.155 0.8044444444444444 0.04 0.13777777777777778
1 0.18833333333333335 0.8044444444444444 0.023333333333333334 0.08
1 0.25083333333333335 0.8177777777777778 0.035 0.11555555555555555
1 0.3125 0.7966666666666666 0.021666666666666667 0.07777777777777778
1 0.3666666666666667 0.8088888888888889 0.02666666666666667 0.09333333333333334
1 0.3875 0.8055555555555556 0.03166666666666667 0.10888888888888888
1 0.43000000000000005 0.7988888888888889 0.023333333333333334 0.07777777777777778
1 0.4666666666666667 0.8011111111111111 0.03333333333333333 0.10888888888888888
1 0.5458333333333334 0.85 0.018333333333333333 0.06
1 0.6883333333333334 0.79 0.02666666666666667 0.08666666666666667
1 0.6666666666666667 0.79 0.02666666666666667 0.08666666666666667
1 0.655 0.7944444444444444 0.02666666666666667 0.09111111111111111
1 0.8833333333333334 0.7944444444444444 0.03333333333333333 0.11333333333333333
1 0.9358333333333334 0.7988888888888889 0.03166666666666667 0.10444444444444445
1 0.9208333333333334 0.7966666666666666 0.035 0.11777777777777777
1 0.9800000000000001 0.7877777777777778 0.03666666666666667 0.11777777777777777
