1 0.014843750000000001 0.35093896713615025 0.029687500000000002 0.15258215962441316
1 0.16640625 0.32981220657276994 0.026562500000000003 0.10093896713615023
1 0.18515625000000002 0.3392018779342723 0.0234375 0.09154929577464789
1 0.17734375000000002 0.3333333333333333 0.0203125 0.07981220657276995
1 0.19921875 0.3392018779342723 0.0203125 0.08215962441314555
1 0.21250000000000002 0.3415492957746479 0.025 0.09624413145539906
1 0.23203125000000002 0.3485915492957747 0.0203125 0.08215962441314555
1 0.25078125 0.3392018779342723 0.0234375 0.09154929577464789
1 0.25859375 0.3415492957746479 0.0234375 0.08685446009389672
1 0.26640625 0.3438967136150235 0.0234375 0.08685446009389672
1 0.38046875 0.35093896713615025 0.0171875 0.06807511737089202
1 0.33828125000000003 0.5258215962441315 0.1328125 0.49295774647887325
1 0.49062500000000003 0.4964788732394366 0.12812500000000002 0.471830985915493
1 0.59921875 0.5140845070422535 0.13593750000000002 0.49765258215962443
1 0.7140625 0.5176056338028169 0.09375 0.34976525821596244
1 0.76484375 0.4812206572769953 0.0765625 0.28169014084507044
1 0.82578125 0.4565727699530516 0.06406250000000001 0.23708920187793428
1 0.8562500000000001 0.431924882629108 0.046875 0.1784037558685446
1 0.8812500000000001 0.4025821596244131 0.028125 0.10093896713615023
1 0.89453125 0.40375586854460094 0.0234375 0.0892018779342723
1 0.9085937500000001 0.4025821596244131 0.0203125 0.07746478873239437
1 0.94140625 0.4072769953051643 0.0203125 0.07746478873239437
1 0.9476562500000001 0.3873239436619718 0.0171875 0.06572769953051644
1 0.96875 0.40023474178403756 0.021875000000000002 0.08215962441314555
1 0.98359375 0.45774647887323944 0.0328125 0.1971830985915493
1 0.18984375 0.33685446009389675 0.0234375 0.09154929577464789
1 0.6820312500000001 0.3591549295774648 0.0546875 0.0892018779342723
1 0.728125 0.36502347417840375 0.034375 0.1056338028169014
1 0.8093750000000001 0.37089201877934275 0.043750000000000004 0.07981220657276995
1 0.8734375000000001 0.3814553990610329 0.021875000000000002 0.08215962441314555
