1 0.2227626459143969 0.7347222222222223 0.09922178988326849 0.3527777777777778
1 0.26750972762645914 0.788888888888889 0.06031128404669261 0.2111111111111111
1 0.3200389105058366 0.7875 0.06031128404669261 0.20833333333333334
1 0.3560311284046693 0.6194444444444445 0.011673151750972763 0.03888888888888889
1 0.32782101167315175 0.6194444444444445 0.009727626459143969 0.03333333333333333
1 0.14105058365758755 0.6513888888888889 0.013618677042801557 0.04722222222222222
1 0.12159533073929961 0.6541666666666667 0.005836575875486381 0.030555555555555558
1 0.4357976653696498 0.6097222222222223 0.007782101167315175 0.030555555555555558
1 0.45525291828793774 0.6027777777777777 0.007782101167315175 0.02777777777777778
1 0.4581712062256809 0.6041666666666667 0.005836575875486381 0.025
1 0.4649805447470817 0.6083333333333334 0.0038910505836575876 0.016666666666666666
1 0.4708171206225681 0.6055555555555556 0.0038910505836575876 0.016666666666666666
1 0.41050583657587547 0.26944444444444443 0.038910505836575876 0.14444444444444446
1 0.45233463035019456 0.26944444444444443 0.03696498054474708 0.13333333333333333
1 0.5311284046692607 0.2902777777777778 0.03501945525291829 0.125
1 0.23054474708171208 0.3680555555555556 0.029182879377431907 0.09722222222222222
1 0.2791828793774319 0.3736111111111111 0.033073929961089495 0.08611111111111111
1 0.3103112840466926 0.3680555555555556 0.033073929961089495 0.08611111111111111
1 0.3404669260700389 0.37083333333333335 0.0311284046692607 0.08611111111111111
1 0.35894941634241245 0.3680555555555556 0.021400778210116732 0.075
1 0.39980544747081714 0.3805555555555556 0.1575875486381323 0.17777777777777778
1 0.39299610894941633 0.35555555555555557 0.0311284046692607 0.07777777777777778
1 0.46011673151750976 0.375 0.017509727626459144 0.07222222222222223
1 0.4892996108949416 0.37777777777777777 0.029182879377431907 0.07777777777777778
1 0.514591439688716 0.37222222222222223 0.029182879377431907 0.07777777777777778
1 0.5437743190661478 0.37222222222222223 0.04085603112840467 0.08888888888888889
1 0.5817120622568094 0.375 0.03501945525291829 0.06666666666666667
1 0.6118677042801557 0.3763888888888889 0.029182879377431907 0.075
1 0.6459143968871596 0.3805555555555556 0.042801556420233464 0.08888888888888889
1 0.7003891050583657 0.3791666666666667 0.038910505836575876 0.0638888888888889
1 0.7052529182879378 0.3375 0.02529182879377432 0.058333333333333334
1 0.6566147859922179 0.775 0.11089494163424124 0.21666666666666667
1 0.7821011673151751 0.7236111111111111 0.08560311284046693 0.225
1 0.8715953307392996 0.7958333333333334 0.0933852140077821 0.2638888888888889
1 0.49416342412451364 0.7166666666666667 0.023346303501945526 0.09444444444444444
1 0.4756809338521401 0.7152777777777778 0.029182879377431907 0.075
1 0.4464980544747082 0.701388888888889 0.021400778210116732 0.075
1 0.4260700389105058 0.6930555555555555 0.019455252918287938 0.0638888888888889
1 0.4085603112840467 0.6888888888888889 0.01556420233463035 0.05
1 0.39980544747081714 0.6791666666666667 0.017509727626459144 0.05277777777777778
1 0.39202334630350194 0.6722222222222223 0.013618677042801557 0.03888888888888889
1 0.36673151750972766 0.6736111111111112 0.017509727626459144 0.04166666666666667
1 0.38910505836575876 0.638888888888889 0.011673151750972763 0.03333333333333333
1 0.311284046692607 0.6527777777777778 0.007782101167315175 0.022222222222222223
1 0.321011673151751 0.65 0.007782101167315175 0.02777777777777778
1 0.33463035019455256 0.6555555555555556 0.007782101167315175 0.03888888888888889
1 0.3531128404669261 0.6625 0.005836575875486381 0.030555555555555558
1 0.3463035019455253 0.6569444444444444 0.007782101167315175 0.025
1 0.36770428015564205 0.6347222222222223 0.011673151750972763 0.030555555555555558
