1 0.06875 0.7979166666666666 0.034375 0.11666666666666667
1 0.11640625 0.759375 0.0328125 0.10625
1 0.225 0.7895833333333333 0.03125 0.10416666666666667
1 0.8093750000000001 0.8958333333333334 0.053125000000000006 0.17083333333333334
1 0.7210937500000001 0.8479166666666667 0.0390625 0.12916666666666665
1 0.696875 0.8395833333333333 0.037500000000000006 0.12083333333333333
1 0.68515625 0.725 0.0234375 0.08333333333333333
1 0.7132812500000001 0.678125 0.026562500000000003 0.08541666666666667
1 0.8734375000000001 0.6541666666666667 0.021875000000000002 0.07916666666666666
1 0.9242187500000001 0.7135416666666666 0.0234375 0.08125
1 0.96484375 0.7083333333333334 0.0171875 0.0625
1 0.153125 0.65 0.021875000000000002 0.07916666666666666
1 0.0171875 0.6427083333333333 0.015625 0.052083333333333336
1 0.14375000000000002 0.66875 0.0125 0.04583333333333333
1 0.21484375 0.5927083333333333 0.0171875 0.05625
1 0.19609375 0.5822916666666667 0.0140625 0.04791666666666666
1 0.18281250000000002 0.578125 0.015625 0.052083333333333336
1 0.17734375000000002 0.559375 0.0140625 0.04375
1 0.1390625 0.5520833333333334 0.0125 0.041666666666666664
1 0.21953125 0.5791666666666666 0.0140625 0.04583333333333333
1 0.24375000000000002 0.5791666666666666 0.0125 0.041666666666666664
1 0.23828125 0.5625 0.010937500000000001 0.0375
1 0.23359375000000002 0.559375 0.0140625 0.04375
1 0.23125 0.5520833333333334 0.009375000000000001 0.0375
1 0.22109375 0.5583333333333333 0.0078125 0.03333333333333333
1 0.209375 0.5489583333333333 0.0125 0.03958333333333333
1 0.259375 0.578125 0.0125 0.04791666666666666
1 0.28046875 0.5739583333333333 0.0140625 0.04791666666666666
1 0.29765625 0.5552083333333333 0.010937500000000001 0.03958333333333333
1 0.31640625 0.5520833333333334 0.0140625 0.04583333333333333
1 0.30625 0.55 0.0125 0.041666666666666664
1 0.33984375 0.5625 0.010937500000000001 0.041666666666666664
1 0.3328125 0.55625 0.009375000000000001 0.029166666666666667
1 0.32734375000000004 0.5510416666666667 0.010937500000000001 0.03958333333333333
1 0.34218750000000003 0.55 0.009375000000000001 0.0375
1 0.36640625000000004 0.553125 0.010937500000000001 0.03958333333333333
1 0.384375 0.55 0.009375000000000001 0.0375
1 0.4078125 0.5572916666666666 0.009375000000000001 0.03125
1 0.41953125 0.5520833333333334 0.0140625 0.05
1 0.54453125 0.525 0.0078125 0.029166666666666667
1 0.1921875 0.771875 0.03125 0.10208333333333333
1 0.12812500000000002 0.7760416666666666 0.03125 0.10625
1 0.05078125 0.6333333333333333 0.0171875 0.0625
1 0.1203125 0.659375 0.018750000000000003 0.06458333333333333
1 0.060937500000000006 0.7864583333333334 0.034375 0.11875
1 0.10312500000000001 0.7677083333333333 0.037500000000000006 0.12291666666666666
1 0.790625 0.5177083333333333 0.009375000000000001 0.03125
1 0.52578125 0.5260416666666666 0.010937500000000001 0.03958333333333333
1 0.58046875 0.528125 0.0078125 0.03125
1 0.203125 0.575 0.015625 0.05
1 0.56640625 0.8020833333333334 0.0484375 0.04583333333333333
1 0.584375 0.6729166666666666 0.03125 0.058333333333333334
1 0.8539062500000001 0.5 0.010937500000000001 0.0125
1 0.19375 0.54375 0.00625 0.016666666666666666
1 0.19765625 0.5479166666666666 0.004687500000000001 0.016666666666666666
