1 0.05916666666666667 0.62 0.06166666666666667 0.225
1 0.1 0.555 0.03666666666666667 0.14
1 0.13583333333333333 0.50375 0.021666666666666667 0.0825
1 0.18166666666666667 0.6625 0.08333333333333334 0.31
1 0.19416666666666668 0.5525 0.03833333333333334 0.14
1 0.24750000000000003 0.5225 0.028333333333333335 0.11
1 0.28500000000000003 0.5750000000000001 0.04666666666666667 0.17
1 0.305 0.48625 0.02666666666666667 0.0975
1 0.3433333333333334 0.5275 0.03333333333333333 0.13
1 0.3491666666666667 0.49 0.025 0.095
1 0.3716666666666667 0.48625 0.023333333333333334 0.0925
1 0.45833333333333337 0.67 0.10333333333333335 0.38
1 0.545 0.53125 0.03666666666666667 0.14250000000000002
1 0.5191666666666667 0.51 0.028333333333333335 0.11
1 0.5725 0.47875 0.018333333333333333 0.0725
1 0.5933333333333334 0.50625 0.02666666666666667 0.10250000000000001
1 0.61 0.53 0.04 0.155
1 0.6466666666666667 0.57625 0.05333333333333334 0.1975
1 0.7058333333333334 0.66625 0.085 0.3125
1 0.6958333333333334 0.52375 0.03166666666666667 0.1225
1 0.7166666666666667 0.48875 0.02 0.0825
1 0.7458333333333333 0.50875 0.028333333333333335 0.10250000000000001
1 0.7791666666666667 0.52375 0.028333333333333335 0.10250000000000001
1 0.8091666666666667 0.5725 0.04833333333333334 0.17500000000000002
1 0.8500000000000001 0.50875 0.02 0.0825
1 0.8425 0.4825 0.015000000000000001 0.055
1 0.9208333333333334 0.66125 0.06166666666666667 0.2275
1 0.9775 0.50875 0.021666666666666667 0.0825
1 0.9600000000000001 0.5125 0.016666666666666666 0.065
1 0.9466666666666668 0.505 0.013333333333333334 0.05
1 0.9941666666666668 0.53125 0.011666666666666667 0.0575
1 0.165 0.47250000000000003 0.023333333333333334 0.08
1 0.2775 0.47000000000000003 0.028333333333333335 0.065
1 0.44333333333333336 0.5125 0.14666666666666667 0.145
1 0.6316666666666667 0.455 0.02666666666666667 0.07
1 0.665 0.46125 0.023333333333333334 0.0625
1 0.8233333333333334 0.4675 0.03333333333333333 0.055
