1 0.47250000000000003 0.845 0.07500000000000001 0.275
1 0.3816666666666667 0.76125 0.023333333333333334 0.0925
1 0.4025 0.7575000000000001 0.021666666666666667 0.085
1 0.41833333333333333 0.7525000000000001 0.016666666666666666 0.065
1 0.43250000000000005 0.74625 0.011666666666666667 0.0475
1 0.45 0.75625 0.02 0.0825
1 0.5266666666666667 0.76 0.02 0.08
1 0.6191666666666668 0.7525000000000001 0.018333333333333333 0.075
1 0.7016666666666667 0.75 0.02 0.075
1 0.6925 0.74625 0.021666666666666667 0.0825
1 0.7275 0.7475 0.021666666666666667 0.08
1 0.9316666666666668 0.77 0.03666666666666667 0.135
1 0.24583333333333335 0.745 0.011666666666666667 0.045
1 0.1375 0.74625 0.015000000000000001 0.0625
1 0.07250000000000001 0.74125 0.011666666666666667 0.0425
1 0.09166666666666667 0.74125 0.01 0.0425
1 0.11083333333333334 0.74625 0.018333333333333333 0.0675
