1 0.555 0.5283505154639175 0.19 0.7268041237113402
1 0.8550000000000001 0.5257731958762887 0.10333333333333335 0.3917525773195876
1 0.91 0.5515463917525774 0.060000000000000005 0.2268041237113402
1 0.93 0.5463917525773195 0.02666666666666667 0.1134020618556701
1 0.9466666666666668 0.5515463917525774 0.02666666666666667 0.10309278350515463
1 0.8066666666666668 0.5489690721649484 0.02666666666666667 0.11855670103092783
1 0.7833333333333334 0.5438144329896907 0.04 0.15979381443298968
1 0.7250000000000001 0.5412371134020618 0.05666666666666667 0.21649484536082475
1 0.6766666666666667 0.5541237113402062 0.02666666666666667 0.0979381443298969
1 0.6616666666666667 0.5567010309278351 0.030000000000000002 0.12371134020618557
1 0.65 0.5515463917525774 0.02 0.09278350515463918
1 0.505 0.5515463917525774 0.03666666666666667 0.13402061855670103
1 0.47500000000000003 0.5515463917525774 0.016666666666666666 0.08247422680412371
1 0.4466666666666667 0.5592783505154639 0.02666666666666667 0.10824742268041238
1 0.4316666666666667 0.538659793814433 0.05666666666666667 0.22164948453608246
1 0.36000000000000004 0.5360824742268041 0.11333333333333334 0.422680412371134
1 0.3116666666666667 0.5489690721649484 0.03666666666666667 0.13917525773195877
1 0.28 0.5463917525773195 0.02666666666666667 0.1134020618556701
1 0.24666666666666667 0.5463917525773195 0.08 0.29896907216494845
1 0.17500000000000002 0.5412371134020618 0.05666666666666667 0.21649484536082475
1 0.13333333333333333 0.5360824742268041 0.04666666666666667 0.1958762886597938
1 0.09166666666666667 0.538659793814433 0.043333333333333335 0.15979381443298968
1 0.06333333333333334 0.5463917525773195 0.02666666666666667 0.1134020618556701
1 0.05 0.5515463917525774 0.02 0.09278350515463918
1 0.03833333333333334 0.5463917525773195 0.023333333333333334 0.09278350515463918
1 0.030000000000000002 0.5463917525773195 0.02 0.07216494845360824
1 0.02 0.5515463917525774 0.013333333333333334 0.061855670103092786
1 0.2066666666666667 0.5644329896907216 0.02666666666666667 0.0979381443298969
1 0.29000000000000004 0.520618556701031 0.02 0.061855670103092786
1 0.7716666666666667 0.8762886597938144 0.4366666666666667 0.21649484536082475
1 0.525 0.7319587628865979 0.33666666666666667 0.05154639175257732
1 0.7016666666666667 0.672680412371134 0.16333333333333333 0.02577319587628866
1 0.805 0.6391752577319587 0.07666666666666667 0.020618556701030927
1 0.36000000000000004 0.6932989690721649 0.24666666666666667 0.03608247422680412
1 0.22166666666666668 0.6443298969072165 0.13 0.041237113402061855
1 0.9566666666666668 0.7164948453608248 0.08 0.05154639175257732
