1 0.09429824561403508 0.6112852664576802 0.12280701754385964 0.43260188087774293
1 0.041666666666666664 0.6144200626959248 0.08333333333333333 0.32601880877742945
1 0.27192982456140347 0.6112852664576802 0.08333333333333333 0.30094043887147337
1 0.22807017543859648 0.615987460815047 0.06578947368421052 0.24137931034482757
1 0.19517543859649122 0.6206896551724138 0.05263157894736842 0.19435736677115986
1 0.16228070175438597 0.6112852664576802 0.05263157894736842 0.18181818181818182
1 0.3070175438596491 0.609717868338558 0.043859649122807015 0.1536050156739812
1 0.36622807017543857 0.6112852664576802 0.11403508771929824 0.4012539184952978
1 0.4638157894736842 0.615987460815047 0.07236842105263158 0.25391849529780564
1 0.5054824561403508 0.6144200626959248 0.046052631578947366 0.16300940438871472
1 0.5822368421052632 0.622257053291536 0.09429824561403508 0.335423197492163
1 0.6348684210526315 0.6112852664576802 0.07236842105263158 0.2507836990595611
1 0.7324561403508771 0.5987460815047022 0.06140350877192982 0.21316614420062696
1 0.7828947368421052 0.6065830721003135 0.08771929824561403 0.3103448275862069
1 0.8081140350877193 0.5956112852664577 0.07236842105263158 0.25705329153605017
1 0.9616228070175438 0.609717868338558 0.07675438596491227 0.27899686520376177
1 0.41666666666666663 0.6191222570532915 0.03070175438596491 0.14733542319749215
1 0.5679824561403508 0.6206896551724138 0.06140350877192982 0.16927899686520376
1 0.6173245614035088 0.6285266457680251 0.046052631578947366 0.18495297805642633
1 0.8344298245614035 0.6410658307210031 0.02412280701754386 0.12225705329153605
