1 0.9750000000000001 0.634009009009009 0.05 0.21846846846846846
1 0.9691666666666667 0.6272522522522522 0.058333333333333334 0.20045045045045046
1 0.9516666666666668 0.6261261261261262 0.060000000000000005 0.20270270270270271
1 0.9258333333333334 0.6227477477477478 0.055 0.18243243243243243
1 0.895 0.6306306306306306 0.05333333333333334 0.17567567567567569
1 0.8583333333333334 0.6283783783783784 0.05333333333333334 0.18018018018018017
1 0.8341666666666667 0.6238738738738738 0.05166666666666667 0.17567567567567569
1 0.8091666666666667 0.6272522522522522 0.05166666666666667 0.16891891891891891
1 0.7666666666666667 0.6272522522522522 0.04666666666666667 0.1554054054054054
1 0.7233333333333334 0.6272522522522522 0.05 0.1644144144144144
1 0.6916666666666668 0.6204954954954955 0.05 0.1644144144144144
1 0.6466666666666667 0.6171171171171171 0.04666666666666667 0.15315315315315314
1 0.6616666666666667 0.6216216216216216 0.043333333333333335 0.14864864864864866
1 0.6233333333333334 0.6193693693693694 0.043333333333333335 0.14864864864864866
1 0.5858333333333333 0.6283783783783784 0.03833333333333334 0.13063063063063063
1 0.6025 0.6126126126126126 0.03833333333333334 0.13063063063063063
1 0.5616666666666666 0.6193693693693694 0.043333333333333335 0.14864864864864866
1 0.4166666666666667 0.6227477477477478 0.05333333333333334 0.17792792792792791
1 0.3891666666666667 0.615990990990991 0.05166666666666667 0.16891891891891891
1 0.3375 0.6227477477477478 0.03166666666666667 0.11036036036036036
1 0.18000000000000002 0.6644144144144144 0.023333333333333334 0.07657657657657657
1 0.785 0.615990990990991 0.02 0.12387387387387387
1 0.3166666666666667 0.6475225225225225 0.030000000000000002 0.05630630630630631
1 0.29500000000000004 0.6430180180180181 0.04 0.07882882882882883
1 0.26166666666666666 0.6385135135135135 0.04 0.07432432432432433
1 0.23333333333333334 0.6362612612612613 0.023333333333333334 0.05630630630630631
1 0.21166666666666667 0.6475225225225225 0.03333333333333333 0.07882882882882883
1 0.2025 0.6148648648648649 0.018333333333333333 0.02252252252252252
1 0.14916666666666667 0.6407657657657657 0.03166666666666667 0.07432432432432433
1 0.13583333333333333 0.6002252252252253 0.028333333333333335 0.0518018018018018
1 0.09416666666666668 0.6103603603603603 0.028333333333333335 0.036036036036036036
1 0.10166666666666667 0.6599099099099099 0.03333333333333333 0.1036036036036036
1 0.07166666666666667 0.6644144144144144 0.03666666666666667 0.11261261261261261
1 0.03666666666666667 0.6576576576576576 0.04 0.11711711711711711
1 0.008333333333333333 0.6373873873873874 0.016666666666666666 0.04954954954954955
1 0.9925 0.6317567567567568 0.008333333333333333 0.24549549549549549
