1 0.068 0.6546666666666666 0.136 0.632
1 0.097 0.5853333333333333 0.15 0.488
1 0.131 0.5573333333333333 0.11 0.368
1 0.15 0.528 0.092 0.29866666666666664
1 0.171 0.496 0.074 0.25066666666666665
1 0.273 0.5613333333333334 0.126 0.408
1 0.353 0.5706666666666667 0.122 0.39999999999999997
1 0.43 0.5653333333333334 0.12 0.39999999999999997
1 0.497 0.572 0.106 0.34933333333333333
1 0.5640000000000001 0.5706666666666667 0.116 0.384
1 0.626 0.588 0.112 0.37066666666666664
1 0.686 0.5826666666666667 0.112 0.37066666666666664
1 0.727 0.5733333333333334 0.106 0.352
1 0.766 0.6013333333333333 0.112 0.37066666666666664
1 0.811 0.5946666666666667 0.114 0.3733333333333333
1 0.974 0.5133333333333333 0.052000000000000005 0.19999999999999998
1 0.983 0.5333333333333333 0.034 0.18666666666666665
1 0.324 0.6733333333333333 0.08 0.2533333333333333
1 0.398 0.6719999999999999 0.07200000000000001 0.2613333333333333
1 0.47800000000000004 0.6759999999999999 0.088 0.2693333333333333
1 0.55 0.6839999999999999 0.084 0.2693333333333333
1 0.629 0.696 0.106 0.27199999999999996
1 0.445 0.39066666666666666 0.05 0.10933333333333332
1 0.388 0.4066666666666667 0.044 0.06666666666666667
1 0.8 0.44 0.04 0.06933333333333333
1 0.592 0.43466666666666665 0.028 0.05333333333333333
