1 0.031 0.58 0.062 0.25866666666666666
1 0.1 0.5706666666666667 0.076 0.25066666666666665
1 0.195 0.5866666666666667 0.07 0.22933333333333333
1 0.234 0.5893333333333333 0.068 0.21866666666666665
1 0.294 0.58 0.07200000000000001 0.23199999999999998
1 0.801 0.776 0.114 0.37866666666666665
1 0.9460000000000001 0.724 0.108 0.36
1 0.966 0.7186666666666667 0.068 0.344
1 0.917 0.6266666666666666 0.074 0.24
1 0.747 0.6293333333333333 0.074 0.24
1 0.6980000000000001 0.6253333333333333 0.07200000000000001 0.2373333333333333
1 0.653 0.6746666666666666 0.094 0.30933333333333335
1 0.614 0.632 0.08 0.26666666666666666
1 0.35000000000000003 0.45466666666666666 0.04 0.13599999999999998
1 0.14 0.42533333333333334 0.044 0.14666666666666667
1 0.076 0.412 0.04 0.13599999999999998
1 0.732 0.38 0.02 0.072
1 0.499 0.6506666666666666 0.042 0.10133333333333333
1 0.538 0.6746666666666666 0.036000000000000004 0.07466666666666666
1 0.559 0.6 0.082 0.12266666666666666
1 0.539 0.5253333333333333 0.05 0.096
1 0.5730000000000001 0.532 0.034 0.104
1 0.645 0.5013333333333333 0.038 0.07466666666666666
1 0.654 0.5786666666666667 0.044 0.13866666666666666
1 0.73 0.508 0.036000000000000004 0.072
1 0.795 0.524 0.034 0.06133333333333333
1 0.8180000000000001 0.5146666666666666 0.024 0.058666666666666666
1 0.842 0.592 0.048 0.18666666666666665
1 0.81 0.488 0.044 0.07466666666666666
1 0.9590000000000001 0.49066666666666664 0.026000000000000002 0.048
1 0.972 0.5213333333333333 0.028 0.056
1 0.989 0.5226666666666666 0.014 0.048
1 0.962 0.44266666666666665 0.028 0.096
1 0.969 0.4013333333333333 0.03 0.10933333333333332
1 0.911 0.4533333333333333 0.018000000000000002 0.064
1 0.882 0.42666666666666664 0.016 0.048
1 0.885 0.39599999999999996 0.022 0.04533333333333333
1 0.908 0.4026666666666667 0.032 0.026666666666666665
1 0.92 0.39999999999999997 0.028 0.096
1 0.894 0.38266666666666665 0.028 0.050666666666666665
1 0.838 0.4013333333333333 0.028 0.04
1 0.812 0.3893333333333333 0.036000000000000004 0.048
1 0.788 0.42133333333333334 0.028 0.05333333333333333
1 0.8320000000000001 0.45599999999999996 0.036000000000000004 0.042666666666666665
1 0.266 0.436 0.032 0.088
1 0.3 0.41466666666666663 0.028 0.104
1 0.164 0.46266666666666667 0.044 0.07733333333333334
1 0.211 0.43066666666666664 0.042 0.12533333333333332
1 0.026000000000000002 0.3893333333333333 0.028 0.10666666666666666
1 0.006 0.576 0.012 0.288
1 0.47700000000000004 0.4013333333333333 0.026000000000000002 0.07733333333333334
1 0.46 0.4093333333333333 0.028 0.07733333333333334
1 0.436 0.39466666666666667 0.02 0.064
1 0.49 0.37066666666666664 0.024 0.042666666666666665
1 0.40800000000000003 0.328 0.036000000000000004 0.042666666666666665
1 0.546 0.38266666666666665 0.032 0.04533333333333333
1 0.56 0.4373333333333333 0.024 0.06933333333333333
1 0.529 0.42666666666666664 0.034 0.064
1 0.589 0.39066666666666666 0.026000000000000002 0.056
1 0.608 0.3933333333333333 0.024 0.050666666666666665
1 0.681 0.412 0.022 0.04533333333333333
1 0.666 0.44666666666666666 0.032 0.056
1 0.651 0.39466666666666667 0.026000000000000002 0.042666666666666665
1 0.665 0.3853333333333333 0.022 0.056
1 0.707 0.43866666666666665 0.022 0.06666666666666667
1 0.398 0.372 0.02 0.050666666666666665
1 0.10400000000000001 0.32666666666666666 0.028 0.04533333333333333
1 0.025 0.288 0.026000000000000002 0.03733333333333333
1 0.155 0.3173333333333333 0.018000000000000002 0.026666666666666665
1 0.137 0.32666666666666666 0.018000000000000002 0.029333333333333333
