1 0.010937500000000001 0.505868544600939 0.021875000000000002 0.09154929577464789
1 0.06875 0.5105633802816901 0.025 0.09624413145539906
1 0.14375000000000002 0.5152582159624414 0.021875000000000002 0.08685446009389672
1 0.21875 0.5164319248826291 0.021875000000000002 0.08450704225352113
1 0.2859375 0.5164319248826291 0.021875000000000002 0.0892018779342723
1 0.32656250000000003 0.5199530516431925 0.025 0.09154929577464789
1 0.371875 0.5211267605633803 0.021875000000000002 0.08450704225352113
1 0.39375000000000004 0.5176056338028169 0.021875000000000002 0.08215962441314555
1 0.4140625 0.5199530516431925 0.018750000000000003 0.07276995305164319
1 0.42734375 0.49882629107981225 0.0171875 0.06338028169014084
1 0.46015625000000004 0.5152582159624414 0.026562500000000003 0.10093896713615023
1 0.43671875000000004 0.5082159624413146 0.0203125 0.08215962441314555
1 0.44375000000000003 0.5070422535211268 0.021875000000000002 0.08450704225352113
1 0.48046875 0.49765258215962443 0.0171875 0.06572769953051644
1 0.53046875 0.5164319248826291 0.0203125 0.07511737089201878
1 0.5554687500000001 0.5164319248826291 0.0234375 0.08450704225352113
1 0.603125 0.5176056338028169 0.021875000000000002 0.08215962441314555
1 0.6570312500000001 0.5176056338028169 0.0234375 0.08685446009389672
1 0.70078125 0.5211267605633803 0.0234375 0.08450704225352113
1 0.7718750000000001 0.5211267605633803 0.021875000000000002 0.08450704225352113
1 0.8070312500000001 0.5234741784037559 0.0234375 0.0892018779342723
1 0.84765625 0.5234741784037559 0.0234375 0.09389671361502347
1 0.89375 0.5246478873239436 0.025 0.09154929577464789
1 0.9382812500000001 0.5258215962441315 0.0234375 0.0892018779342723
1 0.9867187500000001 0.5269953051643192 0.026562500000000003 0.09624413145539906
1 0.9187500000000001 0.7382629107981221 0.07187500000000001 0.2699530516431925
1 0.83984375 0.7065727699530516 0.0671875 0.24413145539906103
1 0.8171875000000001 0.6772300469483569 0.0625 0.2323943661971831
1 0.9226562500000001 0.5046948356807511 0.0171875 0.06103286384976526
1 0.42734375 0.6044600938967136 0.0390625 0.1431924882629108
1 0.11640625 0.727699530516432 0.0734375 0.26760563380281693
1 0.14921875 0.6960093896713615 0.0671875 0.2511737089201878
1 0.16484375 0.6654929577464789 0.060937500000000006 0.22300469483568075
1 0.12187500000000001 0.4835680751173709 0.015625 0.06103286384976526
1 0.11093750000000001 0.4847417840375587 0.018750000000000003 0.06807511737089202
1 0.2578125 0.4894366197183099 0.015625 0.06338028169014084
1 0.33359375 0.4859154929577465 0.0171875 0.06572769953051644
1 0.58125 0.49882629107981225 0.015625 0.06338028169014084
1 0.5984375000000001 0.4812206572769953 0.0125 0.051643192488262914
1 0.7453125 0.5046948356807511 0.015625 0.06572769953051644
1 0.7578125 0.4953051643192488 0.018750000000000003 0.07042253521126761
1 0.6882812500000001 0.49765258215962443 0.0140625 0.056338028169014086
1 0.8390625 0.5046948356807511 0.015625 0.06103286384976526
1 0.80625 0.5011737089201878 0.018750000000000003 0.06807511737089202
1 0.9695312500000001 0.505868544600939 0.0171875 0.06807511737089202
1 0.88671875 0.505868544600939 0.0140625 0.05868544600938967
1 0.7289062500000001 0.49765258215962443 0.0171875 0.06572769953051644
1 0.55390625 0.4835680751173709 0.0140625 0.051643192488262914
1 0.07578125000000001 0.47769953051643194 0.0171875 0.05868544600938967
1 0.87890625 0.5035211267605634 0.0078125 0.05868544600938967
