1 0.07503001200480192 0.7526785714285714 0.12845138055222088 0.4660714285714286
1 0.18907563025210083 0.7598214285714285 0.1212484993997599 0.4446428571428571
1 0.2971188475390156 0.7580357142857143 0.11884753901560624 0.4303571428571428
1 0.4033613445378151 0.7508928571428571 0.12484993997599039 0.45535714285714285
1 0.42557022809123646 0.7687499999999999 0.10684273709483792 0.3875
1 0.5210084033613445 0.7642857142857142 0.12244897959183673 0.44285714285714284
1 0.6194477791116446 0.7633928571428571 0.12004801920768307 0.4375
1 0.6668667466986794 0.7723214285714285 0.10444177671068426 0.38035714285714284
1 0.7503001200480192 0.7633928571428571 0.10804321728691475 0.39464285714285713
1 0.8181272509003601 0.7625 0.1140456182472989 0.41428571428571426
1 0.9009603841536614 0.7633928571428571 0.10924369747899158 0.40178571428571425
1 0.963985594237695 0.7589285714285714 0.07202881152460984 0.4035714285714286
1 0.5732292917166867 0.7705357142857142 0.09723889555822328 0.35535714285714287
1 0.9399759903961584 0.6285714285714286 0.03601440576230492 0.06785714285714285
1 0.9129651860744297 0.6401785714285714 0.027611044417767103 0.06964285714285715
1 0.8361344537815125 0.6580357142857143 0.02280912364945978 0.0625
1 0.7172869147659063 0.6285714285714286 0.030012004801920768 0.06428571428571428
1 0.687875150060024 0.6446428571428571 0.026410564225690273 0.06428571428571428
1 0.542016806722689 0.6044642857142857 0.01800720288115246 0.07321428571428572
1 0.6422569027611044 0.6285714285714286 0.026410564225690273 0.05714285714285714
1 0.2779111644657863 0.59375 0.03481392557022809 0.06964285714285715
1 0.17887154861944776 0.5946428571428571 0.028811524609843937 0.07857142857142857
1 0.13025210084033612 0.5857142857142857 0.025210084033613443 0.07857142857142857
1 0.01140456182472989 0.7696428571428571 0.02280912364945978 0.19999999999999998
1 0.33433373349339734 0.6875 0.01800720288115246 0.06785714285714285
1 0.35114045618247297 0.6776785714285714 0.015606242496998799 0.09107142857142857
