1 0.09130434782608696 0.9368191721132898 0.026086956521739132 0.10021786492374729
1 0.11521739130434783 0.925925925925926 0.02753623188405797 0.10893246187363835
1 0.15942028985507248 0.9161220043572985 0.03768115942028986 0.14161220043572986
1 0.30434782608695654 0.9019607843137256 0.028985507246376812 0.11328976034858389
1 0.427536231884058 0.8823529411764707 0.02318840579710145 0.09150326797385622
1 0.48840579710144927 0.8801742919389979 0.02318840579710145 0.08714596949891068
1 0.5115942028985507 0.8692810457516341 0.017391304347826087 0.06535947712418301
1 0.5739130434782609 0.8692810457516341 0.020289855072463767 0.08278867102396514
1 0.5898550724637681 0.8758169934640524 0.020289855072463767 0.07843137254901962
1 0.6210144927536232 0.8594771241830066 0.01884057971014493 0.07625272331154685
1 0.7195652173913043 0.837690631808279 0.013043478260869566 0.050108932461873645
1 0.7905797101449276 0.8540305010893247 0.01884057971014493 0.06971677559912855
1 0.8115942028985508 0.8529411764705883 0.017391304347826087 0.07189542483660132
1 0.8463768115942029 0.8496732026143792 0.017391304347826087 0.06971677559912855
1 0.9007246376811594 0.8213507625272332 0.013043478260869566 0.04793028322440088
1 0.9108695652173913 0.8224400871459696 0.013043478260869566 0.050108932461873645
1 0.9528985507246377 0.8278867102396515 0.015942028985507246 0.06100217864923748
1 0.9702898550724638 0.8213507625272332 0.015942028985507246 0.056644880174291944
1 0.9833333333333334 0.8224400871459696 0.013043478260869566 0.050108932461873645
1 0.5942028985507246 0.8398692810457518 0.011594202898550725 0.03703703703703704
1 0.7333333333333334 0.8387799564270153 0.014492753623188406 0.04793028322440088
