1 0.09583333333333334 0.552896725440806 0.025 0.0982367758186398
1 0.12083333333333333 0.5554156171284634 0.035 0.12846347607052896
1 0.14916666666666667 0.5642317380352645 0.04166666666666667 0.15113350125944583
1 0.20083333333333334 0.570528967254408 0.045000000000000005 0.16876574307304784
1 0.24416666666666667 0.5806045340050378 0.05166666666666667 0.19395465994962216
1 0.2866666666666667 0.5604534005037783 0.030000000000000002 0.11838790931989925
1 0.3325 0.5667506297229219 0.035 0.13602015113350124
1 0.36583333333333334 0.6020151133501259 0.06166666666666667 0.2367758186397985
1 0.41250000000000003 0.5692695214105793 0.04166666666666667 0.1561712846347607
1 0.3975 0.5503778337531486 0.021666666666666667 0.08816120906801007
1 0.22916666666666669 0.5591939546599496 0.028333333333333335 0.11083123425692695
1 0.1125 0.5566750629722922 0.028333333333333335 0.11083123425692695
1 0.43083333333333335 0.5591939546599496 0.03166666666666667 0.1158690176322418
1 0.44333333333333336 0.5516372795969773 0.023333333333333334 0.0906801007556675
1 0.45333333333333337 0.552896725440806 0.016666666666666666 0.06801007556675062
1 0.49500000000000005 0.6196473551637279 0.07666666666666667 0.28211586901763225
1 0.6191666666666668 0.5982367758186398 0.05166666666666667 0.198992443324937
1 0.5616666666666666 0.570528967254408 0.03666666666666667 0.14357682619647355
1 0.545 0.5629722921914357 0.030000000000000002 0.10831234256926951
1 0.5825 0.5591939546599496 0.021666666666666667 0.08564231738035265
1 0.6791666666666667 0.5831234256926952 0.04166666666666667 0.15365239294710328
1 0.7166666666666667 0.5818639798488665 0.030000000000000002 0.1158690176322418
1 0.7408333333333333 0.5730478589420654 0.028333333333333335 0.10831234256926951
1 0.7575000000000001 0.561712846347607 0.021666666666666667 0.08564231738035265
1 0.9833333333333334 0.5579345088161209 0.013333333333333334 0.04785894206549118
1 0.9666666666666667 0.570528967254408 0.02 0.07808564231738035
1 0.9116666666666667 0.535264483627204 0.01 0.03778337531486146
1 0.9025000000000001 0.5554156171284634 0.011666666666666667 0.04785894206549118
1 0.8675 0.5654911838790931 0.021666666666666667 0.08312342569269521
1 0.8425 0.5629722921914357 0.018333333333333333 0.07304785894206549
1 0.8200000000000001 0.561712846347607 0.023333333333333334 0.0906801007556675
1 0.8066666666666668 0.5604534005037783 0.02 0.07304785894206549
1 0.7983333333333333 0.5579345088161209 0.013333333333333334 0.0579345088161209
1 0.7725000000000001 0.561712846347607 0.018333333333333333 0.07556675062972291
1 0.6483333333333334 0.5604534005037783 0.023333333333333334 0.09319899244332494
1 0.5258333333333334 0.544080604534005 0.018333333333333333 0.07556675062972291
1 0.2941666666666667 0.5491183879093199 0.021666666666666667 0.08060453400503778
1 0.8833333333333334 0.5717884130982368 0.016666666666666666 0.04534005037783375
1 0.8583333333333334 0.570528967254408 0.01 0.042821158690176324
1 0.7275 0.397984886649874 0.04166666666666667 0.1158690176322418
1 0.6833333333333333 0.3702770780856423 0.01 0.04030226700251889
1 0.6666666666666667 0.36523929471032746 0.023333333333333334 0.060453400503778336
1 0.6308333333333334 0.3967254408060453 0.028333333333333335 0.06297229219143577
1 0.5900000000000001 0.4105793450881612 0.016666666666666666 0.07556675062972291
1 0.6058333333333333 0.4080604534005038 0.018333333333333333 0.07556675062972291
1 0.5533333333333333 0.4596977329974811 0.03666666666666667 0.04785894206549118
