1 0.37333333333333335 0.6474074074074073 0.02 0.06518518518518518
1 0.9072222222222223 0.6822222222222222 0.023333333333333334 0.07555555555555556
1 0.7722222222222223 0.5829629629629629 0.013333333333333332 0.048888888888888885
1 0.7444444444444445 0.5785185185185185 0.013333333333333332 0.045925925925925926
1 0.7222222222222222 0.577037037037037 0.013333333333333332 0.045925925925925926
1 0.7116666666666667 0.5748148148148148 0.014444444444444444 0.047407407407407405
1 0.8194444444444444 0.5859259259259259 0.0077777777777777776 0.028148148148148148
1 0.8316666666666667 0.5785185185185185 0.01 0.037037037037037035
1 0.8388888888888889 0.5792592592592593 0.011111111111111112 0.038518518518518514
1 0.99 0.6933333333333332 0.02 0.08
1 0.8644444444444445 0.5355555555555556 0.008888888888888889 0.028148148148148148
1 0.9155555555555556 0.52 0.006666666666666666 0.026666666666666665
1 0.9633333333333334 0.5259259259259259 0.006666666666666666 0.023703703703703703
1 0.9027777777777778 0.5562962962962963 0.01 0.03111111111111111
1 0.8994444444444445 0.5474074074074073 0.003333333333333333 0.016296296296296295
1 0.018333333333333333 0.497037037037037 0.0077777777777777776 0.028148148148148148
1 0.025555555555555557 0.49481481481481476 0.006666666666666666 0.026666666666666665
1 0.06277777777777778 0.4822222222222222 0.0077777777777777776 0.025185185185185185
1 0.07111111111111111 0.48518518518518516 0.006666666666666666 0.025185185185185185
1 0.075 0.48592592592592593 0.0077777777777777776 0.026666666666666665
1 0.09055555555555556 0.4837037037037037 0.005555555555555556 0.02222222222222222
1 0.09722222222222222 0.4822222222222222 0.0077777777777777776 0.025185185185185185
1 0.10777777777777778 0.4829629629629629 0.006666666666666666 0.023703703703703703
1 0.11277777777777778 0.4829629629629629 0.005555555555555556 0.02074074074074074
1 0.11722222222222223 0.4837037037037037 0.005555555555555556 0.02222222222222222
1 0.12166666666666667 0.4829629629629629 0.005555555555555556 0.023703703703703703
1 0.13 0.4844444444444444 0.006666666666666666 0.026666666666666665
1 0.18333333333333332 0.4925925925925926 0.006666666666666666 0.025185185185185185
1 0.2038888888888889 0.49037037037037035 0.0077777777777777776 0.026666666666666665
1 0.20944444444444443 0.4874074074074074 0.0077777777777777776 0.026666666666666665
1 0.2538888888888889 0.48666666666666664 0.0077777777777777776 0.028148148148148148
1 0.2827777777777778 0.49481481481481476 0.005555555555555556 0.023703703703703703
1 0.2688888888888889 0.497037037037037 0.006666666666666666 0.025185185185185185
1 0.2972222222222222 0.48666666666666664 0.0077777777777777776 0.025185185185185185
1 0.33 0.49777777777777776 0.006666666666666666 0.023703703703703703
1 0.3227777777777778 0.48666666666666664 0.0077777777777777776 0.025185185185185185
1 0.34833333333333333 0.5014814814814814 0.0077777777777777776 0.025185185185185185
1 0.3611111111111111 0.49925925925925924 0.006666666666666666 0.026666666666666665
1 0.3827777777777778 0.517037037037037 0.01 0.03259259259259259
1 0.39944444444444444 0.5 0.005555555555555556 0.02222222222222222
1 0.42388888888888887 0.5044444444444445 0.0077777777777777776 0.028148148148148148
1 0.4527777777777778 0.5074074074074074 0.0077777777777777776 0.025185185185185185
1 0.48833333333333334 0.5088888888888888 0.0077777777777777776 0.025185185185185185
1 0.5111111111111111 0.5162962962962963 0.008888888888888889 0.03407407407407407
1 0.5222222222222223 0.5222222222222221 0.008888888888888889 0.03111111111111111
1 0.585 0.542962962962963 0.012222222222222223 0.04
1 0.5944444444444444 0.542962962962963 0.013333333333333332 0.04296296296296296
1 0.6044444444444445 0.5422222222222222 0.013333333333333332 0.04444444444444444
1 0.5705555555555556 0.5303703703703704 0.01 0.03259259259259259
1 0.7144444444444444 0.5274074074074074 0.011111111111111112 0.035555555555555556
1 0.725 0.5125925925925926 0.005555555555555556 0.023703703703703703
1 0.7422222222222222 0.5333333333333333 0.008888888888888889 0.03259259259259259
1 0.7716666666666666 0.534074074074074 0.0077777777777777776 0.028148148148148148
1 0.775 0.5118518518518518 0.005555555555555556 0.02222222222222222
1 0.7666666666666667 0.5111111111111111 0.006666666666666666 0.023703703703703703
1 0.7616666666666667 0.5296296296296296 0.01 0.03111111111111111
1 0.7483333333333333 0.5148148148148148 0.0077777777777777776 0.025185185185185185
1 0.8166666666666667 0.5207407407407407 0.006666666666666666 0.025185185185185185
1 0.8111111111111111 0.5266666666666666 0.006666666666666666 0.025185185185185185
1 0.8083333333333333 0.517037037037037 0.01 0.03259259259259259
1 0.7005555555555556 0.5207407407407407 0.0077777777777777776 0.028148148148148148
1 0.7061111111111111 0.5214814814814814 0.0077777777777777776 0.026666666666666665
1 0.685 0.5222222222222221 0.0077777777777777776 0.028148148148148148
1 0.68 0.5222222222222221 0.008888888888888889 0.028148148148148148
1 0.6938888888888889 0.5237037037037037 0.01 0.03111111111111111
1 0.5344444444444444 0.5192592592592592 0.0044444444444444444 0.019259259259259257
1 0.5394444444444444 0.5044444444444445 0.0077777777777777776 0.025185185185185185
1 0.5455555555555556 0.5059259259259259 0.006666666666666666 0.025185185185185185
1 0.5511111111111111 0.5037037037037037 0.006666666666666666 0.023703703703703703
1 0.41555555555555557 0.49777777777777776 0.006666666666666666 0.023703703703703703
1 0.5033333333333333 0.5237037037037037 0.0044444444444444444 0.019259259259259257
1 0.37722222222222224 0.49037037037037035 0.005555555555555556 0.023703703703703703
1 0.4011111111111111 0.4666666666666666 0.0044444444444444444 0.017777777777777778
1 0.4072222222222222 0.46518518518518515 0.003333333333333333 0.014814814814814814
1 0.405 0.47777777777777775 0.003333333333333333 0.013333333333333332
1 0.3888888888888889 0.47407407407407404 0.0022222222222222222 0.011851851851851851
1 0.3088888888888889 0.4837037037037037 0.006666666666666666 0.025185185185185185
1 0.31444444444444447 0.4829629629629629 0.006666666666666666 0.026666666666666665
1 0.3188888888888889 0.4844444444444444 0.006666666666666666 0.023703703703703703
1 0.38222222222222224 0.4896296296296296 0.006666666666666666 0.02222222222222222
1 0.3655555555555556 0.4896296296296296 0.006666666666666666 0.02222222222222222
1 0.395 0.4911111111111111 0.005555555555555556 0.02222222222222222
1 0.19111111111111112 0.4829629629629629 0.006666666666666666 0.02074074074074074
1 0.19777777777777777 0.4844444444444444 0.006666666666666666 0.02074074074074074
1 0.21833333333333332 0.4829629629629629 0.005555555555555556 0.023703703703703703
1 0.22444444444444445 0.4829629629629629 0.006666666666666666 0.023703703703703703
1 0.23166666666666666 0.48518518518518516 0.005555555555555556 0.02222222222222222
1 0.2411111111111111 0.4837037037037037 0.006666666666666666 0.02222222222222222
1 0.26 0.4837037037037037 0.006666666666666666 0.025185185185185185
1 0.16944444444444445 0.4837037037037037 0.0077777777777777776 0.025185185185185185
1 0.16 0.4829629629629629 0.006666666666666666 0.023703703703703703
1 0.07833333333333334 0.48518518518518516 0.0077777777777777776 0.025185185185185185
1 0.03333333333333333 0.48592592592592593 0.008888888888888889 0.029629629629629627
1 0.012222222222222223 0.49037037037037035 0.006666666666666666 0.023703703703703703
1 0.10277777777777777 0.4822222222222222 0.0077777777777777776 0.025185185185185185
1 0.17444444444444446 0.4829629629629629 0.006666666666666666 0.023703703703703703
1 0.17777777777777778 0.4829629629629629 0.006666666666666666 0.02074074074074074
1 0.7422222222222222 0.5081481481481481 0.006666666666666666 0.014814814814814814
1 0.9927777777777778 0.7585185185185185 0.012222222222222223 0.056296296296296296
1 0.9766666666666667 0.7644444444444444 0.026666666666666665 0.04444444444444444
1 0.9122222222222223 0.6644444444444444 0.015555555555555555 0.04
