1 0.05 0.45 0.08666666666666667 0.315
1 0.16166666666666668 0.42375 0.08666666666666667 0.3175
1 0.23 0.40750000000000003 0.08333333333333334 0.305
1 0.2966666666666667 0.40125 0.04666666666666667 0.17250000000000001
1 0.35500000000000004 0.3975 0.043333333333333335 0.165
1 0.385 0.38625 0.043333333333333335 0.1675
1 0.4366666666666667 0.42625 0.07666666666666667 0.28250000000000003
1 0.5991666666666667 0.3925 0.07166666666666667 0.26
1 0.6766666666666667 0.395 0.07 0.26
1 0.7150000000000001 0.4025 0.11666666666666667 0.43
1 0.9058333333333334 0.405 0.12833333333333335 0.47500000000000003
1 0.014166666666666668 0.335 0.028333333333333335 0.105
1 0.26166666666666666 0.33875 0.02666666666666667 0.0525
1 0.5475 0.395 0.03166666666666667 0.19
1 0.8300000000000001 0.41875 0.07666666666666667 0.4675
1 0.9641666666666667 0.40875 0.065 0.5125
