1 0.42500000000000004 0.58 0.27666666666666667 0.505
1 0.09833333333333334 0.3975 0.16333333333333333 0.3
1 0.22 0.39625 0.10666666666666667 0.1975
1 0.26333333333333336 0.39125 0.1 0.1825
1 0.5066666666666667 0.3575 0.07333333333333333 0.135
1 0.5816666666666667 0.38125000000000003 0.09666666666666668 0.1775
1 0.6316666666666667 0.3825 0.09666666666666668 0.17500000000000002
1 0.03833333333333334 0.39625 0.07666666666666667 0.2025
1 0.19166666666666668 0.38875 0.09666666666666668 0.1775
1 0.555 0.38125000000000003 0.09000000000000001 0.1675
1 0.10333333333333335 0.02625 0.02666666666666667 0.0525
1 0.405 0.01625 0.016666666666666666 0.0325
1 0.27 0.02875 0.02666666666666667 0.0575
1 0.03666666666666667 0.02375 0.02666666666666667 0.0475
1 0.01 0.02375 0.02 0.0475
1 0.8616666666666667 0.3075 0.05 0.1
1 0.8416666666666667 0.28750000000000003 0.043333333333333335 0.085
1 0.8033333333333333 0.27625 0.04666666666666667 0.08750000000000001
1 0.7616666666666667 0.25375000000000003 0.03666666666666667 0.0675
1 0.7416666666666667 0.215 0.03666666666666667 0.07
1 0.6166666666666667 0.17500000000000002 0.02 0.04
1 0.8200000000000001 0.265 0.03333333333333333 0.07
1 0.4216666666666667 0.1925 0.03666666666666667 0.055
1 0.455 0.22625 0.030000000000000002 0.0425
1 0.5333333333333333 0.1775 0.05333333333333334 0.055
1 0.5566666666666668 0.2325 0.03333333333333333 0.04
1 0.5883333333333334 0.25625 0.030000000000000002 0.0525
1 0.625 0.275 0.03666666666666667 0.035
1 0.665 0.27375 0.03666666666666667 0.0275
1 0.7016666666666667 0.28375 0.030000000000000002 0.0375
1 0.47500000000000003 0.06375 0.023333333333333334 0.0525
1 0.4416666666666667 0.06375 0.030000000000000002 0.0575
1 0.4 0.06375 0.04666666666666667 0.0625
1 0.29500000000000004 0.05375 0.06333333333333334 0.0625
1 0.8616666666666667 0.1675 0.043333333333333335 0.04
1 0.9083333333333334 0.3025 0.030000000000000002 0.05
1 0.81 0.17875 0.02666666666666667 0.0275
1 0.7833333333333334 0.17625 0.02666666666666667 0.0275
1 0.76 0.17500000000000002 0.02 0.025
1 0.7350000000000001 0.1675 0.023333333333333334 0.015
1 0.9566666666666668 0.21625 0.02666666666666667 0.0275
1 0.9883333333333334 0.24625 0.016666666666666666 0.0275
1 0.9616666666666668 0.24375 0.030000000000000002 0.0225
1 0.9716666666666667 0.2675 0.023333333333333334 0.02
1 0.9883333333333334 0.27125 0.01 0.0175
1 0.9716666666666667 0.29625 0.023333333333333334 0.0275
1 0.9900000000000001 0.29625 0.013333333333333334 0.0325
1 0.8783333333333334 0.28125 0.016666666666666666 0.0275
1 0.9033333333333334 0.265 0.03333333333333333 0.025
1 0.305 0.27875 0.03666666666666667 0.0425
1 0.2733333333333334 0.27875 0.02666666666666667 0.0475
1 0.24500000000000002 0.27375 0.023333333333333334 0.0425
1 0.22 0.2725 0.03333333333333333 0.04
1 0.19 0.2725 0.02666666666666667 0.04
1 0.14666666666666667 0.2425 0.02666666666666667 0.03
1 0.15166666666666667 0.21375 0.030000000000000002 0.0225
1 0.13166666666666668 0.1875 0.030000000000000002 0.03
1 0.10166666666666667 0.1825 0.030000000000000002 0.055
1 0.05333333333333334 0.17500000000000002 0.04 0.05
1 0.07166666666666667 0.26875 0.03666666666666667 0.0275
1 0.05666666666666667 0.23875000000000002 0.03333333333333333 0.0225
1 0.04166666666666667 0.21375 0.030000000000000002 0.0225
1 0.07 0.2125 0.02666666666666667 0.025
1 0.18333333333333335 0.17250000000000001 0.03333333333333333 0.05
1 0.22166666666666668 0.17250000000000001 0.03666666666666667 0.035
1 0.23333333333333334 0.14375000000000002 0.03333333333333333 0.0275
1 0.2816666666666667 0.17 0.043333333333333335 0.03
1 0.26166666666666666 0.19875 0.030000000000000002 0.0325
1 0.3516666666666667 0.2025 0.03666666666666667 0.045
1 0.32 0.19875 0.02666666666666667 0.0425
1 0.03666666666666667 0.1275 0.03333333333333333 0.04
1 0.018333333333333333 0.09375 0.030000000000000002 0.0275
1 0.013333333333333334 0.07125000000000001 0.02666666666666667 0.0175
1 0.060000000000000005 0.10125 0.02 0.0225
1 0.08 0.11750000000000001 0.02 0.025
1 0.08666666666666667 0.0975 0.02 0.025
1 0.115 0.11125 0.030000000000000002 0.0475
1 0.38833333333333336 0.1975 0.043333333333333335 0.07
1 0.34833333333333333 0.24625 0.023333333333333334 0.0425
1 0.37833333333333335 0.2425 0.023333333333333334 0.03
1 0.18500000000000003 0.23750000000000002 0.030000000000000002 0.03
1 0.21166666666666667 0.23750000000000002 0.030000000000000002 0.03
1 0.18333333333333335 0.21 0.02666666666666667 0.025
1 0.24500000000000002 0.24 0.023333333333333334 0.035
1 0.265 0.23500000000000001 0.023333333333333334 0.035
1 0.2866666666666667 0.23625000000000002 0.02 0.0325
1 0.31833333333333336 0.23875000000000002 0.030000000000000002 0.0325
