1 0.07 0.49624060150375937 0.13 0.48621553884711777
1 0.17250000000000001 0.5075187969924811 0.125 0.46365914786967416
1 0.3383333333333334 0.525062656641604 0.13 0.48370927318295737
1 0.405 0.47243107769423553 0.11 0.40350877192982454
1 0.48583333333333334 0.5413533834586466 0.14500000000000002 0.5363408521303258
1 0.5125000000000001 0.5401002506265664 0.11166666666666668 0.41854636591478694
1 0.6541666666666667 0.556390977443609 0.15166666666666667 0.5614035087719298
1 0.7025 0.5426065162907268 0.14833333333333334 0.5438596491228069
1 0.77 0.5764411027568922 0.16 0.5964912280701754
1 0.8283333333333334 0.5601503759398496 0.17666666666666667 0.6541353383458646
1 0.8516666666666667 0.612781954887218 0.18333333333333335 0.6741854636591478
1 0.9091666666666667 0.506265664160401 0.12166666666666667 0.44611528822055135
1 0.20750000000000002 0.3270676691729323 0.015000000000000001 0.05263157894736842
1 0.21916666666666668 0.3283208020050125 0.011666666666666667 0.05012531328320802
1 0.2325 0.3358395989974937 0.011666666666666667 0.05012531328320802
1 0.03166666666666667 0.556390977443609 0.05666666666666667 0.19047619047619047
1 0.16583333333333333 0.5927318295739348 0.10166666666666667 0.17293233082706766
1 0.6058333333333333 0.5263157894736842 0.04833333333333334 0.08521303258145363
1 0.3458333333333334 0.3157894736842105 0.035 0.05513784461152882
