1 0.45625 0.48829787234042554 0.0175 0.07446808510638298
1 0.6062500000000001 0.46382978723404256 0.0125 0.059574468085106386
1 0.618125 0.522340425531915 0.01125 0.05319148936170213
1 0.6587500000000001 0.6074468085106383 0.0225 0.09574468085106383
1 0.043750000000000004 0.7468085106382979 0.025 0.1021276595744681
1 0.114375 0.7361702127659575 0.01875 0.08085106382978724
1 0.1625 0.7404255319148936 0.015 0.06382978723404255
1 0.6481250000000001 0.823404255319149 0.02125 0.09361702127659574
1 0.615 0.8553191489361702 0.0225 0.09787234042553192
1 0.6275000000000001 0.7872340425531915 0.0225 0.09787234042553192
1 0.669375 0.8531914893617022 0.02375 0.09787234042553192
1 0.295 0.8457446808510638 0.025 0.10425531914893617
1 0.251875 0.8436170212765958 0.02625 0.10851063829787234
1 0.21 0.823404255319149 0.025 0.1021276595744681
1 0.27625 0.823404255319149 0.025 0.10638297872340426
1 0.318125 0.8191489361702128 0.02375 0.10638297872340426
1 0.34 0.8468085106382979 0.025 0.11063829787234043
1 0.3575 0.8191489361702128 0.025 0.10638297872340426
1 0.38625 0.848936170212766 0.025 0.11063829787234043
1 0.41125 0.825531914893617 0.0225 0.09787234042553192
1 0.4225 0.7978723404255319 0.025 0.11063829787234043
1 0.520625 0.8372340425531914 0.02375 0.10425531914893617
1 0.56625 0.8627659574468085 0.02 0.08297872340425531
1 0.7056250000000001 0.8393617021276596 0.02125 0.09574468085106383
1 0.683125 0.8053191489361702 0.02125 0.09574468085106383
1 0.7375 0.8191489361702128 0.02 0.0851063829787234
1 0.765625 0.7893617021276595 0.02125 0.09361702127659574
1 0.785 0.7680851063829788 0.0225 0.09361702127659574
