1 0.3833333333333333 0.544404973357016 0.12666666666666665 0.413854351687389
1 0.044 0.42984014209591476 0.06666666666666667 0.2202486678507993
1 0.094 0.4404973357015986 0.05733333333333333 0.1847246891651865
1 0.15266666666666667 0.42984014209591476 0.05466666666666666 0.18117229129662524
1 0.23066666666666666 0.4129662522202487 0.06133333333333333 0.20071047957371227
1 0.25666666666666665 0.40230905861456484 0.05466666666666666 0.17939609236234458
1 0.27599999999999997 0.4484902309058615 0.04 0.1296625222024867
1 0.30466666666666664 0.42451154529307283 0.04933333333333333 0.1669626998223801
1 0.39466666666666667 0.40674955595026646 0.058666666666666666 0.19182948490230906
1 0.4513333333333333 0.42007104795737127 0.04933333333333333 0.16518650088809947
1 0.478 0.4182948490230906 0.052 0.16873889875666076
1 0.49866666666666665 0.41563055062166965 0.056 0.18117229129662524
1 0.534 0.41563055062166965 0.05466666666666666 0.18117229129662524
1 0.5599999999999999 0.4120781527531084 0.056 0.1847246891651865
1 0.6006666666666667 0.3987566607460036 0.05466666666666666 0.18294849023090587
1 0.6406666666666666 0.40230905861456484 0.05466666666666666 0.18294849023090587
1 0.6866666666666666 0.3969804618117229 0.050666666666666665 0.16518650088809947
1 0.73 0.39253996447602135 0.05466666666666666 0.17761989342806395
1 0.7073333333333333 0.38809946714031973 0.05466666666666666 0.17939609236234458
1 0.6573333333333333 0.3836589698046181 0.05333333333333333 0.17761989342806395
1 0.766 0.3969804618117229 0.052 0.16873889875666076
1 0.7959999999999999 0.40319715808170514 0.050666666666666665 0.16341030195381884
1 0.824 0.4005328596802842 0.05333333333333333 0.17939609236234458
1 0.85 0.3978685612788633 0.05733333333333333 0.19182948490230906
1 0.8913333333333333 0.3996447602131439 0.05733333333333333 0.1882770870337478
1 0.9813333333333333 0.391651865008881 0.03733333333333333 0.19715808170515098
1 0.97 0.3605683836589698 0.06 0.20959147424511546
1 0.9046666666666666 0.43872113676731794 0.03866666666666667 0.13143872113676733
1 0.6713333333333333 0.46092362344582594 0.030666666666666665 0.10124333925399645
1 0.10533333333333333 0.4502664298401421 0.04 0.13321492007104796
1 0.18133333333333332 0.413854351687389 0.04 0.13143872113676733
1 0.962 0.4280639431616341 0.06266666666666666 0.14920071047957373
1 0.8753333333333333 0.39431616341030196 0.022666666666666665 0.06394316163410302
1 0.8913333333333333 0.4706927175843695 0.052 0.1172291296625222
1 0.874 0.3197158081705151 0.022666666666666665 0.04973357015985791
1 0.8966666666666666 0.2921847246891652 0.025333333333333333 0.03730017761989343
1 0.8433333333333333 0.4689165186500888 0.04133333333333333 0.12078152753108348
1 0.7966666666666666 0.46714031971580816 0.044 0.12078152753108348
1 0.77 0.4760213143872114 0.030666666666666665 0.09236234458259325
1 0.7326666666666667 0.4626998223801066 0.03866666666666667 0.12255772646536413
1 0.6766666666666666 0.4618117229129663 0.06533333333333333 0.1172291296625222
1 0.754 0.31438721136767317 0.030666666666666665 0.056838365896980464
1 0.8119999999999999 0.31705150976909413 0.021333333333333333 0.04440497335701599
1 0.6186666666666667 0.4129662522202487 0.016 0.06927175843694494
1 0.6186666666666667 0.32060390763765545 0.018666666666666665 0.09058614564831262
1 0.5459999999999999 0.33037300177619894 0.02 0.04262877442273535
1 0.582 0.3241563055062167 0.025333333333333333 0.055062166962699825
1 0.4646666666666667 0.34369449378330375 0.02 0.04085257548845471
1 0.48533333333333334 0.33481349911190056 0.016 0.04085257548845471
1 0.408 0.33570159857904086 0.016 0.024866785079928955
1 0.35866666666666663 0.34902309058614567 0.04533333333333333 0.06216696269982238
1 0.32466666666666666 0.3605683836589698 0.025333333333333333 0.05328596802841919
1 0.30733333333333335 0.3321492007104796 0.02 0.03907637655417407
1 0.3313333333333333 0.3374777975133215 0.02 0.03197158081705151
1 0.2866666666666667 0.35879218472468916 0.021333333333333333 0.056838365896980464
1 0.16533333333333333 0.3419182948490231 0.018666666666666665 0.055062166962699825
1 0.20199999999999999 0.3685612788632327 0.030666666666666665 0.06927175843694494
1 0.018666666666666665 0.347246891651865 0.021333333333333333 0.03730017761989343
1 0.056 0.35168738898756663 0.018666666666666665 0.06039076376554174
1 0.07533333333333334 0.3561278863232682 0.022666666666666665 0.05150976909413855
1 0.06933333333333333 0.3232682060390764 0.024 0.035523978685612786
1 0.092 0.3383658969804618 0.018666666666666665 0.03374777975133215
1 0.12933333333333333 0.37033747779751336 0.024 0.07282415630550622
1 0.14933333333333332 0.33126110124333924 0.024 0.026642984014209593
