1 0.08666666666666667 0.74 0.13333333333333333 0.49
1 0.22666666666666668 0.69875 0.11 0.4025
1 0.33166666666666667 0.7262500000000001 0.11 0.4025
1 0.3816666666666667 0.75625 0.12666666666666668 0.4625
1 0.43750000000000006 0.7425 0.12833333333333335 0.47500000000000003
1 0.5341666666666667 0.74625 0.135 0.4925
1 0.5991666666666667 0.75125 0.12833333333333335 0.47750000000000004
1 0.6333333333333334 0.73375 0.13 0.4825
1 0.7375 0.7375 0.13833333333333334 0.51
1 0.8491666666666667 0.75375 0.13166666666666668 0.4825
1 0.9466666666666668 0.75875 0.10666666666666667 0.4675
1 0.48750000000000004 0.56125 0.058333333333333334 0.0975
1 0.665 0.54125 0.030000000000000002 0.0625
1 0.7033333333333334 0.5175 0.030000000000000002 0.11
1 0.8275 0.55625 0.03166666666666667 0.0725
1 0.8841666666666668 0.5675 0.025 0.065
1 0.9291666666666667 0.55875 0.021666666666666667 0.0775
1 0.9091666666666667 0.56875 0.015000000000000001 0.0525
1 0.9841666666666667 0.56625 0.028333333333333335 0.1075
1 0.34750000000000003 0.4 0.24166666666666667 0.335
1 0.44833333333333336 0.245 0.04666666666666667 0.115
1 0.48500000000000004 0.2325 0.03666666666666667 0.13
1 0.5158333333333334 0.28125 0.04166666666666667 0.0825
1 0.5458333333333334 0.20375000000000001 0.035 0.0675
1 0.5708333333333334 0.31625000000000003 0.04833333333333334 0.0825
1 0.6166666666666667 0.27125 0.05666666666666667 0.1775
1 0.665 0.36 0.10333333333333335 0.12
1 0.7358333333333333 0.38375000000000004 0.035 0.0825
1 0.7908333333333334 0.42125 0.08833333333333333 0.1225
1 0.8725 0.36 0.065 0.13
1 0.9208333333333334 0.385 0.03166666666666667 0.085
1 0.9500000000000001 0.24875 0.09333333333333334 0.14250000000000002
1 0.8708333333333333 0.21125 0.135 0.1575
1 0.7758333333333334 0.24625 0.06833333333333334 0.1675
1 0.7233333333333334 0.20500000000000002 0.04 0.085
