1 0.728 0.3177083333333333 0.048 0.2048611111111111
1 0.805 0.2777777777777778 0.042 0.18055555555555555
1 0.966 0.7881944444444444 0.068 0.4097222222222222
1 0.772 0.8211805555555555 0.08 0.3368055555555555
1 0.226 0.8506944444444444 0.048 0.21527777777777776
1 0.307 0.8055555555555555 0.046 0.20138888888888887
1 0.171 0.18402777777777776 0.03 0.13194444444444445
1 0.226 0.16666666666666666 0.028 0.13194444444444445
1 0.15 0.078125 0.012 0.05208333333333333
1 0.163 0.07118055555555555 0.01 0.04513888888888889
1 0.139 0.5746527777777778 0.01 0.04513888888888889
1 0.65 0.07465277777777778 0.008 0.04513888888888889
1 0.679 0.06944444444444445 0.01 0.041666666666666664
1 0.116 0.07118055555555555 0.008 0.03819444444444444
1 0.121 0.5763888888888888 0.01 0.041666666666666664
1 0.157 0.5763888888888888 0.01 0.041666666666666664
1 0.221 0.5711805555555555 0.01 0.04513888888888889
1 0.629 0.06597222222222222 0.006 0.034722222222222224
1 0.75 0.057291666666666664 0.012 0.05208333333333333
