1 0.060937500000000006 0.5023041474654378 0.12187500000000001 0.5023041474654378
1 0.07734375 0.43894009216589863 0.0421875 0.1497695852534562
1 0.09375 0.45276497695852536 0.034375 0.12672811059907835
1 0.12265625000000001 0.4400921658986175 0.045312500000000006 0.16589861751152074
1 0.16562500000000002 0.4539170506912442 0.028125 0.10599078341013825
1 0.22734375 0.45506912442396313 0.045312500000000006 0.16359447004608296
1 0.26406250000000003 0.48847926267281105 0.065625 0.23963133640552994
1 0.27421875 0.5023041474654378 0.09843750000000001 0.35944700460829493
1 0.34453125 0.4815668202764977 0.0671875 0.2488479262672811
1 0.69453125 0.5691244239631337 0.1171875 0.41935483870967744
1 0.7523437500000001 0.5011520737327189 0.0703125 0.2511520737327189
1 0.7781250000000001 0.5195852534562212 0.05625 0.20967741935483872
1 0.84765625 0.4642857142857143 0.0328125 0.12211981566820276
1 0.8796875000000001 0.47119815668202764 0.034375 0.12672811059907835
1 0.92734375 0.5092165898617511 0.0734375 0.2626728110599078
1 0.9773437500000001 0.47119815668202764 0.045312500000000006 0.16820276497695852
1 0.8148437500000001 0.45852534562211983 0.029687500000000002 0.11059907834101382
1 0.23359375000000002 0.4815668202764977 0.026562500000000003 0.0967741935483871
1 0.53125 0.5472350230414746 0.134375 0.4861751152073733
1 0.58828125 0.5391705069124424 0.1046875 0.3824884792626728
1 0.44765625000000003 0.4838709677419355 0.0484375 0.11981566820276497
1 0.49765625 0.4043778801843318 0.029687500000000002 0.09907834101382489
1 0.78046875 0.41935483870967744 0.035937500000000004 0.11059907834101382
1 0.43671875000000004 0.19470046082949308 0.045312500000000006 0.09907834101382489
