1 0.129 0.88 0.066 0.224
1 0.189 0.8906666666666666 0.062 0.208
1 0.229 0.8666666666666666 0.046 0.14933333333333332
1 0.291 0.9066666666666666 0.054 0.176
1 0.342 0.8893333333333333 0.064 0.216
1 0.487 0.892 0.054 0.184
1 0.41600000000000004 0.8853333333333333 0.048 0.16533333333333333
1 0.521 0.8653333333333333 0.038 0.12533333333333332
1 0.546 0.8626666666666667 0.032 0.10933333333333332
1 0.5670000000000001 0.8613333333333333 0.03 0.10666666666666666
1 0.618 0.868 0.036000000000000004 0.12533333333333332
1 0.66 0.8933333333333333 0.056 0.192
1 0.681 0.8826666666666666 0.058 0.19733333333333333
1 0.055 0.8866666666666666 0.066 0.216
1 0.267 0.8173333333333334 0.014 0.050666666666666665
1 0.46 0.8306666666666667 0.016 0.056
1 0.718 0.848 0.028 0.096
1 0.736 0.848 0.028 0.096
1 0.812 0.9066666666666666 0.052000000000000005 0.176
1 0.757 0.8346666666666667 0.022 0.08
1 0.892 0.8986666666666666 0.056 0.192
1 0.864 0.876 0.044 0.14133333333333334
1 0.636 0.8533333333333333 0.04 0.128
1 0.9450000000000001 0.8426666666666667 0.054 0.096
1 0.17500000000000002 0.816 0.03 0.05333333333333333
