1 0.9018518518518519 0.39755351681957185 0.07777777777777778 0.3180428134556575
1 0.8314814814814815 0.38990825688073394 0.07407407407407407 0.2966360856269113
1 0.7564814814814815 0.3868501529051988 0.06851851851851852 0.2782874617737003
1 0.7018518518518518 0.36085626911314983 0.06296296296296297 0.25688073394495414
1 0.6416666666666667 0.37003058103975534 0.05740740740740741 0.23853211009174313
1 0.5814814814814815 0.3577981651376147 0.05925925925925926 0.24464831804281345
1 0.525 0.36085626911314983 0.05 0.20795107033639143
1 0.4759259259259259 0.37003058103975534 0.04814814814814815 0.2018348623853211
1 0.43703703703703706 0.3532110091743119 0.05185185185185186 0.21100917431192662
1 0.38981481481481484 0.3318042813455658 0.05 0.20489296636085627
1 0.34351851851851856 0.3256880733944954 0.05 0.20489296636085627
1 0.29814814814814816 0.3256880733944954 0.05555555555555556 0.22324159021406728
1 0.23611111111111113 0.3287461773700306 0.05 0.19877675840978593
1 0.19444444444444445 0.3195718654434251 0.04814814814814815 0.1926605504587156
1 0.15833333333333333 0.327217125382263 0.0462962962962963 0.18960244648318042
1 0.0787037037037037 0.31345565749235477 0.04259259259259259 0.1743119266055046
1 0.12222222222222223 0.3195718654434251 0.03333333333333333 0.1437308868501529
1 0.32407407407407407 0.19877675840978593 0.02962962962962963 0.0856269113149847
1 0.35185185185185186 0.19724770642201836 0.02592592592592593 0.10091743119266056
1 0.37777777777777777 0.19724770642201836 0.02592592592592593 0.08868501529051988
1 0.07685185185185185 0.21100917431192662 0.024074074074074074 0.05504587155963303
1 0.11388888888888889 0.21253822629969418 0.024074074074074074 0.045871559633027525
1 0.1398148148148148 0.20336391437308868 0.02777777777777778 0.039755351681957186
1 0.03981481481481482 0.19877675840978593 0.020370370370370372 0.04281345565749235
