1 0.084375 0.14375000000000002 0.03958333333333333 0.2325
1 0.10416666666666667 0.1625 0.04583333333333333 0.27
1 0.058854166666666666 0.5075000000000001 0.042708333333333334 0.25
1 0.09166666666666666 0.38125000000000003 0.014583333333333334 0.0925
1 0.044270833333333336 0.8375 0.04895833333333333 0.295
1 0.12447916666666667 0.8512500000000001 0.04479166666666667 0.2625
1 0.290625 0.35375 0.10208333333333333 0.5975
1 0.5182291666666666 0.1625 0.053125 0.32
1 0.7161458333333334 0.35625 0.103125 0.6025
1 0.8854166666666666 0.85875 0.04583333333333333 0.2775
1 0.9171874999999999 0.855 0.04479166666666667 0.27
1 0.9302083333333333 0.33375 0.09791666666666667 0.5775
1 0.9739583333333334 0.8612500000000001 0.041666666666666664 0.2475
1 0.10885416666666667 0.55375 0.034375 0.14250000000000002
1 0.9661458333333334 0.755 0.019791666666666666 0.105
1 0.4953125 0.50625 0.078125 0.3175
