1 0.055384615384615386 0.5642701525054467 0.08 0.2788671023965142
1 0.10384615384615385 0.5511982570806101 0.07846153846153846 0.2701525054466231
1 0.18153846153846154 0.5588235294117647 0.08 0.28104575163398693
1 0.23692307692307693 0.5577342047930284 0.07692307692307693 0.2701525054466231
1 0.2815384615384615 0.5599128540305012 0.07384615384615384 0.26143790849673204
1 0.3253846153846154 0.5588235294117647 0.07230769230769231 0.2505446623093682
1 0.36230769230769233 0.547930283224401 0.07846153846153846 0.2723311546840959
1 0.41307692307692306 0.547930283224401 0.07230769230769231 0.25490196078431376
1 0.48307692307692307 0.5642701525054467 0.09538461538461539 0.3311546840958606
1 0.566923076923077 0.5631808278867103 0.09384615384615384 0.3246187363834423
1 0.62 0.533769063180828 0.06769230769230769 0.23965141612200438
1 0.6915384615384615 0.5392156862745099 0.10923076923076923 0.3812636165577342
1 0.7738461538461539 0.5348583877995643 0.09846153846153846 0.34640522875817
1 0.8261538461538461 0.5392156862745099 0.07076923076923076 0.2505446623093682
1 0.8676923076923077 0.5305010893246188 0.07692307692307693 0.2723311546840959
1 0.8915384615384615 0.5370370370370371 0.07538461538461538 0.2592592592592593
1 0.9246153846153846 0.5359477124183007 0.07076923076923076 0.25272331154684097
1 0.9684615384615385 0.5413943355119826 0.06307692307692307 0.2461873638344227
1 0.15692307692307692 0.5490196078431373 0.06461538461538462 0.22222222222222224
1 0.7423076923076923 0.533769063180828 0.08461538461538462 0.2919389978213508
1 0.7115384615384616 0.5392156862745099 0.06 0.2113289760348584
1 0.9769230769230769 0.5370370370370371 0.046153846153846156 0.23311546840958608
1 0.08076923076923077 0.46514161220043576 0.03230769230769231 0.06753812636165578
1 0.19538461538461538 0.5032679738562092 0.03692307692307692 0.1394335511982571
1 0.43153846153846154 0.47385620915032683 0.038461538461538464 0.10675381263616558
1 0.5853846153846154 0.44008714596949894 0.026153846153846153 0.03921568627450981
1 0.9030769230769231 0.4291938997821351 0.01846153846153846 0.04793028322440088
