1 0.23277661795407095 0.7513888888888889 0.14822546972860123 0.4916666666666667
1 0.43006263048016696 0.7333333333333334 0.15866388308977034 0.5222222222222223
1 0.5250521920668058 0.6972222222222223 0.12734864300626303 0.4222222222222222
1 0.5855949895615866 0.5263888888888889 0.06471816283924843 0.21944444444444444
1 0.6628392484342379 0.5 0.08141962421711899 0.27222222222222225
1 0.7505219206680583 0.6347222222222223 0.1231732776617954 0.4027777777777778
1 0.8183716075156575 0.6805555555555556 0.12943632567849686 0.4277777777777778
1 0.8663883089770354 0.6666666666666667 0.07098121085594988 0.22777777777777777
1 0.9624217118997911 0.5944444444444444 0.050104384133611686 0.16666666666666669
1 0.9801670146137786 0.5944444444444444 0.039665970772442584 0.16666666666666669
1 0.8966597077244258 0.5875 0.04801670146137787 0.15833333333333333
1 0.0824634655532359 0.6888888888888889 0.07724425887265135 0.25
1 0.12630480167014613 0.7208333333333333 0.06889352818371607 0.225
1 0.021920668058455113 0.6694444444444445 0.043841336116910226 0.2
1 0.038622129436325675 0.5777777777777778 0.04801670146137787 0.16111111111111112
1 0.12630480167014613 0.5722222222222223 0.03549060542797494 0.12222222222222223
1 0.15762004175365343 0.5791666666666667 0.043841336116910226 0.14722222222222223
1 0.3559498956158664 0.5791666666666667 0.052192066805845504 0.17500000000000002
1 0.31628392484342377 0.5916666666666667 0.031315240083507306 0.10555555555555556
1 0.6304801670146137 0.5069444444444444 0.058455114822546964 0.19722222222222224
1 0.6931106471816283 0.5208333333333334 0.05427974947807933 0.18611111111111112
1 0.8549060542797494 0.5166666666666667 0.039665970772442584 0.06666666666666667
1 0.3580375782881002 0.7180555555555556 0.07724425887265135 0.11944444444444445
1 0.9519832985386221 0.7388888888888889 0.07515657620041753 0.08888888888888889
1 0.20981210855949894 0.5347222222222222 0.027139874739039664 0.04722222222222222
