1 0.1282608695652174 0.5570866141732284 0.15797101449275364 0.5275590551181102
1 0.26594202898550723 0.45374015748031493 0.07681159420289856 0.25393700787401574
1 0.30869565217391304 0.39468503937007876 0.03768115942028986 0.1279527559055118
1 0.2739130434782609 0.38976377952755903 0.034782608695652174 0.11417322834645668
1 0.45869565217391306 0.40551181102362205 0.042028985507246375 0.1377952755905512
1 0.5195652173913043 0.4005905511811024 0.04782608695652174 0.1594488188976378
1 0.8442028985507246 0.48326771653543305 0.13478260869565217 0.4507874015748031
1 0.7905797101449276 0.4242125984251968 0.06811594202898551 0.23031496062992127
1 0.7195652173913043 0.4183070866141732 0.0536231884057971 0.1830708661417323
1 0.9500000000000001 0.39468503937007876 0.059420289855072465 0.20275590551181102
1 0.7514492753623189 0.38188976377952755 0.036231884057971016 0.11811023622047244
1 0.6442028985507247 0.4301181102362205 0.042028985507246375 0.10433070866141732
1 0.5710144927536231 0.42618110236220474 0.03188405797101449 0.07283464566929133
1 0.5021739130434782 0.4251968503937008 0.03333333333333333 0.06692913385826771
1 0.44855072463768114 0.4301181102362205 0.042028985507246375 0.0531496062992126
1 0.38623188405797104 0.43503937007874016 0.036231884057971016 0.0826771653543307
1 0.2108695652173913 0.4340551181102362 0.03333333333333333 0.09251968503937008
1 0.2956521739130435 0.4281496062992126 0.03768115942028986 0.08858267716535433
1 0.17971014492753623 0.43799212598425197 0.0463768115942029 0.0688976377952756
1 0.03260869565217391 0.39665354330708663 0.015942028985507246 0.0531496062992126
1 0.05434782608695652 0.47244094488188976 0.04492753623188406 0.11023622047244094
1 0.7579710144927536 0.33366141732283466 0.014492753623188406 0.03740157480314961
1 0.9130434782608696 0.3248031496062992 0.017391304347826087 0.03543307086614173
1 0.9159420289855073 0.3484251968503937 0.014492753623188406 0.03937007874015748
1 0.9311594202898551 0.3425196850393701 0.02463768115942029 0.023622047244094488
1 0.8963768115942029 0.35531496062992124 0.01884057971014493 0.033464566929133854
1 0.8210144927536231 0.3218503937007874 0.01884057971014493 0.04133858267716535
