1 0.115 0.6696696696696697 0.17400000000000002 0.6426426426426426
1 0.26 0.6831831831831832 0.112 0.4174174174174174
1 0.201 0.6471471471471472 0.094 0.34534534534534533
1 0.341 0.7102102102102102 0.14200000000000002 0.5195195195195195
1 0.447 0.7192192192192192 0.146 0.5435435435435435
1 0.548 0.7252252252252253 0.14400000000000002 0.5255255255255256
1 0.591 0.7267267267267267 0.126 0.46846846846846846
1 0.404 0.6531531531531531 0.1 0.36936936936936937
1 0.705 0.7312312312312312 0.138 0.5135135135135135
1 0.754 0.7207207207207207 0.14400000000000002 0.5285285285285285
1 0.808 0.7267267267267267 0.124 0.4624624624624625
1 0.876 0.7072072072072072 0.128 0.4774774774774775
1 0.9520000000000001 0.6726726726726726 0.096 0.4024024024024024
1 0.372 0.4894894894894895 0.032 0.08408408408408408
1 0.515 0.5075075075075075 0.042 0.10810810810810811
1 0.637 0.5105105105105106 0.038 0.07207207207207207
1 0.671 0.521021021021021 0.034 0.07507507507507508
1 0.793 0.47597597597597596 0.026000000000000002 0.08108108108108109
1 0.929 0.4954954954954955 0.034 0.07807807807807808
