1 0.136 0.6639999999999999 0.10400000000000001 0.33599999999999997
1 0.274 0.7413333333333333 0.14400000000000002 0.4693333333333333
1 0.35000000000000003 0.7413333333333333 0.156 0.5066666666666666
1 0.423 0.696 0.114 0.37866666666666665
1 0.513 0.6626666666666666 0.094 0.30666666666666664
1 0.5710000000000001 0.72 0.15 0.48533333333333334
1 0.641 0.6706666666666666 0.106 0.34933333333333333
1 0.712 0.6533333333333333 0.084 0.27199999999999996
1 0.8250000000000001 0.72 0.13 0.42666666666666664
1 0.75 0.6333333333333333 0.07200000000000001 0.2373333333333333
1 0.775 0.6293333333333333 0.062 0.208
1 0.686 0.616 0.06 0.19733333333333333
1 0.075 0.6066666666666667 0.058 0.18933333333333333
1 0.184 0.6053333333333333 0.048 0.15466666666666667
1 0.20400000000000001 0.604 0.048 0.15733333333333333
1 0.242 0.5893333333333333 0.04 0.13866666666666666
1 0.041 0.5506666666666666 0.034 0.09333333333333332
1 0.015 0.5586666666666666 0.026000000000000002 0.088
1 0.599 0.5333333333333333 0.038 0.07466666666666666
1 0.649 0.5453333333333333 0.034 0.07733333333333334
