1 0.01 0.47625 0.02 0.1225
1 0.05 0.47000000000000003 0.016666666666666666 0.06
1 0.095 0.48 0.03333333333333333 0.125
1 0.11166666666666668 0.48 0.03333333333333333 0.125
1 0.14166666666666666 0.48875 0.02666666666666667 0.10250000000000001
1 0.21833333333333335 0.46125 0.04666666666666667 0.17250000000000001
1 0.275 0.46875 0.03666666666666667 0.14250000000000002
1 0.29583333333333334 0.515 0.025 0.095
1 0.36500000000000005 0.50125 0.03666666666666667 0.1375
1 0.4141666666666667 0.49125 0.018333333333333333 0.0675
1 0.5758333333333334 0.64 0.06166666666666667 0.225
1 0.6958333333333334 0.54625 0.058333333333333334 0.2225
1 0.7366666666666667 0.54625 0.060000000000000005 0.2275
1 0.7808333333333334 0.51125 0.035 0.1375
1 0.805 0.52375 0.05666666666666667 0.2125
1 0.8441666666666667 0.525 0.055 0.21
1 0.8625 0.52375 0.095 0.34750000000000003
1 0.6708333333333334 0.52125 0.015000000000000001 0.0525
1 0.6833333333333333 0.51625 0.013333333333333334 0.0525
1 0.48250000000000004 0.5175 0.011666666666666667 0.05
1 0.4708333333333334 0.51625 0.008333333333333333 0.0475
1 0.5383333333333333 0.47375 0.016666666666666666 0.0225
1 0.3841666666666667 0.52875 0.028333333333333335 0.0575
1 0.17083333333333334 0.4975 0.028333333333333335 0.115
1 0.26833333333333337 0.68 0.16666666666666669 0.445
1 0.54 0.5700000000000001 0.08333333333333334 0.195
1 0.9275000000000001 0.5225 0.03166666666666667 0.04
