1 0.0895 0.530360531309298 0.083 0.3889943074003795
1 0.20500000000000002 0.5891840607210627 0.1 0.4686907020872865
1 0.2965 0.5218216318785579 0.081 0.3795066413662239
1 0.34600000000000003 0.650853889943074 0.114 0.5313092979127135
1 0.4415 0.5199240986717267 0.079 0.36432637571157495
1 0.513 0.6840607210626186 0.132 0.6091081593927894
1 0.6125 0.49905123339658447 0.079 0.3681214421252372
1 0.6665 0.5721062618595826 0.095 0.43833017077798864
1 0.767 0.5313092979127135 0.082 0.3795066413662239
1 0.9275 0.5673624288425048 0.081 0.3795066413662239
1 0.149 0.40512333965844405 0.034 0.15749525616698293
1 0.1 0.3927893738140418 0.034 0.16318785578747627
1 0.8230000000000001 0.4013282732447818 0.028 0.1347248576850095
1 0.8625 0.39753320683111953 0.033 0.1537001897533207
1 0.9885 0.49335863377609107 0.023 0.14041745730550284
1 0.987 0.4222011385199241 0.026000000000000002 0.15749525616698293
1 0.7325 0.37191650853889946 0.021 0.09867172675521822
1 0.0175 0.34535104364326374 0.019 0.09487666034155598
