1 0.05576923076923077 0.673076923076923 0.11153846153846154 0.5128205128205128
1 0.17307692307692307 0.5897435897435898 0.09230769230769231 0.3717948717948718
1 0.22884615384615387 0.5064102564102564 0.06538461538461539 0.2692307692307692
1 0.28076923076923077 0.6891025641025641 0.12307692307692308 0.5192307692307692
1 0.3807692307692308 0.6057692307692307 0.08461538461538462 0.36538461538461536
1 0.4307692307692308 0.7083333333333333 0.13846153846153847 0.5576923076923077
1 0.6096153846153847 0.6089743589743589 0.09615384615384616 0.3974358974358974
1 0.6923076923076923 0.7243589743589743 0.11538461538461539 0.47435897435897434
1 0.7423076923076923 0.5128205128205128 0.06153846153846154 0.2692307692307692
1 0.7692307692307693 0.5352564102564102 0.06923076923076923 0.28846153846153844
1 0.8230769230769232 0.6121794871794871 0.09230769230769231 0.3782051282051282
1 0.9057692307692308 0.7307692307692307 0.11923076923076924 0.48717948717948717
1 0.9692307692307693 0.5737179487179487 0.06153846153846154 0.30128205128205127
1 0.9153846153846155 0.5064102564102564 0.05384615384615385 0.24358974358974358
1 0.26346153846153847 0.4583333333333333 0.057692307692307696 0.23717948717948717
