1 0.038 0.668997668997669 0.052000000000000005 0.15384615384615385
1 0.136 0.6771561771561772 0.06 0.1794871794871795
1 0.2 0.6713286713286714 0.068 0.19114219114219114
1 0.232 0.6818181818181818 0.06 0.17016317016317017
1 0.28600000000000003 0.6655011655011654 0.052000000000000005 0.14685314685314685
1 0.486 0.7121212121212122 0.08 0.23543123543123542
1 0.708 0.7191142191142191 0.088 0.2494172494172494
1 0.93 0.6631701631701632 0.048 0.14219114219114218
1 0.9490000000000001 0.6421911421911422 0.042 0.1282051282051282
1 0.98 0.6468531468531469 0.04 0.13286713286713286
1 0.884 0.6165501165501166 0.028 0.08624708624708624
1 0.8290000000000001 0.6468531468531469 0.046 0.13752913752913754
1 0.808 0.6375291375291375 0.044 0.1282051282051282
1 0.75 0.6002331002331003 0.024 0.07692307692307693
1 0.177 0.6701631701631702 0.058 0.17016317016317017
1 0.08600000000000001 0.668997668997669 0.044 0.09324009324009325
