1 0.65 0.8054968287526427 0.07428571428571429 0.266384778012685
1 0.5371428571428571 0.7357293868921776 0.06 0.2156448202959831
1 0.4735714285714286 0.7124735729386893 0.06142857142857143 0.22832980972515857
1 0.44285714285714284 0.751585623678647 0.06285714285714286 0.23044397463002114
1 0.39714285714285713 0.7156448202959831 0.06 0.22198731501057084
1 0.35 0.7621564482029599 0.06857142857142857 0.25158562367864695
1 0.2742857142857143 0.7706131078224102 0.07142857142857142 0.2642706131078224
1 0.25857142857142856 0.7124735729386893 0.06285714285714286 0.22832980972515857
1 0.155 0.7209302325581396 0.07285714285714286 0.27061310782241016
1 0.30357142857142855 0.6839323467230444 0.06428571428571428 0.23044397463002114
1 0.27 0.6247357293868923 0.04 0.15010570824524314
1 0.041428571428571426 0.6522198731501058 0.05714285714285714 0.20930232558139536
1 0.05928571428571429 0.6014799154334038 0.041428571428571426 0.15010570824524314
1 0.08071428571428571 0.6014799154334038 0.03571428571428571 0.12896405919661735
1 0.12 0.5856236786469344 0.03142857142857143 0.11416490486257928
1 0.175 0.587737843551797 0.03857142857142857 0.1437632135306554
1 0.23714285714285716 0.5866807610993657 0.03142857142857143 0.12050739957716702
1 0.3 0.5211416490486258 0.03428571428571429 0.12473572938689219
1 0.43857142857142856 0.5 0.02857142857142857 0.10359408033826639
1 0.42642857142857143 0.5063424947145878 0.03 0.10782241014799154
1 0.6285714285714286 0.43868921775898523 0.02 0.07822410147991543
1 0.6442857142857142 0.4376321353065539 0.022857142857142857 0.08879492600422834
1 0.66 0.4355179704016913 0.02 0.0718816067653277
1 0.6728571428571428 0.4408033826638478 0.014285714285714285 0.052854122621564484
1 0.6864285714285714 0.45877378435517974 0.024285714285714285 0.08879492600422834
1 0.7114285714285714 0.44820295983086683 0.022857142857142857 0.08456659619450317
1 0.7392857142857143 0.4534883720930233 0.02142857142857143 0.0824524312896406
1 0.7607142857142857 0.4503171247357294 0.02142857142857143 0.08033826638477802
1 0.7742857142857142 0.4418604651162791 0.02 0.0718816067653277
1 0.7971428571428572 0.45665961945031713 0.02 0.08033826638477802
1 0.8078571428571428 0.44714587737843553 0.018571428571428572 0.07399577167019028
1 0.845 0.4439746300211417 0.02142857142857143 0.07610993657505286
1 0.26357142857142857 0.5221987315010571 0.024285714285714285 0.046511627906976744
1 0.9335714285714286 0.14587737843551798 0.024285714285714285 0.054968287526427066
1 0.9564285714285714 0.1437632135306554 0.02142857142857143 0.06342494714587738
1 0.7564285714285715 0.38477801268498946 0.024285714285714285 0.046511627906976744
