1 0.1392757660167131 0.5885416666666666 0.21727019498607242 0.3958333333333333
1 0.027855153203342618 0.5635416666666666 0.025069637883008356 0.04791666666666666
1 0.2395543175487465 0.5645833333333333 0.025069637883008356 0.04791666666666666
1 0.21727019498607242 0.5177083333333333 0.022284122562674095 0.041666666666666664
1 0.30571030640668523 0.565625 0.034818941504178275 0.06666666666666667
1 0.35097493036211697 0.5630208333333333 0.03064066852367688 0.059375
1 0.40668523676880225 0.5546875 0.09192200557103064 0.16979166666666667
1 0.48676880222841223 0.5614583333333333 0.0403899721448468 0.07291666666666667
1 0.451949860724234 0.5760416666666667 0.020891364902506964 0.0375
1 0.5313370473537604 0.5682291666666667 0.023676880222841225 0.042708333333333334
1 0.6023676880222841 0.5723958333333333 0.026462395543175487 0.04895833333333333
1 0.6420612813370473 0.5578125 0.06406685236768803 0.11770833333333333
1 0.6984679665738162 0.5786458333333333 0.05153203342618384 0.096875
1 0.7263231197771588 0.565625 0.04874651810584958 0.08958333333333333
1 0.7848189415041783 0.5739583333333333 0.06267409470752089 0.11458333333333333
1 0.9032033426183844 0.5713541666666666 0.07381615598885793 0.134375
1 0.8328690807799443 0.5703125 0.036211699164345405 0.06770833333333333
1 0.8593314763231198 0.5708333333333333 0.03064066852367688 0.05625
1 0.91991643454039 0.571875 0.03203342618384401 0.06041666666666667
1 0.9623955431754875 0.575 0.036211699164345405 0.06666666666666667
1 0.32381615598885793 0.565625 0.020891364902506964 0.041666666666666664
1 0.34401114206128136 0.5697916666666667 0.022284122562674095 0.04375
1 0.591225626740947 0.2140625 0.2075208913649025 0.20520833333333333
