1 0.15984251968503937 0.4645390070921986 0.03307086614173228 0.12056737588652482
1 0.23858267716535433 0.46335697399527187 0.029921259842519685 0.1182033096926714
1 0.2858267716535433 0.49763593380614657 0.03307086614173228 0.13002364066193853
1 0.38976377952755903 0.5319148936170213 0.08661417322834646 0.31678486997635935
1 0.012598425196850394 0.4574468085106383 0.01889763779527559 0.06855791962174941
1 0.9086614173228347 0.5260047281323877 0.03464566929133858 0.12529550827423167
1 0.926771653543307 0.4645390070921986 0.03622047244094488 0.1347517730496454
1 0.9015748031496063 0.4728132387706856 0.03937007874015748 0.14184397163120566
1 0.878740157480315 0.46099290780141844 0.03779527559055118 0.14184397163120566
1 0.8511811023622047 0.45271867612293143 0.026771653543307086 0.09692671394799054
1 0.7795275590551181 0.4515366430260047 0.02204724409448819 0.08983451536643025
1 0.8 0.45271867612293143 0.02204724409448819 0.08274231678486997
1 0.9779527559055118 0.491725768321513 0.04409448818897638 0.2127659574468085
1 0.2251968503937008 0.5957446808510638 0.06299212598425197 0.20803782505910165
1 0.47874015748031495 0.5460992907801419 0.08818897637795275 0.14184397163120566
1 0.705511811023622 0.789598108747045 0.16692913385826771 0.3877068557919622
