1 0.03333333333333333 0.6298882681564246 0.06666666666666667 0.46648044692737434
1 0.07666666666666667 0.5963687150837989 0.08666666666666667 0.3547486033519553
1 0.10666666666666667 0.5377094972067039 0.06666666666666667 0.276536312849162
1 0.1375 0.5111731843575419 0.058333333333333334 0.2458100558659218
1 0.18500000000000003 0.5111731843575419 0.07 0.2905027932960894
1 0.22833333333333336 0.6815642458100559 0.14 0.5698324022346369
1 0.26666666666666666 0.5865921787709497 0.10333333333333335 0.4245810055865922
1 0.36250000000000004 0.532122905027933 0.07500000000000001 0.3156424581005587
1 0.4133333333333334 0.5139664804469274 0.07 0.2905027932960894
1 0.4683333333333334 0.611731843575419 0.11666666666666667 0.48044692737430167
1 0.5283333333333333 0.5391061452513967 0.08666666666666667 0.36312849162011174
1 0.6041666666666667 0.532122905027933 0.07500000000000001 0.31005586592178774
1 0.635 0.585195530726257 0.10333333333333335 0.4329608938547486
1 0.7283333333333334 0.49720670391061456 0.06333333333333334 0.26256983240223464
1 0.7666666666666667 0.5488826815642458 0.08333333333333334 0.3435754189944134
1 0.7983333333333333 0.43156424581005587 0.04 0.164804469273743
1 0.8833333333333334 0.5237430167597765 0.07666666666666667 0.32122905027932963
1 0.9575 0.49022346368715086 0.06833333333333334 0.28212290502793297
1 0.9791666666666667 0.48603351955307267 0.04166666666666667 0.25139664804469275
1 0.8150000000000001 0.43854748603351956 0.04 0.17318435754189945
1 0.4541666666666667 0.5684357541899442 0.095 0.388268156424581
1 0.5116666666666667 0.3952513966480447 0.03333333333333333 0.06424581005586592
