1 0.7441666666666668 0.77125 0.08833333333333333 0.3225
1 0.6858333333333334 0.7725 0.09833333333333334 0.36
1 0.5566666666666668 0.68625 0.030000000000000002 0.1125
1 0.5850000000000001 0.7000000000000001 0.030000000000000002 0.11
1 0.6275000000000001 0.6975 0.03166666666666667 0.115
1 0.5 0.68125 0.03333333333333333 0.1275
1 0.40750000000000003 0.6950000000000001 0.04166666666666667 0.16
1 0.3791666666666667 0.6975 0.04833333333333334 0.185
1 0.4341666666666667 0.6925 0.04166666666666667 0.155
1 0.3016666666666667 0.645 0.030000000000000002 0.11
1 0.3141666666666667 0.6475 0.028333333333333335 0.11
1 0.27166666666666667 0.6475 0.03333333333333333 0.125
1 0.18250000000000002 0.6475 0.028333333333333335 0.105
1 0.14250000000000002 0.6525 0.025 0.095
1 0.008333333333333333 0.64875 0.016666666666666666 0.08750000000000001
1 0.905 0.7000000000000001 0.03333333333333333 0.13
1 0.6441666666666667 0.625 0.025 0.04
