1 0.9673469387755103 0.7530487804878049 0.0653061224489796 0.3170731707317073
1 0.8336734693877552 0.7942073170731707 0.08775510204081634 0.32621951219512196
1 0.8489795918367348 0.7652439024390244 0.09387755102040818 0.34146341463414637
1 0.6142857142857143 0.6783536585365854 0.036734693877551024 0.13719512195121952
1 0.5816326530612246 0.6295731707317074 0.028571428571428574 0.11280487804878049
1 0.5387755102040817 0.6265243902439025 0.028571428571428574 0.11280487804878049
1 0.37959183673469393 0.7926829268292683 0.08571428571428572 0.3170731707317073
1 0.08775510204081634 0.725609756097561 0.06938775510204082 0.25609756097560976
1 0.2989795918367347 0.6280487804878049 0.022448979591836737 0.09146341463414634
1 0.5357142857142858 0.7560975609756098 0.04285714285714286 0.0975609756097561
1 0.5010204081632653 0.6920731707317074 0.03469387755102041 0.0975609756097561
1 0.9438775510204083 0.5975609756097561 0.03877551020408164 0.07317073170731708
1 0.513265306122449 0.5731707317073171 0.022448979591836737 0.03658536585365854
1 0.5081632653061225 0.6128048780487805 0.012244897959183675 0.03658536585365854
1 0.5193877551020408 0.6128048780487805 0.014285714285714287 0.03048780487804878
1 0.49591836734693884 0.600609756097561 0.0163265306122449 0.042682926829268296
