1 0.02959183673469388 0.5899390243902439 0.04693877551020409 0.1798780487804878
1 0.0816326530612245 0.5960365853658537 0.0489795918367347 0.18597560975609756
1 0.0989795918367347 0.5746951219512195 0.03877551020408164 0.14939024390243902
1 0.1510204081632653 0.576219512195122 0.0489795918367347 0.18292682926829268
1 0.17857142857142858 0.7134146341463415 0.10816326530612246 0.39634146341463417
1 0.24387755102040817 0.5487804878048781 0.030612244897959186 0.11585365853658537
1 0.2989795918367347 0.5304878048780488 0.030612244897959186 0.10975609756097561
1 0.35510204081632657 0.701219512195122 0.10612244897959185 0.39634146341463417
1 0.4540816326530613 0.7164634146341463 0.0836734693877551 0.3048780487804878
1 0.5295918367346939 0.676829268292683 0.11224489795918369 0.4085365853658537
1 0.6020408163265306 0.5853658536585367 0.06938775510204082 0.2621951219512195
1 0.7163265306122449 0.5503048780487805 0.05714285714285715 0.2103658536585366
1 0.7520408163265306 0.576219512195122 0.04285714285714286 0.16463414634146342
1 0.9183673469387756 0.5609756097560976 0.07346938775510205 0.2682926829268293
1 0.9418367346938776 0.6097560975609756 0.07551020408163266 0.28658536585365857
1 0.9704081632653062 0.6112804878048781 0.05918367346938776 0.3018292682926829
1 0.6214285714285714 0.5640243902439025 0.04693877551020409 0.17073170731707318
1 0.5622448979591838 0.5564024390243902 0.04285714285714286 0.1676829268292683
1 0.4142857142857143 0.5670731707317074 0.04489795918367347 0.17073170731707318
1 0.4295918367346939 0.5990853658536586 0.05510204081632654 0.20426829268292684
1 0.12040816326530614 0.4878048780487805 0.028571428571428574 0.042682926829268296
1 0.25510204081632654 0.48475609756097565 0.028571428571428574 0.03658536585365854
1 0.28163265306122454 0.47256097560975613 0.020408163265306124 0.042682926829268296
1 0.33571428571428574 0.47713414634146345 0.022448979591836737 0.03353658536585366
1 0.3775510204081633 0.4893292682926829 0.02448979591836735 0.04573170731707317
1 0.4387755102040817 0.48170731707317077 0.020408163265306124 0.042682926829268296
1 0.45000000000000007 0.48475609756097565 0.010204081632653062 0.03048780487804878
1 0.47346938775510206 0.475609756097561 0.02448979591836735 0.03658536585365854
1 0.4785714285714286 0.5045731707317074 0.022448979591836737 0.039634146341463415
