1 0.05166666666666667 0.5075000000000001 0.10333333333333335 0.38
1 0.08083333333333334 0.525 0.125 0.455
1 0.12583333333333335 0.5275 0.08833333333333333 0.33
1 0.18500000000000003 0.51625 0.2 0.7375
1 0.265 0.53 0.16 0.585
1 0.3383333333333334 0.5437500000000001 0.08333333333333334 0.3025
1 0.38083333333333336 0.5437500000000001 0.14166666666666666 0.5225
1 0.43250000000000005 0.5775 0.09166666666666667 0.34500000000000003
1 0.49333333333333335 0.62375 0.15666666666666668 0.5825
1 0.5525 0.62375 0.12166666666666667 0.4475
1 0.6608333333333334 0.64125 0.09833333333333334 0.3625
1 0.7050000000000001 0.57875 0.07333333333333333 0.2775
1 0.8391666666666667 0.58875 0.058333333333333334 0.2225
1 0.92 0.5337500000000001 0.16 0.9175
1 0.5941666666666667 0.305 0.03166666666666667 0.125
1 0.6950000000000001 0.32375 0.03333333333333333 0.1275
1 0.61 0.25 0.03333333333333333 0.12
1 0.62 0.1525 0.02666666666666667 0.1
1 0.3466666666666667 0.09 0.023333333333333334 0.09
1 0.41500000000000004 0.065 0.02 0.075
1 0.8591666666666667 0.47750000000000004 0.028333333333333335 0.065
1 0.8433333333333334 0.30125 0.02666666666666667 0.10250000000000001
1 0.8741666666666668 0.31 0.03166666666666667 0.11
1 0.7658333333333334 0.30875 0.035 0.08750000000000001
1 0.4033333333333334 0.09625 0.02666666666666667 0.0725
