1 0.02666666666666667 0.6744444444444444 0.05333333333333334 0.2777777777777778
1 0.05666666666666667 0.6055555555555555 0.07 0.2288888888888889
1 0.07500000000000001 0.7411111111111112 0.10333333333333335 0.33555555555555555
1 0.14333333333333334 0.6222222222222222 0.07 0.22666666666666666
1 0.19166666666666668 0.7022222222222222 0.08666666666666667 0.28
1 0.21833333333333335 0.6177777777777778 0.06666666666666667 0.2222222222222222
1 0.26416666666666666 0.6177777777777778 0.05166666666666667 0.1688888888888889
1 0.12000000000000001 0.8188888888888889 0.1 0.33111111111111113
1 0.26916666666666667 0.7866666666666666 0.10833333333333334 0.35555555555555557
1 0.3458333333333334 0.6366666666666667 0.06833333333333334 0.22444444444444445
1 0.30333333333333334 0.5566666666666666 0.043333333333333335 0.14
1 0.43583333333333335 0.6966666666666667 0.08166666666666667 0.2733333333333333
1 0.49833333333333335 0.8288888888888889 0.1 0.3244444444444444
1 0.5675 0.7966666666666666 0.11166666666666668 0.36666666666666664
1 0.6175 0.7766666666666666 0.10833333333333334 0.35333333333333333
1 0.6691666666666667 0.7388888888888889 0.08833333333333333 0.29555555555555557
1 0.7000000000000001 0.6911111111111111 0.07666666666666667 0.25333333333333335
1 0.7266666666666667 0.6577777777777778 0.07 0.22666666666666666
1 0.7816666666666667 0.5522222222222222 0.04 0.13555555555555557
1 0.8016666666666667 0.5388888888888889 0.03666666666666667 0.11777777777777777
1 0.8783333333333334 0.9111111111111111 0.11 0.1111111111111111
1 0.8500000000000001 0.81 0.11666666666666667 0.11777777777777777
1 0.8691666666666668 0.73 0.085 0.08222222222222222
1 0.9133333333333334 0.6455555555555555 0.07666666666666667 0.08666666666666667
1 0.8825000000000001 0.59 0.03833333333333334 0.03777777777777778
1 0.9 0.5555555555555556 0.03333333333333333 0.04
1 0.10666666666666667 0.4688888888888889 0.023333333333333334 0.03111111111111111
1 0.14500000000000002 0.4822222222222222 0.030000000000000002 0.035555555555555556
1 0.1975 0.4766666666666667 0.03833333333333334 0.042222222222222223
1 0.24916666666666668 0.46444444444444444 0.028333333333333335 0.044444444444444446
1 0.0325 0.4855555555555556 0.03166666666666667 0.06
1 0.013333333333333334 0.45 0.016666666666666666 0.03333333333333333
