1 0.06916666666666667 0.64 0.12166666666666667 0.445
1 0.10500000000000001 0.6225 0.11 0.4
1 0.04833333333333334 0.61625 0.09000000000000001 0.3375
1 0.022500000000000003 0.585 0.045000000000000005 0.17500000000000002
1 0.15416666666666667 0.6587500000000001 0.11166666666666668 0.4175
1 0.18583333333333335 0.6325000000000001 0.10833333333333334 0.4
1 0.24416666666666667 0.64375 0.11166666666666668 0.4175
1 0.275 0.6275000000000001 0.09333333333333334 0.34
1 0.22833333333333336 0.615 0.09333333333333334 0.35000000000000003
1 0.3166666666666667 0.65 0.11 0.4
1 0.34 0.62375 0.09666666666666668 0.3575
1 0.375 0.6687500000000001 0.09666666666666668 0.3525
1 0.405 0.64875 0.09000000000000001 0.3375
1 0.4425 0.6575 0.095 0.35000000000000003
1 0.4608333333333334 0.645 0.085 0.32
1 0.5041666666666667 0.655 0.10166666666666667 0.38
1 0.5325000000000001 0.63375 0.09833333333333334 0.3575
1 0.5850000000000001 0.6625 0.09666666666666668 0.355
1 0.6141666666666667 0.65 0.08166666666666667 0.305
1 0.6858333333333334 0.6475 0.09833333333333334 0.36
1 0.6641666666666667 0.63375 0.085 0.3125
1 0.7491666666666668 0.65 0.10500000000000001 0.385
1 0.7325 0.635 0.08166666666666667 0.305
1 0.8266666666666668 0.6687500000000001 0.10333333333333335 0.3775
1 0.8591666666666667 0.6475 0.08166666666666667 0.3
1 0.8958333333333334 0.65625 0.11833333333333335 0.4325
1 0.9533333333333334 0.66125 0.09333333333333334 0.3725
1 0.8500000000000001 0.5025000000000001 0.03666666666666667 0.065
1 0.9516666666666668 0.5775 0.09000000000000001 0.34
1 0.6558333333333334 0.52375 0.028333333333333335 0.0475
1 0.5641666666666667 0.5175 0.03166666666666667 0.05
1 0.43000000000000005 0.50875 0.023333333333333334 0.0475
1 0.39916666666666667 0.5025000000000001 0.03166666666666667 0.065
1 0.30833333333333335 0.50125 0.02666666666666667 0.0375
1 0.22416666666666668 0.48125 0.025 0.0525
1 0.0125 0.5725 0.025 0.17500000000000002
1 0.03916666666666667 0.54 0.021666666666666667 0.075
1 0.535 0.73625 0.02 0.0575
