1 0.2547619047619048 0.43000000000000005 0.09047619047619049 0.32
1 0.4833333333333334 0.41833333333333333 0.06190476190476191 0.22333333333333336
1 0.4440476190476191 0.3616666666666667 0.03571428571428572 0.12333333333333334
1 0.4630952380952381 0.36333333333333334 0.03571428571428572 0.12666666666666668
1 0.3416666666666667 0.3416666666666667 0.02142857142857143 0.07666666666666667
1 0.1904761904761905 0.34 0.02380952380952381 0.08
1 0.14285714285714288 0.35000000000000003 0.02380952380952381 0.09333333333333334
1 0.5642857142857144 0.4066666666666667 0.05714285714285715 0.2066666666666667
1 0.6107142857142858 0.3983333333333334 0.05 0.18333333333333335
1 0.6630952380952382 0.43000000000000005 0.0642857142857143 0.22
1 0.7107142857142857 0.5133333333333334 0.11190476190476191 0.39333333333333337
1 0.9178571428571429 0.46166666666666667 0.09285714285714286 0.3166666666666667
1 0.8928571428571429 0.455 0.08571428571428572 0.2966666666666667
1 0.7964285714285715 0.3466666666666667 0.011904761904761906 0.04666666666666667
1 0.7678571428571429 0.3566666666666667 0.011904761904761906 0.04666666666666667
1 0.9940476190476192 0.3716666666666667 0.011904761904761906 0.05666666666666667
1 0.9797619047619048 0.36333333333333334 0.0071428571428571435 0.03333333333333333
1 0.9726190476190477 0.3616666666666667 0.0071428571428571435 0.03666666666666667
1 0.06547619047619048 0.3116666666666667 0.011904761904761906 0.05
1 0.07142857142857144 0.30833333333333335 0.009523809523809525 0.043333333333333335
1 0.07857142857142858 0.30833333333333335 0.009523809523809525 0.043333333333333335
1 0.37500000000000006 0.3216666666666667 0.0071428571428571435 0.03666666666666667
1 0.43333333333333335 0.33166666666666667 0.009523809523809525 0.03666666666666667
1 0.25833333333333336 0.29833333333333334 0.011904761904761906 0.023333333333333334
1 0.5666666666666668 0.3816666666666667 0.04285714285714286 0.15666666666666668
1 0.8 0.4083333333333334 0.028571428571428574 0.07666666666666667
1 0.8202380952380953 0.4216666666666667 0.030952380952380953 0.08333333333333334
1 0.8416666666666668 0.4816666666666667 0.03571428571428572 0.17
1 0.8773809523809525 0.45333333333333337 0.030952380952380953 0.11333333333333334
1 0.6726190476190477 0.48833333333333334 0.05952380952380953 0.11666666666666667
