1 0.13375 0.5783582089552238 0.1125 0.41044776119402987
1 0.08750000000000001 0.5354477611940298 0.06 0.22761194029850745
1 0.16 0.539179104477612 0.06 0.22761194029850745
1 0.21125 0.5279850746268656 0.0625 0.23507462686567163
1 0.24375 0.5503731343283582 0.0775 0.2947761194029851
1 0.2925 0.5671641791044776 0.085 0.31343283582089554
1 0.30625 0.5447761194029851 0.0725 0.26865671641791045
1 0.35375 0.5615671641791045 0.0825 0.30970149253731344
1 0.42125 0.5671641791044776 0.0775 0.291044776119403
1 0.38125000000000003 0.5466417910447761 0.0675 0.25
1 0.44 0.5373134328358209 0.07 0.26119402985074625
1 0.46375 0.5261194029850746 0.0675 0.2462686567164179
1 0.495 0.5354477611940298 0.085 0.30970149253731344
1 0.5675 0.542910447761194 0.075 0.2873134328358209
1 0.59 0.5242537313432836 0.07 0.2574626865671642
1 0.64625 0.542910447761194 0.0775 0.2873134328358209
1 0.62125 0.4906716417910448 0.0325 0.13059701492537312
1 0.685 0.4962686567164179 0.035 0.1417910447761194
1 0.7225 0.4981343283582089 0.03 0.12313432835820895
1 0.75 0.5354477611940298 0.065 0.23507462686567163
1 0.79 0.5578358208955224 0.09 0.33955223880597013
1 0.8612500000000001 0.5746268656716418 0.0975 0.3656716417910448
1 0.00625 0.44029850746268656 0.0125 0.05970149253731343
1 0.2575 0.4496268656716418 0.015 0.06343283582089553
1 0.4 0.4291044776119403 0.025 0.05970149253731343
1 0.41375 0.4216417910447761 0.0225 0.05970149253731343
