1 0.07187500000000001 0.4741666666666667 0.043750000000000004 0.14500000000000002
1 0.106875 0.4625 0.043750000000000004 0.14833333333333334
1 0.146875 0.4666666666666667 0.03875 0.12666666666666668
1 0.161875 0.4591666666666667 0.03375 0.115
1 0.17375000000000002 0.4575 0.0325 0.11166666666666668
1 0.193125 0.4675 0.03875 0.12833333333333335
1 0.206875 0.45833333333333337 0.03375 0.11333333333333334
1 0.215 0.45833333333333337 0.035 0.11333333333333334
1 0.22375 0.4708333333333334 0.0475 0.155
1 0.244375 0.4625 0.043750000000000004 0.14166666666666666
1 0.25125000000000003 0.45833333333333337 0.035 0.12000000000000001
1 0.2575 0.4575 0.035 0.115
1 0.290625 0.4783333333333334 0.051250000000000004 0.16666666666666669
1 0.3075 0.4716666666666667 0.0475 0.15333333333333335
1 0.36 0.4733333333333334 0.0325 0.11
1 0.366875 0.4633333333333334 0.03625 0.12333333333333334
1 0.463125 0.48833333333333334 0.05375 0.17333333333333334
1 0.39437500000000003 0.47250000000000003 0.043750000000000004 0.14166666666666666
1 0.384375 0.47000000000000003 0.03625 0.12000000000000001
1 0.411875 0.4691666666666667 0.03625 0.12166666666666667
1 0.55875 0.47750000000000004 0.045 0.14500000000000002
1 0.485 0.42750000000000005 0.015 0.05166666666666667
1 0.494375 0.42750000000000005 0.01625 0.05166666666666667
1 0.504375 0.42333333333333334 0.01375 0.04666666666666667
1 0.51125 0.4291666666666667 0.015 0.055
1 0.521875 0.42250000000000004 0.01125 0.04166666666666667
1 0.529375 0.42083333333333334 0.01375 0.045000000000000005
1 0.53625 0.42500000000000004 0.015 0.05333333333333334
1 0.540625 0.42333333333333334 0.01625 0.05333333333333334
1 0.444375 0.4666666666666667 0.03625 0.12333333333333334
1 0.6175 0.46166666666666667 0.0375 0.12666666666666668
1 0.606875 0.45833333333333337 0.03375 0.11333333333333334
1 0.6531250000000001 0.46166666666666667 0.03875 0.13
1 0.63875 0.46416666666666667 0.0325 0.10833333333333334
1 0.631875 0.4591666666666667 0.03375 0.10833333333333334
1 0.5750000000000001 0.4658333333333334 0.035 0.11833333333333335
1 0.566875 0.46416666666666667 0.04125 0.135
1 0.70625 0.4791666666666667 0.045 0.15166666666666667
1 0.698125 0.4683333333333334 0.04625 0.15000000000000002
1 0.750625 0.45583333333333337 0.03625 0.11833333333333335
1 0.759375 0.4675 0.03375 0.10833333333333334
1 0.766875 0.4666666666666667 0.03625 0.12000000000000001
1 0.80125 0.48250000000000004 0.0425 0.13833333333333334
1 0.785 0.4808333333333334 0.0375 0.125
1 0.776875 0.4741666666666667 0.03625 0.11833333333333335
1 0.855 0.4891666666666667 0.045 0.15166666666666667
1 0.86875 0.4808333333333334 0.04 0.135
1 0.83625 0.4816666666666667 0.04 0.13333333333333333
1 0.8250000000000001 0.47500000000000003 0.0375 0.12666666666666668
1 0.81625 0.47000000000000003 0.04 0.13
1 0.18125 0.49250000000000005 0.025 0.05166666666666667
1 0.131875 0.40750000000000003 0.00875 0.021666666666666667
1 0.40750000000000003 0.3983333333333334 0.0075 0.023333333333333334
1 0.375625 0.4091666666666667 0.00875 0.025
1 0.420625 0.39666666666666667 0.00875 0.02
1 0.435 0.3983333333333334 0.01 0.02
1 0.45125 0.3983333333333334 0.005 0.013333333333333334
1 0.544375 0.4058333333333334 0.00625 0.028333333333333335
1 0.551875 0.39916666666666667 0.00875 0.018333333333333333
1 0.578125 0.4058333333333334 0.01375 0.025
1 0.604375 0.4116666666666667 0.01625 0.03666666666666667
1 0.8075 0.41250000000000003 0.01 0.028333333333333335
1 0.846875 0.41583333333333333 0.00875 0.028333333333333335
1 0.476875 0.4058333333333334 0.00875 0.021666666666666667
1 0.47000000000000003 0.40166666666666667 0.0075 0.02
