1 0.05102040816326531 0.5608695652173913 0.012244897959183675 0.06086956521739131
1 0.09591836734693879 0.5565217391304348 0.012244897959183675 0.06086956521739131
1 0.14285714285714288 0.5521739130434783 0.0163265306122449 0.09565217391304348
1 0.24183673469387756 0.7304347826086957 0.07551020408163266 0.4
1 0.2755102040816327 0.5782608695652174 0.020408163265306124 0.12173913043478261
1 0.3306122448979592 0.5630434782608695 0.00816326530612245 0.05652173913043478
1 0.3479591836734694 0.5739130434782609 0.022448979591836737 0.13043478260869565
1 0.5061224489795919 0.5717391304347826 0.0163265306122449 0.1
1 0.5938775510204082 0.6130434782608696 0.0326530612244898 0.17391304347826086
1 0.6214285714285714 0.5934782608695652 0.018367346938775512 0.10869565217391304
1 0.7714285714285715 0.7021739130434783 0.02448979591836735 0.14347826086956522
1 0.8010204081632654 0.7 0.030612244897959186 0.17391304347826086
1 0.8520408163265307 0.6608695652173913 0.04285714285714286 0.22608695652173913
1 0.9520408163265307 0.6217391304347826 0.02653061224489796 0.1391304347826087
