1 0.4101449275362319 0.6849775784753364 0.07536231884057971 0.289237668161435
1 0.9340579710144927 0.7365470852017937 0.10579710144927536 0.40582959641255606
1 0.7514492753623189 0.6771300448430493 0.08550724637681159 0.32286995515695066
1 0.8666666666666667 0.6109865470852018 0.0463768115942029 0.1771300448430493
1 0.8282608695652174 0.6132286995515694 0.04492753623188406 0.1726457399103139
1 0.9768115942028985 0.6278026905829597 0.0463768115942029 0.18834080717488788
1 0.7101449275362319 0.6434977578475336 0.06086956521739131 0.23318385650224216
1 0.6123188405797102 0.6457399103139013 0.0536231884057971 0.20179372197309417
1 0.5521739130434783 0.6412556053811659 0.052173913043478265 0.20179372197309417
1 0.532608695652174 0.655829596412556 0.0391304347826087 0.15022421524663676
1 0.505072463768116 0.6434977578475336 0.06231884057971015 0.23318385650224216
1 0.48043478260869565 0.647982062780269 0.050724637681159424 0.19282511210762332
1 0.4463768115942029 0.6636771300448431 0.06086956521739131 0.23318385650224216
1 0.3355072463768116 0.6535874439461883 0.050724637681159424 0.1905829596412556
1 0.27753623188405796 0.6535874439461883 0.050724637681159424 0.1905829596412556
1 0.2391304347826087 0.655829596412556 0.052173913043478265 0.19955156950672645
1 0.1318840579710145 0.6704035874439461 0.05507246376811594 0.21524663677130046
1 0.09130434782608696 0.6625560538116592 0.052173913043478265 0.2040358744394619
1 0.29782608695652174 0.6681614349775785 0.030434782608695653 0.11659192825112108
1 0.572463768115942 0.625560538116592 0.04927536231884058 0.18834080717488788
1 0.5920289855072464 0.6266816143497758 0.04492753623188406 0.1771300448430493
1 0.8 0.6076233183856502 0.0463768115942029 0.17488789237668162
1 0.8449275362318841 0.6031390134529148 0.04057971014492753 0.15695067264573992
1 0.9014492753623189 0.6076233183856502 0.043478260869565216 0.17040358744394618
1 0.29130434782608694 0.5829596412556054 0.03188405797101449 0.12556053811659193
1 0.3521739130434783 0.647982062780269 0.04057971014492753 0.16143497757847533
1 0.6130434782608696 0.5246636771300448 0.020289855072463767 0.08520179372197309
1 0.8884057971014493 0.6098654708520179 0.043478260869565216 0.16591928251121077
1 0.8144927536231884 0.600896860986547 0.043478260869565216 0.17040358744394618
1 0.014492753623188406 0.6188340807174888 0.020289855072463767 0.06278026905829596
1 0.02246376811594203 0.6434977578475336 0.02463768115942029 0.06278026905829596
1 0.042753623188405795 0.6356502242152466 0.021739130434782608 0.07847533632286996
1 0.035507246376811595 0.5885650224215246 0.01884057971014493 0.042600896860986545
1 0.050724637681159424 0.5908071748878924 0.014492753623188406 0.02914798206278027
1 0.06666666666666667 0.570627802690583 0.020289855072463767 0.02914798206278027
1 0.06739130434782609 0.632286995515695 0.02753623188405797 0.08520179372197309
1 0.11594202898550725 0.5852017937219731 0.017391304347826087 0.04035874439461883
1 0.21304347826086956 0.6121076233183856 0.043478260869565216 0.1210762331838565
1 0.22391304347826088 0.5538116591928252 0.01884057971014493 0.04484304932735426
1 0.23695652173913043 0.554932735426009 0.013043478260869566 0.03811659192825112
1 0.3 0.5381165919282511 0.011594202898550725 0.026905829596412557
1 0.3681159420289855 0.5381165919282511 0.020289855072463767 0.04484304932735426
1 0.532608695652174 0.5874439461883408 0.02753623188405797 0.08520179372197309
1 0.5507246376811594 0.5336322869955157 0.02318840579710145 0.04484304932735426
1 0.6927536231884058 0.570627802690583 0.020289855072463767 0.07847533632286996
1 0.6550724637681159 0.5571748878923767 0.026086956521739132 0.06053811659192825
1 0.6355072463768116 0.5257847533632287 0.01884057971014493 0.03811659192825112
1 0.6246376811594203 0.5213004484304933 0.017391304347826087 0.03811659192825112
1 0.6289855072463768 0.492152466367713 0.017391304347826087 0.033632286995515695
1 0.6434782608695653 0.49887892376681614 0.014492753623188406 0.042600896860986545
1 0.6572463768115943 0.4887892376681614 0.021739130434782608 0.03587443946188341
1 0.8804347826086957 0.5437219730941704 0.013043478260869566 0.02466367713004484
1 0.10144927536231885 0.5560538116591928 0.02318840579710145 0.04932735426008968
1 0.19202898550724637 0.6087443946188341 0.030434782608695653 0.07399103139013453
1 0.3804347826086957 0.5919282511210763 0.0391304347826087 0.08968609865470852
