1 0.5283333333333333 0.5688888888888889 0.21333333333333335 0.7022222222222222
1 0.9325000000000001 0.5388888888888889 0.135 0.44666666666666666
1 0.8708333333333333 0.5211111111111111 0.11833333333333335 0.3888888888888889
1 0.9016666666666667 0.4888888888888889 0.11333333333333334 0.37333333333333335
1 0.8266666666666668 0.4811111111111111 0.1 0.33111111111111113
1 0.7666666666666667 0.47888888888888886 0.060000000000000005 0.19777777777777777
1 0.6408333333333334 0.4688888888888889 0.07166666666666667 0.2311111111111111
1 0.5533333333333333 0.4822222222222222 0.1 0.3244444444444444
1 0.5750000000000001 0.4888888888888889 0.08333333333333334 0.27555555555555555
1 0.5975 0.4633333333333333 0.07833333333333334 0.26
1 0.6708333333333334 0.4588888888888889 0.05166666666666667 0.17555555555555555
1 0.665 0.47888888888888886 0.04666666666666667 0.15777777777777777
1 0.3791666666666667 0.47444444444444445 0.07500000000000001 0.24222222222222223
1 0.32333333333333336 0.4866666666666667 0.07 0.23555555555555555
1 0.3166666666666667 0.47444444444444445 0.09000000000000001 0.29555555555555557
1 0.23500000000000001 0.48444444444444446 0.09333333333333334 0.3111111111111111
1 0.15666666666666668 0.5033333333333333 0.11333333333333334 0.36666666666666664
1 0.06583333333333334 0.51 0.13166666666666668 0.44222222222222224
1 0.17 0.49 0.10333333333333335 0.33555555555555555
1 0.26416666666666666 0.4666666666666667 0.07500000000000001 0.24888888888888888
1 0.40166666666666667 0.46444444444444444 0.06666666666666667 0.21777777777777776
1 0.17500000000000002 0.4766666666666667 0.08666666666666667 0.2822222222222222
1 0.9800000000000001 0.4866666666666667 0.04 0.20444444444444446
1 0.34833333333333333 0.3977777777777778 0.02666666666666667 0.10666666666666666
1 0.09916666666666667 0.37666666666666665 0.015000000000000001 0.02
1 0.20333333333333334 0.36 0.030000000000000002 0.04
1 0.29833333333333334 0.3711111111111111 0.02 0.04
1 0.9683333333333334 0.4477777777777778 0.04 0.1
1 0.6533333333333333 0.3888888888888889 0.023333333333333334 0.04888888888888889
