1 0.02666666666666667 0.8555555555555555 0.05333333333333334 0.27555555555555555
1 0.043333333333333335 0.7233333333333334 0.08666666666666667 0.29555555555555557
1 0.12583333333333335 0.8433333333333334 0.09166666666666667 0.3
1 0.10416666666666667 0.78 0.08166666666666667 0.27111111111111114
1 0.11333333333333334 0.7122222222222222 0.07666666666666667 0.25555555555555554
1 0.275 0.7466666666666667 0.08666666666666667 0.28
1 0.8550000000000001 0.7111111111111111 0.08666666666666667 0.28888888888888886
1 0.8208333333333334 0.5977777777777777 0.07833333333333334 0.25333333333333335
1 0.885 0.6211111111111111 0.07333333333333333 0.24666666666666667
1 0.6425000000000001 0.8433333333333334 0.09166666666666667 0.3
1 0.62 0.9144444444444444 0.05 0.1622222222222222
1 0.7541666666666668 0.9144444444444444 0.04833333333333334 0.1622222222222222
1 0.021666666666666667 0.4811111111111111 0.043333333333333335 0.23333333333333334
1 0.09083333333333334 0.45555555555555555 0.07166666666666667 0.24
1 0.065 0.3 0.05666666666666667 0.18222222222222223
1 0.92 0.3566666666666667 0.05666666666666667 0.18888888888888888
1 0.11 0.32666666666666666 0.043333333333333335 0.14666666666666667
1 0.135 0.3622222222222222 0.05 0.16444444444444445
1 0.2941666666666667 0.9522222222222222 0.045000000000000005 0.08666666666666667
1 0.31583333333333335 0.9655555555555555 0.03833333333333334 0.06444444444444444
1 0.35000000000000003 0.9244444444444444 0.06666666666666667 0.14666666666666667
1 0.4591666666666667 0.9222222222222223 0.09166666666666667 0.14666666666666667
1 0.5583333333333333 0.9 0.09333333333333334 0.19111111111111112
1 0.8833333333333334 0.21222222222222223 0.030000000000000002 0.06
1 0.8075000000000001 0.12777777777777777 0.035 0.09111111111111111
1 0.011666666666666667 0.6922222222222222 0.02 0.09555555555555556
1 0.5241666666666667 0.16555555555555557 0.04166666666666667 0.08666666666666667
1 0.11083333333333334 0.2477777777777778 0.03166666666666667 0.09111111111111111
1 0.11333333333333334 0.19777777777777777 0.03666666666666667 0.08888888888888889
