1 0.0775 0.6760299625468165 0.115 0.6329588014981273
1 0.17416666666666666 0.653558052434457 0.12166666666666667 0.6779026217228464
1 0.21583333333333335 0.6554307116104869 0.115 0.6441947565543071
1 0.26833333333333337 0.6048689138576779 0.07 0.39325842696629215
1 0.35750000000000004 0.6853932584269663 0.11166666666666668 0.6142322097378278
1 0.32916666666666666 0.6779026217228464 0.10833333333333334 0.599250936329588
1 0.5216666666666667 0.653558052434457 0.12000000000000001 0.6704119850187266
1 0.44583333333333336 0.6441947565543071 0.10500000000000001 0.5767790262172284
1 0.4066666666666667 0.5823970037453183 0.06333333333333334 0.35580524344569286
1 0.5558333333333334 0.6067415730337079 0.10166666666666667 0.5543071161048689
1 0.6291666666666667 0.6179775280898876 0.095 0.5243445692883896
1 0.6591666666666667 0.6722846441947565 0.115 0.6329588014981273
1 0.7175 0.5973782771535581 0.08833333333333333 0.49812734082397003
1 0.7591666666666668 0.6722846441947565 0.115 0.6404494382022472
1 0.7925000000000001 0.5655430711610487 0.07833333333333334 0.4419475655430712
1 0.8441666666666667 0.6573033707865169 0.10833333333333334 0.602996254681648
1 0.8708333333333333 0.5842696629213483 0.08166666666666667 0.449438202247191
1 0.9483333333333334 0.653558052434457 0.1 0.5580524344569289
1 0.9075000000000001 0.5861423220973783 0.07166666666666667 0.40074906367041196
1 0.9708333333333334 0.5805243445692884 0.058333333333333334 0.3970037453183521
1 0.5916666666666667 0.5749063670411985 0.060000000000000005 0.3258426966292135
1 0.030833333333333334 0.6966292134831461 0.06166666666666667 0.5917602996254682
1 0.0425 0.43820224719101125 0.028333333333333335 0.0749063670411985
1 0.1391666666666667 0.4307116104868914 0.021666666666666667 0.08239700374531836
1 0.2341666666666667 0.4250936329588015 0.025 0.06367041198501873
1 0.29000000000000004 0.449438202247191 0.030000000000000002 0.08239700374531836
1 0.30333333333333334 0.44382022471910115 0.030000000000000002 0.12359550561797752
1 0.3825 0.449438202247191 0.03166666666666667 0.0898876404494382
1 0.465 0.4400749063670412 0.016666666666666666 0.04868913857677903
1 0.4941666666666667 0.4400749063670412 0.025 0.07865168539325842
1 0.4758333333333334 0.44569288389513106 0.021666666666666667 0.06741573033707865
1 0.5675 0.40262172284644193 0.015000000000000001 0.056179775280898875
1 0.5783333333333334 0.4213483146067416 0.01 0.04119850187265918
1 0.6025 0.43820224719101125 0.008333333333333333 0.0449438202247191
1 0.6983333333333334 0.40823970037453183 0.016666666666666666 0.0599250936329588
1 0.9025000000000001 0.36704119850187267 0.028333333333333335 0.0449438202247191
1 0.9658333333333334 0.36704119850187267 0.028333333333333335 0.052434456928838954
1 0.9866666666666667 0.3707865168539326 0.023333333333333334 0.052434456928838954
1 0.7783333333333334 0.40262172284644193 0.013333333333333334 0.04868913857677903
1 0.11666666666666667 0.4550561797752809 0.02 0.056179775280898875
1 0.005 0.4606741573033708 0.01 0.0898876404494382
