1 0.05611111111111111 0.7422222222222222 0.04111111111111111 0.13925925925925925
1 0.026666666666666665 0.7585185185185185 0.044444444444444446 0.14518518518518517
1 0.021666666666666667 0.7422222222222222 0.03666666666666667 0.12148148148148148
1 0.3288888888888889 0.7251851851851852 0.02 0.06666666666666667
1 0.32 0.7140740740740741 0.015555555555555555 0.056296296296296296
1 0.8733333333333333 0.7296296296296296 0.026666666666666665 0.0874074074074074
1 0.8633333333333333 0.7229629629629629 0.026666666666666665 0.08888888888888888
1 0.7633333333333333 0.7222222222222222 0.022222222222222223 0.07555555555555556
1 0.7544444444444445 0.7333333333333333 0.015555555555555555 0.056296296296296296
1 0.7416666666666667 0.7511111111111111 0.03222222222222222 0.10962962962962962
1 0.6544444444444445 0.7192592592592593 0.024444444444444446 0.08444444444444445
1 0.5794444444444444 0.7207407407407407 0.021111111111111112 0.07259259259259258
1 0.5655555555555556 0.7207407407407407 0.022222222222222223 0.07555555555555556
1 0.5477777777777778 0.72 0.022222222222222223 0.07407407407407407
1 0.5394444444444444 0.7207407407407407 0.021111111111111112 0.07259259259259258
1 0.5227777777777778 0.7207407407407407 0.01888888888888889 0.0637037037037037
1 0.49277777777777776 0.7192592592592593 0.01888888888888889 0.06074074074074074
1 0.4583333333333333 0.6614814814814814 0.01 0.03407407407407407
1 0.48 0.662962962962963 0.011111111111111112 0.037037037037037035
1 0.3038888888888889 0.7162962962962962 0.016666666666666666 0.05481481481481481
1 0.5205555555555555 0.7 0.016666666666666666 0.057777777777777775
1 0.5583333333333333 0.7022222222222222 0.0077777777777777776 0.03259259259259259
1 0.5561111111111111 0.6725925925925925 0.012222222222222223 0.017777777777777778
1 0.46944444444444444 0.6718518518518518 0.01 0.019259259259259257
1 0.40555555555555556 0.7451851851851852 0.026666666666666665 0.047407407407407405
1 0.4177777777777778 0.7422222222222222 0.017777777777777778 0.04148148148148148
1 0.4666666666666667 0.7459259259259259 0.02 0.08148148148148147
1 0.44222222222222224 0.7333333333333333 0.026666666666666665 0.056296296296296296
1 0.6294444444444445 0.7518518518518518 0.043333333333333335 0.10814814814814815
1 0.1338888888888889 0.697037037037037 0.016666666666666666 0.03111111111111111
1 0.4716666666666667 0.6940740740740741 0.012222222222222223 0.019259259259259257
1 0.4811111111111111 0.7 0.008888888888888889 0.03111111111111111
1 0.1988888888888889 0.697037037037037 0.024444444444444446 0.03407407407407407
1 0.5283333333333333 0.6940740740740741 0.005555555555555556 0.025185185185185185
