1 0.5891666666666667 0.31141439205955335 0.06166666666666667 0.22580645161290322
1 0.5458333333333334 0.3213399503722084 0.058333333333333334 0.22084367245657568
1 0.4916666666666667 0.3436724565756824 0.05333333333333334 0.19602977667493796
1 0.43083333333333335 0.34615384615384615 0.04833333333333334 0.1761786600496278
1 0.3916666666666667 0.36228287841191065 0.04666666666666667 0.1687344913151365
1 0.36250000000000004 0.3610421836228288 0.045000000000000005 0.1662531017369727
1 0.33416666666666667 0.3598014888337469 0.045000000000000005 0.1687344913151365
1 0.29583333333333334 0.36228287841191065 0.04833333333333334 0.17369727047146402
1 0.26333333333333336 0.3784119106699752 0.04 0.14640198511166252
1 0.3541666666666667 0.3560794044665012 0.04833333333333334 0.1761786600496278
1 0.19583333333333336 0.39702233250620345 0.045000000000000005 0.06947890818858561
1 0.23333333333333334 0.40198511166253104 0.05 0.08436724565756824
1 0.5366666666666667 0.9379652605459057 0.04 0.11910669975186104
1 0.5800000000000001 0.9516129032258065 0.03666666666666667 0.09181141439205956
1 0.4816666666666667 0.9367245657568238 0.03666666666666667 0.11662531017369727
1 0.4191666666666667 0.9205955334987593 0.03833333333333334 0.1488833746898263
1 0.38583333333333336 0.8995037220843672 0.03833333333333334 0.16129032258064516
1 0.3516666666666667 0.8833746898263027 0.03333333333333333 0.17866004962779156
1 0.3241666666666667 0.8808933002481389 0.035 0.17866004962779156
1 0.3016666666666667 0.8796526054590571 0.02666666666666667 0.18114143920595532
1 0.28500000000000003 0.8684863523573201 0.03333333333333333 0.1687344913151365
1 0.26083333333333336 0.8598014888337469 0.03833333333333334 0.17121588089330025
1 0.23 0.8101736972704715 0.03666666666666667 0.11662531017369727
