1 0.16166666666666668 0.905 0.023333333333333334 0.095
1 0.07916666666666668 0.90125 0.018333333333333333 0.0725
1 0.05416666666666667 0.89375 0.015000000000000001 0.0625
1 0.095 0.905 0.016666666666666666 0.07
1 0.20583333333333334 0.88625 0.018333333333333333 0.0675
1 0.28583333333333333 0.905 0.025 0.09
1 0.3091666666666667 0.905 0.025 0.09
1 0.32833333333333337 0.90375 0.023333333333333334 0.08750000000000001
1 0.3375 0.9025 0.018333333333333333 0.075
1 0.42833333333333334 0.895 0.016666666666666666 0.07
1 0.44583333333333336 0.89125 0.021666666666666667 0.0775
1 0.465 0.87875 0.016666666666666666 0.0675
1 0.4966666666666667 0.91125 0.030000000000000002 0.1075
1 0.5650000000000001 0.90125 0.02 0.0825
1 0.7075 0.91125 0.045000000000000005 0.1625
1 0.8575 0.86 0.018333333333333333 0.07
1 0.8683333333333334 0.86 0.02 0.075
1 0.9791666666666667 0.91125 0.04166666666666667 0.17250000000000001
1 0.3725 0.89875 0.021666666666666667 0.0825
