1 0.217 0.6330409356725146 0.198 0.7163742690058479
1 0.28400000000000003 0.4956140350877193 0.112 0.4005847953216374
1 0.47100000000000003 0.5204678362573099 0.134 0.4853801169590643
1 0.546 0.435672514619883 0.1 0.3567251461988304
1 0.607 0.48684210526315785 0.11800000000000001 0.41812865497076024
1 0.655 0.4122807017543859 0.07 0.25146198830409355
1 0.8190000000000001 0.435672514619883 0.078 0.28654970760233917
1 0.066 0.34941520467836257 0.024 0.09064327485380116
1 0.862 0.3538011695906432 0.04 0.14035087719298245
1 0.895 0.33771929824561403 0.034 0.11988304093567251
1 0.45 0.8070175438596491 0.232 0.3684210526315789
1 0.131 0.5935672514619883 0.11800000000000001 0.24561403508771928
1 0.106 0.7587719298245613 0.112 0.20175438596491227
