1 0.083 0.6566265060240964 0.09 0.3373493975903615
1 0.162 0.6596385542168675 0.092 0.3373493975903615
1 0.197 0.6325301204819277 0.094 0.355421686746988
1 0.233 0.6370481927710844 0.098 0.3704819277108434
1 0.275 0.608433734939759 0.098 0.3614457831325301
1 0.34800000000000003 0.6114457831325302 0.096 0.355421686746988
1 0.376 0.6114457831325302 0.092 0.3433734939759036
1 0.40900000000000003 0.6129518072289157 0.082 0.3102409638554217
1 0.438 0.5948795180722892 0.084 0.31626506024096385
1 0.46 0.6174698795180723 0.084 0.3132530120481928
1 0.127 0.6355421686746988 0.098 0.3614457831325301
1 0.495 0.6099397590361446 0.082 0.3042168674698795
1 0.526 0.5918674698795181 0.084 0.3102409638554217
1 0.552 0.5346385542168675 0.076 0.2801204819277109
1 0.589 0.588855421686747 0.082 0.3042168674698795
1 0.635 0.5798192771084337 0.082 0.3042168674698795
1 0.672 0.569277108433735 0.08 0.30120481927710846
1 0.707 0.569277108433735 0.082 0.3072289156626506
1 0.744 0.5632530120481928 0.076 0.28915662650602414
1 0.772 0.549698795180723 0.084 0.3102409638554217
1 0.809 0.5512048192771085 0.078 0.28915662650602414
1 0.847 0.5557228915662651 0.074 0.2740963855421687
1 0.88 0.5421686746987953 0.07200000000000001 0.27108433734939763
1 0.912 0.5436746987951807 0.076 0.2801204819277109
1 0.936 0.5316265060240964 0.076 0.286144578313253
1 0.97 0.5256024096385542 0.06 0.2680722891566265
1 0.604 0.42620481927710846 0.032 0.057228915662650606
1 0.67 0.39608433734939763 0.028 0.045180722891566265
1 0.8310000000000001 0.4231927710843374 0.018000000000000002 0.057228915662650606
1 0.873 0.4066265060240964 0.026000000000000002 0.08433734939759037
1 0.48 0.4367469879518073 0.04 0.04819277108433735
