1 0.9570000000000001 0.5213523131672597 0.08600000000000001 0.42348754448398573
1 0.837 0.494661921708185 0.066 0.298932384341637
1 0.81 0.45373665480427045 0.056 0.25266903914590744
1 0.726 0.5338078291814946 0.084 0.36298932384341637
1 0.636 0.4590747330960854 0.052000000000000005 0.23487544483985764
1 0.613 0.4822064056939502 0.066 0.29537366548042704
1 0.5730000000000001 0.4395017793594306 0.046 0.20284697508896796
1 0.519 0.5195729537366548 0.08600000000000001 0.37722419928825623
1 0.494 0.4466192170818505 0.052000000000000005 0.22419928825622776
1 0.455 0.4395017793594306 0.046 0.2099644128113879
1 0.41200000000000003 0.47330960854092524 0.068 0.2918149466192171
1 0.38 0.4466192170818505 0.052000000000000005 0.2384341637010676
1 0.34500000000000003 0.5818505338078291 0.106 0.47330960854092524
1 0.29 0.41637010676156583 0.044 0.19217081850533807
1 0.272 0.5320284697508897 0.096 0.41637010676156583
1 0.194 0.4572953736654804 0.052000000000000005 0.23131672597864766
1 0.161 0.44128113879003555 0.046 0.199288256227758
1 0.08 0.4626334519572953 0.056 0.25622775800711745
1 0.054 0.5320284697508897 0.088 0.39501779359430605
1 0.8300000000000001 0.32562277580071175 0.024 0.046263345195729534
