1 0.025 0.69875 0.05 0.2525
1 0.03833333333333334 0.69625 0.06333333333333334 0.23750000000000002
1 0.05916666666666667 0.69625 0.06166666666666667 0.2275
1 0.07500000000000001 0.69875 0.06333333333333334 0.2325
1 0.11333333333333334 0.69375 0.07 0.2625
1 0.16833333333333333 0.715 0.05666666666666667 0.215
1 0.225 0.70375 0.06666666666666667 0.2425
1 0.29333333333333333 0.7125 0.05666666666666667 0.21
1 0.2791666666666667 0.675 0.055 0.21
1 0.31833333333333336 0.70625 0.07 0.2625
1 0.405 0.70875 0.07 0.2625
1 0.47750000000000004 0.6925 0.07166666666666667 0.27
1 0.44333333333333336 0.685 0.05666666666666667 0.21
1 0.5341666666666667 0.65625 0.045000000000000005 0.17250000000000001
1 0.5625 0.67875 0.055 0.20750000000000002
1 0.6258333333333334 0.7175 0.07166666666666667 0.27
1 0.6425000000000001 0.6575 0.04833333333333334 0.17500000000000002
1 0.6033333333333334 0.69125 0.06666666666666667 0.2425
1 0.7225 0.71625 0.08166666666666667 0.3075
1 0.7425 0.6875 0.06833333333333334 0.25
1 0.7725000000000001 0.66 0.055 0.21
1 0.8 0.655 0.05333333333333334 0.195
1 0.8283333333333334 0.67625 0.07333333333333333 0.2775
1 0.9475 0.74625 0.08166666666666667 0.3025
1 0.9116666666666667 0.795 0.07 0.255
1 0.9741666666666667 0.61125 0.04833333333333334 0.0975
