1 0.06328125 0.5541666666666667 0.1046875 0.3416666666666667
1 0.0859375 0.5208333333333334 0.10312500000000001 0.3375
1 0.11171875 0.5197916666666667 0.0859375 0.28541666666666665
1 0.14140625 0.5260416666666666 0.09531250000000001 0.3104166666666667
1 0.31328125 0.5072916666666667 0.0671875 0.22291666666666665
1 0.36171875000000003 0.49895833333333334 0.0484375 0.16041666666666665
1 0.2734375 0.59375 0.1375 0.45
1 0.41953125 0.521875 0.1078125 0.3520833333333333
1 0.46015625000000004 0.496875 0.07968750000000001 0.26458333333333334
1 0.5164062500000001 0.48854166666666665 0.0859375 0.28125
1 0.56484375 0.4770833333333333 0.0734375 0.24166666666666667
1 0.61875 0.4635416666666667 0.0625 0.20625
1 0.65 0.45729166666666665 0.05 0.16875
1 0.6726562500000001 0.45416666666666666 0.045312500000000006 0.15
1 0.7125 0.46249999999999997 0.07500000000000001 0.25
1 0.753125 0.42604166666666665 0.03125 0.10625
1 0.78671875 0.45416666666666666 0.0578125 0.19166666666666665
1 0.83515625 0.4125 0.029687500000000002 0.10416666666666667
1 0.8601562500000001 0.3958333333333333 0.0234375 0.07916666666666666
1 0.88203125 0.40520833333333334 0.0234375 0.08125
1 0.93671875 0.4 0.0234375 0.07916666666666666
1 0.9593750000000001 0.3958333333333333 0.021875000000000002 0.07916666666666666
1 0.9773437500000001 0.4010416666666667 0.0171875 0.06041666666666667
1 0.9906250000000001 0.39479166666666665 0.018750000000000003 0.07708333333333334
1 0.19921875 0.6010416666666667 0.060937500000000006 0.12708333333333333
