1 0.20750000000000002 0.57 0.09166666666666667 0.3
1 0.28 0.5822222222222222 0.09333333333333334 0.3111111111111111
1 0.35000000000000003 0.5855555555555556 0.08666666666666667 0.2866666666666667
1 0.41000000000000003 0.5711111111111111 0.09666666666666668 0.32
1 0.4733333333333334 0.5955555555555555 0.08666666666666667 0.28444444444444444
1 0.5333333333333333 0.5922222222222222 0.08666666666666667 0.2866666666666667
1 0.5991666666666667 0.5988888888888889 0.085 0.2777777777777778
1 0.6683333333333333 0.59 0.09666666666666668 0.32222222222222224
1 0.7016666666666667 0.6 0.09000000000000001 0.29777777777777775
1 0.77 0.5966666666666667 0.09666666666666668 0.31777777777777777
