1 0.9520000000000001 0.7792792792792793 0.092 0.33933933933933935
1 0.399 0.7762762762762763 0.11800000000000001 0.43543543543543545
1 0.541 0.8033033033033034 0.10200000000000001 0.3813813813813814
1 0.591 0.6726726726726726 0.054 0.1981981981981982
1 0.776 0.6471471471471472 0.052000000000000005 0.1891891891891892
1 0.8260000000000001 0.6471471471471472 0.044 0.17117117117117117
1 0.891 0.6351351351351351 0.046 0.17717717717717718
1 0.84 0.6291291291291291 0.044 0.17117117117117117
1 0.933 0.6291291291291291 0.046 0.17717717717717718
1 0.731 0.6561561561561562 0.046 0.17717717717717718
1 0.706 0.7027027027027027 0.052000000000000005 0.1981981981981982
1 0.52 0.6636636636636637 0.052000000000000005 0.1981981981981982
1 0.482 0.6741741741741741 0.048 0.17717717717717718
1 0.452 0.6666666666666666 0.048 0.17417417417417416
1 0.327 0.7987987987987988 0.10200000000000001 0.3843843843843844
1 0.256 0.7882882882882882 0.112 0.4114114114114114
1 0.11900000000000001 0.8663663663663663 0.066 0.24924924924924924
1 0.156 0.7342342342342342 0.056 0.2132132132132132
1 0.191 0.6456456456456456 0.05 0.18018018018018017
1 0.218 0.6396396396396397 0.048 0.18618618618618618
1 0.089 0.6591591591591591 0.05 0.1831831831831832
1 0.055 0.6606606606606606 0.046 0.17417417417417416
1 0.021 0.6756756756756757 0.042 0.21021021021021022
1 0.657 0.7687687687687688 0.11800000000000001 0.2702702702702703
