1 0.8725 0.6703980099502488 0.021666666666666667 0.08706467661691542
1 0.8483333333333334 0.6753731343283582 0.016666666666666666 0.06218905472636816
1 0.09083333333333334 0.7101990049751243 0.04166666666666667 0.11691542288557213
1 0.12333333333333334 0.7114427860696517 0.03333333333333333 0.12437810945273632
1 0.18166666666666667 0.7213930348258706 0.02666666666666667 0.1144278606965174
1 0.21416666666666667 0.7238805970149254 0.03166666666666667 0.12437810945273632
1 0.24833333333333335 0.7263681592039801 0.03333333333333333 0.13930348258706468
1 0.29000000000000004 0.7276119402985074 0.043333333333333335 0.14676616915422885
1 0.32583333333333336 0.740049751243781 0.035 0.14676616915422885
1 0.3616666666666667 0.7450248756218906 0.043333333333333335 0.1517412935323383
1 0.39916666666666667 0.7412935323383084 0.035 0.16417910447761194
1 0.4341666666666667 0.7587064676616915 0.045000000000000005 0.17412935323383083
1 0.4691666666666667 0.7388059701492538 0.04833333333333334 0.15422885572139303
1 0.5066666666666667 0.7475124378109452 0.06333333333333334 0.13681592039800994
1 0.5666666666666667 0.7251243781094527 0.03666666666666667 0.11194029850746269
1 0.5916666666666667 0.7164179104477612 0.030000000000000002 0.0945273631840796
1 0.6316666666666667 0.7126865671641791 0.03333333333333333 0.10199004975124377
1 0.66 0.7077114427860697 0.03666666666666667 0.07711442786069651
