1 0.28875 0.18928571428571428 0.1775 0.3142857142857143
1 0.38875 0.24464285714285713 0.2025 0.35714285714285715
1 0.5175 0.16964285714285715 0.115 0.20357142857142857
1 0.6900000000000001 0.15089285714285713 0.09 0.1625
1 0.7887500000000001 0.10982142857142857 0.0775 0.13392857142857142
1 0.87875 0.12142857142857143 0.0825 0.14642857142857144
1 0.93875 0.11607142857142856 0.0425 0.075
1 0.83625 0.24732142857142855 0.1225 0.21964285714285714
1 0.485 0.12232142857142857 0.06 0.10892857142857143
1 0.23875000000000002 0.7678571428571428 0.2675 0.46428571428571425
1 0.51375 0.7857142857142857 0.23750000000000002 0.41785714285714287
1 0.8025 0.7875 0.23500000000000001 0.41428571428571426
1 0.09 0.2714285714285714 0.18 0.3892857142857143
1 0.45125 0.24196428571428572 0.1125 0.1839285714285714
1 0.87625 0.2625 0.23750000000000002 0.10714285714285714
