1 0.024444444444444446 0.4498327759197324 0.04888888888888889 0.2709030100334448
1 0.058888888888888886 0.41304347826086957 0.05555555555555555 0.21070234113712374
1 0.12222222222222222 0.41471571906354515 0.044444444444444446 0.17391304347826086
1 0.14666666666666667 0.7240802675585284 0.13777777777777778 0.5183946488294314
1 0.1688888888888889 0.431438127090301 0.05333333333333333 0.1939799331103679
1 0.24555555555555555 0.42474916387959866 0.03333333333333333 0.12709030100334448
1 0.28444444444444444 0.3076923076923077 0.03111111111111111 0.11371237458193979
1 0.35888888888888887 0.31605351170568563 0.03777777777777778 0.1505016722408027
1 0.44222222222222224 0.4632107023411371 0.07555555555555556 0.27759197324414714
1 0.5133333333333333 0.6354515050167224 0.14666666666666667 0.5351170568561873
1 0.7444444444444445 0.6739130434782609 0.09777777777777778 0.35785953177257523
1 0.8155555555555556 0.5535117056856187 0.12 0.44481605351170567
1 0.62 0.4916387959866221 0.06666666666666667 0.24749163879598662
1 0.6811111111111111 0.5418060200668896 0.042222222222222223 0.16722408026755853
1 0.7166666666666667 0.43645484949832775 0.03777777777777778 0.1505016722408027
1 0.78 0.3745819397993311 0.044444444444444446 0.17391304347826086
1 0.49333333333333335 0.42642140468227424 0.057777777777777775 0.22408026755852842
1 0.40555555555555556 0.3076923076923077 0.03777777777777778 0.14046822742474915
1 0.9233333333333333 0.49665551839464883 0.06888888888888889 0.26421404682274247
1 0.97 0.5668896321070234 0.06 0.29765886287625415
1 0.83 0.31605351170568563 0.03777777777777778 0.14381270903010032
