1 0.9187500000000001 0.7951127819548872 0.0825 0.30451127819548873
1 0.8325 0.7932330827067668 0.09 0.3308270676691729
1 0.76875 0.7932330827067668 0.08750000000000001 0.3233082706766917
1 0.72 0.7932330827067668 0.075 0.2781954887218045
1 0.61875 0.8007518796992481 0.0925 0.3458646616541353
1 0.50875 0.7838345864661653 0.0925 0.3421052631578947
1 0.48125 0.7913533834586466 0.0775 0.28195488721804507
1 0.40375 0.7969924812030075 0.0825 0.3157894736842105
1 0.30625 0.7951127819548872 0.0825 0.3120300751879699
1 0.26875 0.7932330827067668 0.0825 0.3157894736842105
1 0.16 0.8045112781954886 0.07 0.2556390977443609
1 0.09875 0.806390977443609 0.0575 0.21428571428571427
1 0.0625 0.8026315789473684 0.085 0.3120300751879699
1 0.69375 0.8139097744360901 0.0525 0.19172932330827067
1 0.5675 0.8195488721804511 0.05 0.19548872180451127
1 0.89125 0.8270676691729323 0.0575 0.18045112781954886
1 0.95625 0.7894736842105263 0.0325 0.10526315789473684
1 0.66125 0.825187969924812 0.0425 0.17669172932330826
