1 0.01125 0.593235831809872 0.0225 0.14076782449725778
1 0.0225 0.5612431444241316 0.035 0.1316270566727605
1 0.0425 0.5347349177330896 0.0325 0.12248628884826325
1 0.053125 0.5054844606946983 0.03375 0.12614259597806216
1 0.075 0.4716636197440585 0.035 0.12431444241316271
1 0.08875 0.4469835466179159 0.0325 0.12248628884826325
1 0.07625 0.6946983546617916 0.04 0.1425959780621572
1 0.09375 0.6608775137111518 0.0375 0.13711151736745886
1 0.11625 0.623400365630713 0.0375 0.13528336380255943
1 0.13125 0.5923217550274223 0.035 0.12797074954296161
1 0.150625 0.5630712979890311 0.03375 0.1206581352833638
1 0.16875 0.5283363802559415 0.035 0.12431444241316271
1 0.186875 0.5036563071297989 0.03125 0.11517367458866545
1 0.20375000000000001 0.47074954296160876 0.0325 0.11882998171846434
1 0.215 0.43784277879341865 0.0325 0.11882998171846434
1 0.231875 0.41773308957952465 0.02875 0.10786106032906764
1 0.231875 0.7239488117001828 0.04125 0.15356489945155394
1 0.248125 0.6837294332723949 0.04125 0.14625228519195613
1 0.26 0.6489945155393053 0.0375 0.13528336380255943
1 0.27375 0.6170018281535649 0.0325 0.11882998171846434
1 0.29 0.583180987202925 0.035 0.12431444241316271
1 0.301875 0.5539305301645339 0.03625 0.12797074954296161
1 0.310625 0.5219378427787934 0.03125 0.11151736745886655
1 0.319375 0.4853747714808044 0.03375 0.11882998171846434
1 0.330625 0.46617915904936014 0.03125 0.1170018281535649
1 0.339375 0.4351005484460695 0.02875 0.10603290676416818
1 0.395625 0.6663619744058501 0.03875 0.14442413162705667
1 0.41000000000000003 0.6407678244972578 0.035 0.12979890310786105
1 0.539375 0.7020109689213894 0.04125 0.14990859232175502
1 0.5493750000000001 0.6617915904936015 0.03875 0.13893967093235832
1 0.70125 0.6581352833638026 0.04 0.1425959780621572
1 0.85875 0.6910420475319927 0.045 0.16087751371115175
1 0.9756250000000001 0.5374771480804388 0.03875 0.13893967093235832
1 0.945625 0.45521023765996343 0.03875 0.1425959780621572
1 0.9675 0.4296160877513711 0.025 0.054844606946983544
1 0.9725 0.4606946983546618 0.025 0.03656307129798903
