1 0.02733333333333333 0.8260000000000001 0.05466666666666666 0.248
1 0.05266666666666667 0.745 0.06 0.218
1 0.07333333333333333 0.72 0.050666666666666665 0.188
1 0.10333333333333333 0.751 0.044 0.166
1 0.12866666666666665 0.8260000000000001 0.06799999999999999 0.256
1 0.16 0.854 0.064 0.23600000000000002
1 0.23266666666666666 0.846 0.06533333333333333 0.24
1 0.20466666666666666 0.809 0.06533333333333333 0.246
1 0.29266666666666663 0.8140000000000001 0.07333333333333333 0.272
1 0.3333333333333333 0.877 0.058666666666666666 0.222
1 0.346 0.811 0.06799999999999999 0.25
1 0.41 0.86 0.06266666666666666 0.228
1 0.4553333333333333 0.837 0.07333333333333333 0.274
1 0.522 0.853 0.076 0.278
1 0.5593333333333333 0.8200000000000001 0.076 0.28400000000000003
1 0.6306666666666666 0.868 0.06933333333333333 0.252
1 0.6873333333333334 0.833 0.07333333333333333 0.274
1 0.7133333333333333 0.799 0.06933333333333333 0.254
1 0.77 0.808 0.076 0.28400000000000003
1 0.8653333333333333 0.865 0.06666666666666667 0.242
1 0.846 0.8250000000000001 0.07333333333333333 0.27
1 0.954 0.868 0.06799999999999999 0.248
1 0.9366666666666666 0.803 0.06266666666666666 0.23
1 0.9746666666666667 0.758 0.050666666666666665 0.20800000000000002
1 0.8786666666666666 0.72 0.048 0.176
1 0.9219999999999999 0.66 0.044 0.16
1 0.9039999999999999 0.647 0.04533333333333333 0.166
1 0.5773333333333334 0.774 0.06133333333333333 0.232
1 0.656 0.783 0.072 0.266
1 0.176 0.6990000000000001 0.048 0.182
1 0.8166666666666667 0.753 0.06 0.218
1 0.7953333333333333 0.773 0.06533333333333333 0.242
1 0.06 0.93 0.088 0.124
1 0.422 0.913 0.10266666666666667 0.15
1 0.36733333333333335 0.7010000000000001 0.03333333333333333 0.09
1 0.416 0.708 0.048 0.096
1 0.3973333333333333 0.744 0.04533333333333333 0.084
1 0.4726666666666666 0.6980000000000001 0.044 0.08
1 0.488 0.666 0.026666666666666665 0.044
1 0.5226666666666666 0.68 0.026666666666666665 0.056
1 0.3173333333333333 0.6890000000000001 0.034666666666666665 0.082
1 0.286 0.662 0.04133333333333333 0.07200000000000001
1 0.2573333333333333 0.722 0.04533333333333333 0.10400000000000001
1 0.22533333333333333 0.659 0.03733333333333333 0.078
