1 0.0090625 0.4445833333333334 0.018125 0.08750000000000001
1 0.021562500000000002 0.45208333333333334 0.030625 0.10250000000000001
1 0.0390625 0.44833333333333336 0.034375 0.11166666666666668
1 0.050625 0.4466666666666667 0.02875 0.095
1 0.074375 0.48375 0.065 0.21250000000000002
1 0.1034375 0.4466666666666667 0.031875 0.10500000000000001
1 0.0821875 0.44625000000000004 0.033125 0.10916666666666668
1 0.143125 0.49750000000000005 0.07375 0.24000000000000002
1 0.1859375 0.44583333333333336 0.029375000000000002 0.09833333333333334
1 0.2071875 0.4429166666666667 0.033125 0.10916666666666668
1 0.24281250000000001 0.4254166666666667 0.024375 0.07916666666666668
1 0.1734375 0.4241666666666667 0.018125 0.06166666666666667
1 0.163125 0.4454166666666667 0.03125 0.10416666666666667
1 0.2596875 0.46416666666666667 0.049375 0.16333333333333333
1 0.2678125 0.48500000000000004 0.060625 0.19833333333333333
1 0.289375 0.43875000000000003 0.0275 0.09250000000000001
1 0.3053125 0.43750000000000006 0.026875 0.09000000000000001
1 0.32156250000000003 0.44125000000000003 0.026875 0.08750000000000001
1 0.3375 0.43875000000000003 0.0275 0.09250000000000001
1 0.376875 0.49000000000000005 0.06625 0.21833333333333335
1 0.389375 0.4429166666666667 0.03 0.0975
1 0.4109375 0.4420833333333334 0.029375000000000002 0.0975
1 0.433125 0.47250000000000003 0.05375 0.17666666666666667
1 0.4525 0.44125000000000003 0.0325 0.10583333333333333
1 0.473125 0.4454166666666667 0.03375 0.11083333333333334
1 0.49562500000000004 0.4475 0.0325 0.10500000000000001
1 0.5440625 0.47625 0.061875 0.2025
1 0.578125 0.44833333333333336 0.035 0.115
1 0.5915625 0.465 0.051875000000000004 0.16833333333333333
1 0.6115625 0.45208333333333334 0.035625000000000004 0.11583333333333334
1 0.6484375 0.45125000000000004 0.036875 0.12083333333333333
1 0.6765625000000001 0.4554166666666667 0.038125 0.12416666666666668
1 0.6603125 0.41208333333333336 0.019375 0.0625
1 0.7303125 0.48708333333333337 0.085625 0.2791666666666667
1 0.7056250000000001 0.46375000000000005 0.05375 0.17750000000000002
1 0.754375 0.4525 0.05 0.165
1 0.791875 0.45083333333333336 0.04625 0.15000000000000002
1 0.8371875 0.45625000000000004 0.044375 0.14416666666666667
1 0.8875000000000001 0.4608333333333334 0.045 0.14666666666666667
1 0.9575 0.4608333333333334 0.04875 0.15833333333333335
1 0.9834375000000001 0.40208333333333335 0.014375 0.0475
1 0.9490625 0.4041666666666667 0.013125 0.045000000000000005
1 0.9096875 0.4033333333333334 0.015625 0.05333333333333334
1 0.8703125 0.405 0.015625 0.05333333333333334
1 0.825625 0.40208333333333335 0.01375 0.04583333333333334
