1 0.024816176470588234 0.4522058823529412 0.032475490196078434 0.10620915032679738
1 0.06908700980392157 0.45526960784313725 0.033394607843137254 0.10988562091503268
1 0.005361519607843137 0.2318218954248366 0.010723039215686275 0.042075163398692814
1 0.04243259803921569 0.22691993464052287 0.016237745098039217 0.05351307189542484
1 0.20036764705882354 0.3306781045751634 0.015318627450980392 0.05106209150326797
1 0.14552696078431374 0.5075571895424836 0.17034313725490197 0.5551470588235294
1 0.29963235294117646 0.5392156862745098 0.20220588235294118 0.6576797385620915
1 0.3753063725490196 0.5643382352941176 0.17524509803921567 0.5706699346405228
1 0.5900735294117647 0.2659313725490196 0.011029411764705881 0.03594771241830066
1 0.5991115196078431 0.26776960784313725 0.010723039215686275 0.034722222222222224
1 0.6302083333333334 0.2728758169934641 0.011642156862745098 0.03758169934640523
1 0.734375 0.2930964052287582 0.011029411764705881 0.03553921568627451
1 0.7428002450980392 0.29330065359477125 0.008884803921568627 0.028594771241830068
1 0.9088541666666666 0.47120098039215685 0.04197303921568627 0.13684640522875818
1 0.892156862745098 0.3784722222222222 0.011029411764705881 0.037173202614379085
1 0.9008884803921569 0.37949346405228757 0.01011029411764706 0.03431372549019608
1 0.9114583333333334 0.3819444444444445 0.009191176470588236 0.03104575163398693
1 0.9353553921568627 0.4699754901960784 0.04350490196078431 0.14256535947712418
1 0.9722732843137255 0.47855392156862747 0.05545343137254902 0.20220588235294118
1 0.8224571078431372 0.3290441176470588 0.011948529411764705 0.039624183006535946
1 0.035845588235294115 0.5718954248366013 0.056372549019607844 0.14133986928104575
1 0.14430147058823528 0.6905637254901961 0.14583333333333334 0.40808823529411764
1 0.45618872549019607 0.3445669934640523 0.11825980392156862 0.14665032679738563
1 0.32337622549019607 0.278390522875817 0.01133578431372549 0.034722222222222224
1 0.33777573529411764 0.2747140522875817 0.018688725490196078 0.03880718954248366
1 0.4215686274509804 0.5326797385620915 0.08394607843137254 0.16013071895424838
1 0.5053615196078431 0.5165441176470589 0.09466911764705882 0.20710784313725492
1 0.6058517156862745 0.5012254901960784 0.09957107843137254 0.18627450980392157
1 0.5516237745098039 0.3345588235294118 0.10386029411764705 0.1707516339869281
1 0.6387867647058824 0.33905228758169936 0.09681372549019608 0.1380718954248366
1 0.6956188725490196 0.3098447712418301 0.014399509803921568 0.0298202614379085
1 0.7329963235294118 0.47303921568627455 0.10018382352941177 0.1568627450980392
1 0.7571997549019608 0.3588643790849673 0.06832107843137254 0.09027777777777778
1 0.8920036764705882 0.5018382352941176 0.036458333333333336 0.08619281045751634
1 0.8803615196078431 0.4158496732026144 0.016237745098039217 0.028594771241830068
