1 0.27 0.9388586956521738 0.02727272727272727 0.10054347826086957
1 0.5327272727272727 0.8220108695652174 0.04363636363636364 0.16576086956521738
1 0.17727272727272728 0.733695652173913 0.034545454545454546 0.13043478260869565
1 0.24181818181818182 0.733695652173913 0.03636363636363636 0.1358695652173913
1 0.07727272727272727 0.6644021739130435 0.02727272727272727 0.10054347826086957
1 0.05 0.6725543478260869 0.023636363636363636 0.08967391304347826
1 0.014545454545454545 0.654891304347826 0.02181818181818182 0.08695652173913043
1 0.12727272727272726 0.654891304347826 0.03272727272727273 0.11956521739130435
1 0.10909090909090909 0.6073369565217391 0.02909090909090909 0.10597826086956522
1 0.34363636363636363 0.5978260869565217 0.025454545454545455 0.09239130434782608
1 0.32727272727272727 0.6019021739130435 0.01818181818181818 0.06793478260869565
1 0.29818181818181816 0.6209239130434783 0.02181818181818182 0.08967391304347826
1 0.07727272727272727 0.5991847826086957 0.023636363636363636 0.08423913043478261
1 0.7481818181818182 0.6494565217391304 0.02727272727272727 0.06521739130434782
