1 0.03 0.5533333333333333 0.06 0.2866666666666667
1 0.124 0.5966666666666667 0.07200000000000001 0.29333333333333333
1 0.178 0.505 0.056 0.23
1 0.28200000000000003 0.5950000000000001 0.088 0.36333333333333334
1 0.325 0.51 0.062 0.25333333333333335
1 0.378 0.6583333333333333 0.096 0.39666666666666667
1 0.485 0.5950000000000001 0.08600000000000001 0.35000000000000003
1 0.456 0.5116666666666667 0.044 0.17666666666666667
1 0.556 0.7066666666666667 0.10400000000000001 0.43333333333333335
1 0.611 0.6050000000000001 0.078 0.32333333333333336
1 0.636 0.5533333333333333 0.056 0.22666666666666668
1 0.656 0.5433333333333333 0.052000000000000005 0.21333333333333335
1 0.794 0.4766666666666667 0.028 0.11333333333333334
1 0.902 0.45833333333333337 0.028 0.11666666666666667
1 0.886 0.465 0.024 0.11
1 0.836 0.455 0.016 0.07
1 0.9580000000000001 0.5233333333333333 0.052000000000000005 0.22
1 0.981 0.5883333333333334 0.038 0.27
