1 0.8391666666666667 0.5338345864661653 0.07833333333333334 0.2907268170426065
1 0.675 0.6340852130325814 0.14333333333333334 0.5263157894736842
1 0.7283333333333334 0.525062656641604 0.05333333333333334 0.20300751879699247
1 0.6225 0.5238095238095237 0.058333333333333334 0.22055137844611528
1 0.5950000000000001 0.5162907268170426 0.05666666666666667 0.20551378446115287
1 0.5508333333333334 0.5438596491228069 0.07833333333333334 0.2957393483709273
1 0.5141666666666667 0.5175438596491228 0.06166666666666667 0.22807017543859648
1 0.4916666666666667 0.5137844611528821 0.05333333333333334 0.20050125313283207
1 0.4816666666666667 0.49624060150375937 0.04666666666666667 0.17543859649122806
1 0.42333333333333334 0.5451127819548872 0.08 0.2982456140350877
1 0.39416666666666667 0.5238095238095237 0.06166666666666667 0.23057644110275688
1 0.26083333333333336 0.5388471177944862 0.07833333333333334 0.2907268170426065
1 0.125 0.5538847117794485 0.08 0.2957393483709273
1 0.15833333333333335 0.5238095238095237 0.06333333333333334 0.23558897243107768
1 0.18250000000000002 0.5162907268170426 0.06166666666666667 0.23057644110275688
1 0.2016666666666667 0.49874686716791977 0.05 0.18546365914786966
1 0.22666666666666668 0.48245614035087714 0.04666666666666667 0.17794486215538846
1 0.007500000000000001 0.4649122807017544 0.015000000000000001 0.06265664160401002
1 0.07833333333333334 0.47368421052631576 0.02666666666666667 0.06516290726817042
