1 0.029861111111111113 0.6092592592592593 0.059722222222222225 0.22592592592592595
1 0.23055555555555557 0.525 0.03888888888888889 0.1277777777777778
1 0.2604166666666667 0.549074074074074 0.051388888888888894 0.1685185185185185
1 0.3090277777777778 0.6111111111111112 0.043055555555555555 0.14074074074074075
1 0.3277777777777778 0.5777777777777778 0.05 0.16666666666666669
1 0.3791666666666667 0.5416666666666667 0.044444444444444446 0.1462962962962963
1 0.41597222222222224 0.5472222222222223 0.034722222222222224 0.11666666666666667
1 0.4277777777777778 0.5472222222222223 0.044444444444444446 0.15
1 0.45972222222222225 0.6666666666666667 0.08333333333333334 0.2740740740740741
1 0.5277777777777778 0.6314814814814815 0.06666666666666667 0.22222222222222224
1 0.47847222222222224 0.5351851851851852 0.034722222222222224 0.11111111111111112
1 0.5958333333333333 0.6157407407407408 0.08333333333333334 0.27222222222222225
1 0.6354166666666667 0.6361111111111112 0.07361111111111111 0.2388888888888889
1 0.6888888888888889 0.5472222222222223 0.044444444444444446 0.1462962962962963
1 0.7243055555555555 0.5287037037037037 0.0375 0.12407407407407407
1 0.7729166666666667 0.6138888888888889 0.07083333333333333 0.2351851851851852
1 0.8541666666666667 0.600925925925926 0.0638888888888889 0.21296296296296297
1 0.9097222222222222 0.6370370370370371 0.08888888888888889 0.2888888888888889
1 0.9430555555555556 0.6666666666666667 0.07777777777777778 0.2518518518518519
1 0.9791666666666667 0.5777777777777778 0.04166666666666667 0.17037037037037037
1 0.8076388888888889 0.5796296296296296 0.043055555555555555 0.14444444444444446
1 0.6576388888888889 0.5212962962962964 0.03194444444444445 0.10925925925925926
