1 0.0775 0.5300751879699248 0.12833333333333335 0.47368421052631576
1 0.16416666666666668 0.5401002506265664 0.11833333333333335 0.44360902255639095
1 0.22166666666666668 0.56265664160401 0.12666666666666668 0.46867167919799496
1 0.24833333333333335 0.48746867167919794 0.13333333333333333 0.48872180451127817
1 0.29083333333333333 0.5639097744360901 0.125 0.45614035087719296
1 0.38333333333333336 0.5839598997493733 0.11666666666666667 0.43609022556390975
1 0.4716666666666667 0.6228070175438596 0.11 0.40350877192982454
1 0.5366666666666667 0.5839598997493733 0.11666666666666667 0.42606516290726815
1 0.61 0.5852130325814536 0.12000000000000001 0.44360902255639095
1 0.7075 0.5651629072681704 0.125 0.45864661654135336
1 0.81 0.5538847117794485 0.14 0.5213032581453634
1 0.92 0.5350877192982456 0.1366666666666667 0.5037593984962405
1 0.33 0.3370927318295739 0.05666666666666667 0.13283208020050125
1 0.3725 0.3333333333333333 0.05166666666666667 0.07518796992481203
1 0.43583333333333335 0.3458646616541353 0.045000000000000005 0.10526315789473684
1 0.4675 0.3383458646616541 0.06833333333333334 0.16541353383458646
1 0.52 0.30451127819548873 0.07 0.14786967418546365
1 0.5575 0.3684210526315789 0.055 0.11528822055137844
1 0.5966666666666667 0.3182957393483709 0.07666666666666667 0.14035087719298245
1 0.6741666666666667 0.30451127819548873 0.04833333333333334 0.13283208020050125
1 0.7150000000000001 0.3320802005012531 0.05 0.14285714285714285
1 0.7583333333333334 0.2919799498746867 0.06666666666666667 0.15288220551378445
1 0.8350000000000001 0.3408521303258145 0.04666666666666667 0.14536340852130325
