1 0.8190578158458245 0.8932926829268293 0.05353319057815846 0.18292682926829268
1 0.7612419700214134 0.8597560975609756 0.036402569593147756 0.12804878048780488
1 0.7119914346895075 0.8567073170731707 0.049250535331905786 0.17682926829268295
1 0.6916488222698073 0.8734756097560976 0.047109207708779445 0.16158536585365854
1 0.6509635974304069 0.8704268292682927 0.047109207708779445 0.17378048780487806
1 0.5835117773019273 0.899390243902439 0.049250535331905786 0.17682926829268295
1 0.639186295503212 0.9070121951219513 0.04068522483940043 0.14939024390243902
1 0.6884368308351179 0.9283536585365854 0.032119914346895075 0.11890243902439025
1 0.759100642398287 0.9146341463414634 0.04068522483940043 0.14634146341463417
1 0.1702355460385439 0.8978658536585367 0.049250535331905786 0.17378048780487806
1 0.0802997858672377 0.9039634146341464 0.044967880085653104 0.16158536585365854
1 0.12098501070663813 0.8338414634146342 0.05353319057815846 0.18597560975609756
1 0.09957173447537473 0.7713414634146342 0.049250535331905786 0.17682926829268295
1 0.06531049250535333 0.8170731707317074 0.05353319057815846 0.18292682926829268
1 0.5053533190578159 0.6509146341463414 0.04282655246252677 0.14939024390243902
1 0.47430406852248397 0.6676829268292683 0.044967880085653104 0.15853658536585366
1 0.4464668094218416 0.6753048780487805 0.04068522483940043 0.14329268292682928
1 0.41220556745182013 0.6798780487804879 0.044967880085653104 0.15853658536585366
1 0.37794432548179874 0.6905487804878049 0.036402569593147756 0.125
1 0.354389721627409 0.6935975609756098 0.04068522483940043 0.14329268292682928
1 0.3126338329764454 0.7057926829268293 0.03854389721627409 0.13109756097560976
1 0.28372591006423986 0.701219512195122 0.04068522483940043 0.14634146341463417
1 0.24839400428265526 0.7042682926829269 0.03854389721627409 0.1402439024390244
1 0.10064239828693791 0.4923780487804878 0.034261241970021415 0.125
1 0.04068522483940043 0.4405487804878049 0.034261241970021415 0.11890243902439025
1 0.07815845824411136 0.42378048780487804 0.036402569593147756 0.12804878048780488
1 0.0974304068522484 0.3704268292682927 0.036402569593147756 0.13109756097560976
1 0.03854389721627409 0.3673780487804878 0.029978586723768737 0.10670731707317073
1 0.139186295503212 0.24542682926829268 0.021413276231263385 0.07621951219512195
1 0.2259100642398287 0.21646341463414634 0.023554603854389723 0.08536585365853659
1 0.3158458244111349 0.2545731707317073 0.0278372591006424 0.09451219512195122
1 0.4700214132762313 0.41006097560975613 0.032119914346895075 0.11890243902439025
1 0.4411134903640257 0.4054878048780488 0.034261241970021415 0.12804878048780488
1 0.41113490364025695 0.40396341463414637 0.02569593147751606 0.10060975609756098
1 0.3865096359743041 0.40396341463414637 0.0278372591006424 0.10060975609756098
1 0.2623126338329765 0.19664634146341464 0.0278372591006424 0.09451219512195122
1 0.2119914346895075 0.21341463414634146 0.017130620985010708 0.06707317073170732
1 0.19379014989293364 0.20731707317073172 0.014989293361884369 0.054878048780487805
1 0.632762312633833 0.2698170731707317 0.023554603854389723 0.08231707317073171
1 0.6102783725910065 0.2621951219512195 0.02569593147751606 0.09146341463414634
