1 0.139 0.62 0.10200000000000001 0.3333333333333333
1 0.17400000000000002 0.648 0.12 0.39466666666666667
1 0.24 0.5893333333333333 0.088 0.288
1 0.266 0.632 0.10400000000000001 0.33599999999999997
1 0.331 0.624 0.094 0.31466666666666665
1 0.361 0.5666666666666667 0.078 0.25866666666666666
1 0.43 0.584 0.084 0.2826666666666667
1 0.506 0.5946666666666667 0.084 0.27199999999999996
1 0.561 0.6 0.094 0.30933333333333335
1 0.618 0.568 0.076 0.24533333333333332
1 0.6970000000000001 0.564 0.07 0.22666666666666666
1 0.742 0.5413333333333333 0.06 0.20266666666666666
1 0.808 0.512 0.052000000000000005 0.17066666666666666
1 0.838 0.5026666666666666 0.04 0.13599999999999998
1 0.869 0.508 0.038 0.13066666666666665
1 0.01 0.43466666666666665 0.02 0.07466666666666666
1 0.029 0.43866666666666665 0.026000000000000002 0.08266666666666667
1 0.041 0.43866666666666665 0.026000000000000002 0.08266666666666667
1 0.058 0.4373333333333333 0.024 0.08533333333333333
1 0.076 0.43466666666666665 0.028 0.09066666666666666
1 0.098 0.43866666666666665 0.028 0.09866666666666667
1 0.308 0.5746666666666667 0.084 0.27999999999999997
