1 0.080078125 0.5081120943952803 0.046875 0.17551622418879056
1 0.23193359375 0.5088495575221239 0.0654296875 0.2448377581120944
1 0.17626953125 0.48672566371681414 0.0380859375 0.14454277286135692
1 0.2890625 0.5014749262536873 0.05078125 0.1887905604719764
1 0.33935546875 0.48451327433628316 0.0439453125 0.16371681415929204
1 0.36767578125 0.47640117994100295 0.0361328125 0.1327433628318584
1 0.4248046875 0.5759587020648967 0.125 0.4616519174041298
1 0.5048828125 0.4749262536873156 0.05078125 0.18584070796460178
1 0.56982421875 0.4963126843657817 0.0673828125 0.24926253687315633
1 0.61376953125 0.5272861356932154 0.0927734375 0.3466076696165192
1 0.70947265625 0.5014749262536873 0.0830078125 0.30973451327433627
1 0.8095703125 0.4963126843657817 0.068359375 0.252212389380531
1 0.86474609375 0.47123893805309736 0.0595703125 0.21976401179941002
1 0.931640625 0.4469026548672566 0.03125 0.10914454277286136
1 0.9755859375 0.4491150442477876 0.03125 0.09882005899705015
1 0.271484375 0.43067846607669613 0.0234375 0.05014749262536873
