1 0.8533333333333334 0.5175 0.05333333333333334 0.195
1 0.8283333333333334 0.51375 0.04666666666666667 0.1775
1 0.7791666666666667 0.5125 0.04833333333333334 0.17500000000000002
1 0.5991666666666667 0.49625 0.03166666666666667 0.1225
1 0.5141666666666667 0.69875 0.13166666666666668 0.4825
1 0.47500000000000003 0.68375 0.12666666666666668 0.4625
1 0.21916666666666668 0.47125 0.028333333333333335 0.10250000000000001
1 0.2516666666666667 0.46375 0.02 0.0825
1 0.2391666666666667 0.46875 0.018333333333333333 0.0725
1 0.23083333333333333 0.455 0.021666666666666667 0.08
1 0.20083333333333334 0.4675 0.021666666666666667 0.085
1 0.17083333333333334 0.4675 0.021666666666666667 0.085
1 0.135 0.45875 0.016666666666666666 0.0625
1 0.11666666666666667 0.46 0.02 0.08
1 0.10583333333333333 0.4625 0.018333333333333333 0.075
1 0.09250000000000001 0.4575 0.018333333333333333 0.07
1 0.07916666666666668 0.45875 0.018333333333333333 0.0675
1 0.06416666666666668 0.45375 0.015000000000000001 0.0625
1 0.04666666666666667 0.4575 0.016666666666666666 0.06
1 0.035833333333333335 0.46125 0.015000000000000001 0.0625
1 0.015833333333333335 0.45625 0.018333333333333333 0.0675
1 0.43833333333333335 0.46625 0.02 0.0725
1 0.4033333333333334 0.46125 0.016666666666666666 0.0625
1 0.3541666666666667 0.5325 0.04166666666666667 0.16
1 0.3458333333333334 0.44375000000000003 0.028333333333333335 0.10250000000000001
1 0.3983333333333334 0.555 0.043333333333333335 0.12
1 0.3716666666666667 0.5387500000000001 0.04 0.14250000000000002
