1 0.2016666666666667 0.8182957393483709 0.09000000000000001 0.3383458646616541
1 0.4025 0.7994987468671679 0.10166666666666667 0.37593984962406013
1 0.5 0.8145363408521302 0.09666666666666668 0.3558897243107769
1 0.5575 0.8471177944862155 0.07833333333333334 0.2907268170426065
1 0.6333333333333334 0.8383458646616541 0.08 0.2932330827067669
1 0.7200000000000001 0.8270676691729323 0.08 0.3007518796992481
1 0.8758333333333334 0.7769423558897243 0.115 0.43107769423558895
1 0.91 0.7155388471177945 0.09333333333333334 0.3433583959899749
1 0.7891666666666667 0.7280701754385964 0.03833333333333334 0.14285714285714285
1 0.765 0.7243107769423558 0.02666666666666667 0.10526315789473684
1 0.29833333333333334 0.7994987468671679 0.07 0.2606516290726817
1 0.10833333333333334 0.6679197994987468 0.023333333333333334 0.07268170426065163
1 0.05666666666666667 0.8721804511278195 0.11 0.23558897243107768
