1 0.33916666666666667 0.8275 0.055 0.21
1 0.5991666666666667 0.83125 0.045000000000000005 0.1625
1 0.6558333333333334 0.8300000000000001 0.04833333333333334 0.18
1 0.7083333333333334 0.83625 0.05333333333333334 0.2025
1 0.8175 0.7837500000000001 0.035 0.1325
1 0.8791666666666668 0.7675000000000001 0.025 0.095
1 0.8650000000000001 0.76625 0.02 0.0825
1 0.6233333333333334 0.76625 0.02 0.0825
1 0.5308333333333334 0.7837500000000001 0.028333333333333335 0.1075
1 0.7766666666666667 0.7525000000000001 0.013333333333333334 0.055
1 0.5608333333333334 0.77 0.028333333333333335 0.11
1 0.5833333333333334 0.74 0.02 0.035
1 0.6516666666666667 0.745 0.030000000000000002 0.04
