1 0.4970845481049563 0.541 0.49271137026239065 0.8260000000000001
1 0.8819241982507289 0.435 0.23615160349854228 0.518
1 0.8381924198250729 0.365 0.21282798833819241 0.358
1 0.6137026239067055 0.458 0.2536443148688047 0.432
1 0.6632653061224489 0.341 0.12536443148688045 0.214
1 0.30612244897959184 0.395 0.19825072886297376 0.338
1 0.23323615160349853 0.339 0.09912536443148688 0.166
1 0.18221574344023322 0.324 0.10787172011661808 0.18
1 0.13556851311953352 0.323 0.10204081632653061 0.17
1 0.05830903790087463 0.332 0.09912536443148688 0.164
1 0.029154518950437316 0.33 0.05830903790087463 0.128
1 0.7011661807580175 0.297 0.0553935860058309 0.098
1 0.3454810495626822 0.267 0.061224489795918366 0.07
