1 0.14491150442477876 0.6804635761589404 0.07743362831858407 0.28807947019867547
1 0.18694690265486724 0.6870860927152318 0.07300884955752213 0.27483443708609273
1 0.25110619469026546 0.6506622516556292 0.06415929203539823 0.24172185430463577
1 0.3163716814159292 0.6655629139072847 0.07079646017699115 0.2582781456953642
1 0.3738938053097345 0.6291390728476821 0.05309734513274336 0.2052980132450331
1 0.4435840707964602 0.6639072847682119 0.06858407079646017 0.24834437086092714
1 0.5066371681415929 0.6456953642384106 0.061946902654867256 0.23841059602649006
1 0.547566371681416 0.6655629139072847 0.06415929203539823 0.23841059602649006
1 0.5929203539823009 0.6357615894039735 0.05309734513274336 0.19205298013245034
1 0.6316371681415929 0.6721854304635762 0.06415929203539823 0.23178807947019867
1 0.6969026548672567 0.6672185430463576 0.0663716814159292 0.24172185430463577
1 0.7776548672566371 0.6374172185430463 0.05530973451327434 0.20860927152317882
1 0.8429203539823009 0.6142384105960265 0.05309734513274336 0.19536423841059603
1 0.9225663716814159 0.6109271523178808 0.061946902654867256 0.23509933774834438
