1 0.31833333333333336 0.6297229219143576 0.09333333333333334 0.3526448362720403
1 0.4133333333333334 0.6410579345088161 0.09000000000000001 0.32997481108312343
1 0.5041666666666667 0.6523929471032746 0.10166666666666667 0.3778337531486146
1 0.61 0.5491183879093199 0.05666666666666667 0.20654911838790932
1 0.6975 0.6586901763224181 0.09166666666666667 0.345088161209068
1 0.8058333333333334 0.6939546599496221 0.09166666666666667 0.34005037783375314
1 0.2025 0.5377833753148614 0.058333333333333334 0.2141057934508816
1 0.23583333333333334 0.5365239294710328 0.055 0.21158690176322417
1 0.11833333333333335 0.44206549118387906 0.02 0.07808564231738035
1 0.7433333333333334 0.5201511335012594 0.05333333333333334 0.198992443324937
1 0.025833333333333337 0.4181360201511335 0.025 0.055415617128463476
1 0.04916666666666667 0.4193954659949622 0.018333333333333333 0.042821158690176324
1 0.18666666666666668 0.4445843828715365 0.023333333333333334 0.06801007556675062
1 0.3175 0.41435768261964734 0.021666666666666667 0.042821158690176324
1 0.6166666666666667 0.43198992443324935 0.03666666666666667 0.0579345088161209
1 0.42500000000000004 0.4445843828715365 0.060000000000000005 0.08816120906801007
