1 0.03260869565217391 0.8160535117056856 0.06231884057971015 0.3612040133779264
1 0.08478260869565217 0.7892976588628763 0.05652173913043478 0.3210702341137124
1 0.11666666666666667 0.7792642140468228 0.05652173913043478 0.3210702341137124
1 0.05579710144927536 0.8545150501672241 0.0391304347826087 0.23076923076923075
1 0.14057971014492754 0.7792642140468228 0.04927536231884058 0.2809364548494983
1 0.15869565217391304 0.7892976588628763 0.059420289855072465 0.3411371237458194
1 0.1934782608695652 0.8110367892976589 0.06521739130434782 0.3712374581939799
1 0.2427536231884058 0.794314381270903 0.03333333333333333 0.1906354515050167
1 0.2702898550724638 0.774247491638796 0.05652173913043478 0.32441471571906355
1 0.3144927536231884 0.8043478260869565 0.06376811594202898 0.3712374581939799
1 0.3289855072463768 0.7558528428093645 0.04927536231884058 0.28762541806020064
1 0.34855072463768116 0.7575250836120401 0.036231884057971016 0.21070234113712374
1 0.4007246376811594 0.8010033444816054 0.06521739130434782 0.37792642140468224
1 0.41956521739130437 0.8160535117056856 0.06231884057971015 0.34782608695652173
1 0.44710144927536233 0.765886287625418 0.0536231884057971 0.3076923076923077
1 0.5021739130434782 0.8060200668896321 0.06521739130434782 0.3745819397993311
1 0.5652173913043478 0.782608695652174 0.057971014492753624 0.3277591973244147
1 0.5992753623188406 0.7759197324414716 0.0536231884057971 0.3076923076923077
1 0.65 0.8160535117056856 0.06231884057971015 0.34782608695652173
1 0.7028985507246377 0.8076923076923077 0.06666666666666667 0.37792642140468224
1 0.7282608695652174 0.7608695652173912 0.04492753623188406 0.2508361204013378
1 0.7420289855072464 0.8043478260869565 0.06376811594202898 0.35785953177257523
1 0.7615942028985507 0.7792642140468228 0.059420289855072465 0.33444816053511706
1 0.7797101449275362 0.7424749163879598 0.0463768115942029 0.2608695652173913
1 0.7978260869565218 0.7491638795986622 0.042028985507246375 0.24749163879598662
1 0.8108695652173913 0.7575250836120401 0.04492753623188406 0.2508361204013378
1 0.8478260869565217 0.745819397993311 0.04927536231884058 0.27424749163879597
1 0.8702898550724638 0.7625418060200668 0.042028985507246375 0.24749163879598662
1 0.9108695652173913 0.8110367892976589 0.06231884057971015 0.35785953177257523
1 0.9485507246376812 0.7792642140468228 0.04492753623188406 0.2608695652173913
1 0.9818840579710145 0.7558528428093645 0.036231884057971016 0.2809364548494983
1 0.9753623188405797 0.7525083612040133 0.0463768115942029 0.26755852842809363
1 0.9572463768115942 0.7692307692307692 0.042028985507246375 0.2408026755852843
1 0.8826086956521739 0.7608695652173912 0.043478260869565216 0.2508361204013378
1 0.527536231884058 0.7424749163879598 0.03768115942028986 0.22073578595317725
1 0.4608695652173913 0.7424749163879598 0.04057971014492753 0.22742474916387959
1 0.22608695652173913 0.7591973244147157 0.04057971014492753 0.2408026755852843
1 0.37681159420289856 0.7307692307692307 0.034782608695652174 0.19732441471571907
1 0.4746376811594203 0.745819397993311 0.0391304347826087 0.22073578595317725
1 0.941304347826087 0.6588628762541806 0.013043478260869566 0.06688963210702341
1 0.05507246376811594 0.697324414715719 0.026086956521739132 0.15719063545150502
1 0.04492753623188406 0.6438127090301003 0.017391304347826087 0.056856187290969896
1 0.013768115942028985 0.7190635451505016 0.015942028985507246 0.15384615384615385
1 0.13478260869565217 0.6555183946488294 0.014492753623188406 0.06020066889632107
1 0.09710144927536232 0.6488294314381271 0.014492753623188406 0.07357859531772575
1 0.24492753623188407 0.677257525083612 0.02318840579710145 0.0903010033444816
1 0.4847826086956522 0.6755852842809364 0.01884057971014493 0.10702341137123746
1 0.4717391304347826 0.6304347826086957 0.013043478260869566 0.03678929765886287
1 0.49492753623188407 0.6020066889632107 0.021739130434782608 0.06688963210702341
1 0.6253623188405797 0.677257525083612 0.03333333333333333 0.0903010033444816
1 0.631159420289855 0.6806020066889632 0.021739130434782608 0.09698996655518395
1 0.6326086956521739 0.617056856187291 0.013043478260869566 0.043478260869565216
1 0.6768115942028986 0.6705685618729097 0.034782608695652174 0.13712374581939799
1 0.8311594202898551 0.6939799331103679 0.021739130434782608 0.11705685618729096
1 0.16521739130434782 0.9297658862876254 0.06956521739130435 0.13377926421404682
1 0.5695652173913044 0.9548494983277592 0.05507246376811594 0.08361204013377926
