1 0.24333333333333332 0.561122244488978 0.22 0.8056112224448897
1 0.4026666666666667 0.49098196392785565 0.14666666666666667 0.5370741482965932
1 0.44066666666666665 0.4448897795591182 0.10533333333333333 0.3887775551102204
1 0.482 0.42384769539078154 0.07866666666666666 0.29058116232464926
1 0.5826666666666667 0.4448897795591182 0.09333333333333332 0.34068136272545085
1 0.65 0.48697394789579157 0.12933333333333333 0.47695390781563124
1 0.72 0.5831663326653306 0.19733333333333333 0.721442885771543
1 0.8099999999999999 0.4098196392785571 0.036 0.1342685370741483
1 0.84 0.406813627254509 0.03733333333333333 0.13627254509018036
1 0.862 0.4198396793587174 0.04133333333333333 0.15430861723446893
1 0.8906666666666666 0.407815631262525 0.042666666666666665 0.15831663326653306
1 0.9219999999999999 0.41783567134268534 0.03333333333333333 0.12625250501002003
1 0.964 0.4288577154308617 0.04533333333333333 0.16432865731462926
1 0.9833333333333333 0.4288577154308617 0.03333333333333333 0.15230460921843686
1 0.952 0.4158316633266533 0.034666666666666665 0.13026052104208416
1 0.9079999999999999 0.4168336673346693 0.032 0.11623246492985971
1 0.506 0.4018036072144288 0.044 0.1623246492985972
1 0.5233333333333333 0.3837675350701403 0.036 0.1342685370741483
1 0.021333333333333333 0.42084168336673344 0.042666666666666665 0.25250501002004005
1 0.30933333333333335 0.5050100200400801 0.10133333333333333 0.23246492985971942
1 0.07733333333333334 0.3416833667334669 0.03733333333333333 0.08617234468937875
1 0.018666666666666665 0.56312625250501 0.03733333333333333 0.2004008016032064
1 0.030666666666666665 0.344689378757515 0.016 0.04809619238476953
1 0.9386666666666666 0.3717434869739479 0.010666666666666666 0.038076152304609215
1 0.612 0.3166332665330661 0.018666666666666665 0.03206412825651302
1 0.5093333333333333 0.3256513026052104 0.013333333333333332 0.022044088176352703
