1 0.78 0.6357142857142857 0.14400000000000002 0.5114285714285715
1 0.896 0.5414285714285715 0.06 0.22
1 0.908 0.5271428571428571 0.052000000000000005 0.19142857142857142
1 0.634 0.5242857142857142 0.048 0.16857142857142857
1 0.705 0.5142857142857142 0.038 0.14285714285714285
1 0.747 0.5085714285714286 0.034 0.12
1 0.836 0.5985714285714285 0.096 0.3342857142857143
1 0.613 0.5028571428571429 0.03 0.10285714285714286
1 0.553 0.5442857142857143 0.062 0.22
1 0.522 0.4957142857142857 0.024 0.09428571428571429
1 0.487 0.5114285714285715 0.038 0.13714285714285715
1 0.468 0.5014285714285714 0.024 0.09428571428571429
1 0.417 0.5671428571428572 0.08600000000000001 0.3
1 0.378 0.5257142857142857 0.044 0.15428571428571428
1 0.34900000000000003 0.5 0.03 0.10285714285714286
1 0.315 0.5128571428571429 0.038 0.14
1 0.252 0.5328571428571428 0.056 0.19714285714285715
1 0.265 0.5185714285714286 0.042 0.15142857142857144
1 0.18 0.5214285714285715 0.044 0.16285714285714287
1 0.054 0.49 0.016 0.06571428571428571
1 0.021 0.4942857142857143 0.022 0.08
1 0.034 0.48857142857142855 0.02 0.07428571428571429
1 0.078 0.49 0.02 0.07714285714285714
1 0.094 0.49142857142857144 0.02 0.08
1 0.126 0.5071428571428571 0.036000000000000004 0.12285714285714286
1 0.20800000000000002 0.4828571428571429 0.016 0.05714285714285714
1 0.226 0.5014285714285714 0.032 0.11142857142857143
1 0.335 0.48 0.01 0.045714285714285714
1 0.406 0.5 0.028 0.10857142857142857
1 0.28600000000000003 0.4857142857142857 0.012 0.05142857142857143
1 0.108 0.48857142857142855 0.012 0.05142857142857143
1 0.116 0.49 0.02 0.07142857142857142
1 0.161 0.5185714285714286 0.038 0.13428571428571429
1 0.146 0.51 0.036000000000000004 0.12857142857142856
