1 0.0425 0.7000000000000001 0.04833333333333334 0.185
1 0.09333333333333334 0.70375 0.05 0.1825
1 0.12916666666666668 0.70625 0.045000000000000005 0.17250000000000001
1 0.14916666666666667 0.69875 0.04833333333333334 0.1775
1 0.16166666666666668 0.6775 0.043333333333333335 0.16
1 0.1991666666666667 0.67125 0.03833333333333334 0.1475
1 0.17583333333333334 0.6725 0.03833333333333334 0.14
1 0.23833333333333334 0.67125 0.03666666666666667 0.14250000000000002
1 0.2566666666666667 0.7000000000000001 0.04666666666666667 0.18
1 0.28500000000000003 0.6900000000000001 0.04666666666666667 0.17500000000000002
1 0.3141666666666667 0.67625 0.035 0.1325
1 0.30083333333333334 0.6825 0.045000000000000005 0.165
1 0.3591666666666667 0.69875 0.04833333333333334 0.1825
1 0.37833333333333335 0.68625 0.043333333333333335 0.1575
1 0.3891666666666667 0.68375 0.035 0.1375
1 0.5733333333333334 0.70125 0.04666666666666667 0.1775
1 0.5616666666666666 0.6875 0.04 0.155
1 0.5491666666666667 0.6825 0.03833333333333334 0.14
1 0.635 0.69625 0.03666666666666667 0.14250000000000002
1 0.6791666666666667 0.69125 0.035 0.1325
1 0.7116666666666667 0.7225 0.043333333333333335 0.165
1 0.7241666666666667 0.69625 0.03833333333333334 0.14250000000000002
1 0.7333333333333334 0.6875 0.04 0.145
1 0.7491666666666668 0.6975 0.045000000000000005 0.165
1 0.77 0.71625 0.04666666666666667 0.1775
1 0.8216666666666668 0.7125 0.043333333333333335 0.16
1 0.8450000000000001 0.71875 0.04666666666666667 0.1775
1 0.8808333333333334 0.69125 0.045000000000000005 0.1625
1 0.9166666666666667 0.7175 0.05 0.185
1 0.9375000000000001 0.71375 0.045000000000000005 0.1625
1 0.9783333333333334 0.71625 0.043333333333333335 0.1775
1 0.9633333333333334 0.67875 0.03666666666666667 0.1325
1 0.6641666666666667 0.68875 0.03166666666666667 0.1225
1 0.5975 0.6900000000000001 0.035 0.13
1 0.5025000000000001 0.68625 0.035 0.1325
1 0.4575 0.68 0.03833333333333334 0.14
1 0.3275 0.6675 0.03166666666666667 0.115
1 0.9266666666666667 0.63375 0.013333333333333334 0.0375
1 0.006666666666666667 0.67375 0.013333333333333334 0.1475
1 0.9900000000000001 0.645 0.016666666666666666 0.055
