1 0.887 0.6639999999999999 0.094 0.304
1 0.75 0.6426666666666666 0.092 0.30933333333333335
1 0.835 0.6026666666666667 0.03 0.096
1 0.8180000000000001 0.6053333333333333 0.024 0.08533333333333333
1 0.965 0.6826666666666666 0.07 0.42133333333333334
1 0.792 0.5973333333333333 0.028 0.10133333333333333
1 0.717 0.5933333333333333 0.03 0.09866666666666667
1 0.684 0.5946666666666667 0.036000000000000004 0.11733333333333333
1 0.667 0.6 0.038 0.12266666666666666
1 0.635 0.608 0.034 0.11733333333333333
1 0.6 0.604 0.036000000000000004 0.11466666666666667
1 0.454 0.6266666666666666 0.076 0.24533333333333332
1 0.428 0.6186666666666667 0.068 0.224
1 0.533 0.6306666666666666 0.078 0.25866666666666666
1 0.212 0.6106666666666667 0.06 0.20266666666666666
1 0.167 0.612 0.058 0.18933333333333333
1 0.107 0.604 0.054 0.184
1 0.069 0.6 0.05 0.16533333333333333
1 0.032 0.5893333333333333 0.044 0.14933333333333332
1 0.323 0.5773333333333334 0.034 0.11466666666666667
1 0.297 0.5853333333333333 0.03 0.104
1 0.357 0.608 0.058 0.18666666666666665
1 0.402 0.584 0.032 0.112
1 0.391 0.5773333333333334 0.026000000000000002 0.088
1 0.376 0.5786666666666667 0.028 0.09066666666666666
1 0.483 0.5933333333333333 0.034 0.10933333333333332
1 0.506 0.5933333333333333 0.036000000000000004 0.11466666666666667
1 0.493 0.5893333333333333 0.034 0.112
1 0.47300000000000003 0.584 0.03 0.10666666666666666
1 0.065 0.6839999999999999 0.13 0.22666666666666666
1 0.045 0.632 0.09 0.144
1 0.244 0.6186666666666667 0.064 0.10666666666666666
1 0.40800000000000003 0.7333333333333333 0.168 0.30933333333333335
1 0.589 0.6946666666666667 0.122 0.24266666666666667
1 0.007 0.5453333333333333 0.014 0.04
1 0.517 0.5466666666666666 0.01 0.032
