1 0.9517857142857142 0.8151595744680851 0.09642857142857142 0.2526595744680851
1 0.8642857142857142 0.7127659574468085 0.12142857142857143 0.22872340425531915
1 0.8071428571428572 0.7420212765957447 0.1357142857142857 0.25
1 0.6857142857142857 0.6808510638297872 0.12142857142857143 0.2180851063829787
1 0.5375 0.7845744680851063 0.13214285714285715 0.25
1 0.5339285714285714 0.7194148936170213 0.11785714285714285 0.22074468085106383
1 0.29107142857142854 0.6542553191489362 0.11785714285714285 0.2127659574468085
1 0.18214285714285713 0.6954787234042553 0.1357142857142857 0.24734042553191488
1 0.04642857142857143 0.6888297872340425 0.09285714285714286 0.31382978723404253
1 0.06607142857142857 0.1875 0.13214285714285715 0.36436170212765956
1 0.1839285714285714 0.20877659574468085 0.225 0.40691489361702127
1 0.2517857142857143 0.18218085106382978 0.18928571428571428 0.3484042553191489
1 0.40714285714285714 0.18085106382978722 0.19285714285714284 0.35106382978723405
1 0.6410714285714285 0.16090425531914893 0.16785714285714284 0.31117021276595747
1 0.8107142857142857 0.1728723404255319 0.17857142857142858 0.324468085106383
1 0.32857142857142857 0.08244680851063829 0.02857142857142857 0.05319148936170213
1 0.13035714285714287 0.5598404255319149 0.11785714285714285 0.1356382978723404
1 0.5357142857142857 0.0797872340425532 0.10714285714285714 0.11170212765957446
1 0.5821428571428571 0.06914893617021277 0.07857142857142857 0.11170212765957446
1 0.5428571428571428 0.29654255319148937 0.2857142857142857 0.34308510638297873
1 0.7160714285714286 0.32313829787234044 0.19642857142857142 0.2845744680851064
1 0.8875 0.28856382978723405 0.21785714285714286 0.3484042553191489
1 0.29642857142857143 0.06515957446808511 0.02142857142857143 0.018617021276595744
