1 0.0234375 0.6100702576112412 0.046875 0.28805620608899296
1 0.06640625 0.5901639344262295 0.045312500000000006 0.17330210772833723
1 0.1015625 0.5960187353629977 0.0625 0.23185011709601874
1 0.2328125 0.5714285714285714 0.053125000000000006 0.1920374707259953
1 0.33515625000000004 0.5702576112412178 0.0546875 0.1990632318501171
1 0.32578125 0.5573770491803278 0.0546875 0.20140515222482436
1 0.784375 0.509367681498829 0.040625 0.14754098360655737
1 0.90546875 0.5245901639344263 0.09531250000000001 0.351288056206089
1 0.51171875 0.5433255269320844 0.060937500000000006 0.22482435597189696
1 0.50703125 0.5292740046838408 0.060937500000000006 0.22482435597189696
1 0.3484375 0.6182669789227166 0.125 0.18266978922716628
1 0.18906250000000002 0.5995316159250585 0.037500000000000006 0.13114754098360656
1 0.6257812500000001 0.5960187353629977 0.09531250000000001 0.18032786885245902
1 0.69453125 0.4203747072599532 0.07968750000000001 0.08665105386416862
1 0.7828125 0.6311475409836066 0.12187500000000001 0.3161592505854801
1 0.18906250000000002 0.5866510538641686 0.034375 0.06323185011709602
1 0.62890625 0.4765807962529274 0.0421875 0.09601873536299765
