1 0.3491666666666667 0.67125 0.10500000000000001 0.3825
1 0.4366666666666667 0.61625 0.07 0.2575
1 0.4691666666666667 0.6325000000000001 0.09166666666666667 0.34500000000000003
1 0.5066666666666667 0.60875 0.060000000000000005 0.2225
1 0.5458333333333334 0.65375 0.10166666666666667 0.3775
1 0.6208333333333333 0.62625 0.06833333333333334 0.2525
1 0.6783333333333333 0.65125 0.08333333333333334 0.3025
1 0.7316666666666667 0.63375 0.07333333333333333 0.2775
1 0.795 0.64 0.06666666666666667 0.245
1 0.8291666666666667 0.61875 0.065 0.23750000000000002
1 0.8666666666666667 0.6075 0.06666666666666667 0.245
1 0.9041666666666667 0.5975 0.058333333333333334 0.22
1 0.9283333333333333 0.595 0.05666666666666667 0.20500000000000002
1 0.9433333333333334 0.59875 0.05 0.1925
1 0.9741666666666667 0.61375 0.05166666666666667 0.2625
1 0.03666666666666667 0.21125 0.02666666666666667 0.10250000000000001
1 0.9650000000000001 0.51625 0.030000000000000002 0.0525
1 0.775 0.51125 0.02666666666666667 0.0475
1 0.6525000000000001 0.5025000000000001 0.021666666666666667 0.05
1 0.49000000000000005 0.50625 0.016666666666666666 0.0625
1 0.42333333333333334 0.4975 0.023333333333333334 0.055
1 0.15916666666666668 0.6125 0.025 0.03
1 0.19166666666666668 0.60375 0.030000000000000002 0.0425
1 0.1675 0.58625 0.018333333333333333 0.0325
1 0.15416666666666667 0.5875 0.03833333333333334 0.065
1 0.12083333333333333 0.58875 0.025 0.0675
1 0.10333333333333335 0.60875 0.030000000000000002 0.0525
1 0.05666666666666667 0.58875 0.030000000000000002 0.0525
1 0.035 0.61875 0.030000000000000002 0.0575
1 0.025 0.57375 0.03666666666666667 0.0475
