1 0.0224609375 0.3997071742313324 0.044921875 0.1903367496339678
1 0.10107421875 0.37701317715959004 0.0537109375 0.19765739385065886
1 0.16552734375 0.37774524158125916 0.0537109375 0.19912152269399708
1 0.2255859375 0.369692532942899 0.060546875 0.22108345534407028
1 0.1416015625 0.5585651537335286 0.119140625 0.4407027818448024
1 0.298828125 0.4751098096632504 0.1015625 0.376281112737921
1 0.39013671875 0.4348462664714495 0.0849609375 0.3162518301610542
1 0.5146484375 0.520497803806735 0.125 0.4612005856515373
1 0.5732421875 0.4670571010248902 0.1015625 0.3718887262079063
1 0.63232421875 0.43923865300146414 0.0927734375 0.3396778916544656
1 0.86328125 0.5058565153733529 0.130859375 0.48169838945827237
1 0.1923828125 0.2562225475841874 0.0234375 0.04978038067349927
1 0.587890625 0.3140556368960469 0.02734375 0.05124450951683748
1 0.6484375 0.3191800878477306 0.017578125 0.040995607613469986
1 0.6328125 0.30307467057101023 0.013671875 0.03513909224011713
1 0.65625 0.2708638360175696 0.017578125 0.03513909224011713
1 0.67626953125 0.2642752562225476 0.0205078125 0.04538799414348463
1 0.662109375 0.31991215226939973 0.01953125 0.036603221083455345
1 0.67919921875 0.31185944363103957 0.0205078125 0.040995607613469986
1 0.72216796875 0.25915080527086387 0.0185546875 0.029282576866764276
1 0.744140625 0.2518301610541728 0.0234375 0.043923865300146414
1 0.771484375 0.25988286969253294 0.01953125 0.04538799414348463
1 0.76171875 0.31332357247437775 0.021484375 0.055636896046852125
1 0.740234375 0.3008784773060029 0.01953125 0.04538799414348463
1 0.71728515625 0.3206442166910688 0.0185546875 0.04685212298682284
1 0.80712890625 0.3074670571010249 0.0146484375 0.043923865300146414
1 0.8798828125 0.31259150805270863 0.021484375 0.0424597364568082
1 0.89990234375 0.29209370424597364 0.0244140625 0.0424597364568082
1 0.93798828125 0.2935578330893119 0.0244140625 0.036603221083455345
1 0.962890625 0.2972181551976574 0.0234375 0.043923865300146414
1 0.9833984375 0.2847730600292826 0.025390625 0.05124450951683748
1 0.11572265625 0.26061493411420206 0.0263671875 0.04685212298682284
