1 0.3408333333333334 0.5977443609022556 0.21833333333333335 0.7994987468671679
1 0.5758333333333334 0.5964912280701754 0.2016666666666667 0.7418546365914787
1 0.7133333333333334 0.5137844611528821 0.16666666666666669 0.6165413533834586
1 0.7833333333333334 0.39473684210526316 0.10333333333333335 0.38847117794486213
1 0.8191666666666667 0.5739348370927317 0.155 0.5764411027568922
1 0.8916666666666667 0.637844611528822 0.19333333333333336 0.7092731829573935
1 0.09916666666666667 0.38596491228070173 0.10500000000000001 0.38596491228070173
1 0.18000000000000002 0.424812030075188 0.09000000000000001 0.3383458646616541
1 0.18083333333333335 0.23934837092731828 0.008333333333333333 0.03258145363408521
1 0.22 0.36466165413533835 0.09000000000000001 0.3283208020050125
1 0.42000000000000004 0.3972431077694235 0.07333333333333333 0.2631578947368421
1 0.5291666666666667 0.29949874686716793 0.055 0.10776942355889724
1 0.6383333333333334 0.3082706766917293 0.043333333333333335 0.13533834586466165
1 0.685 0.28195488721804507 0.03666666666666667 0.05764411027568922
