1 0.16643356643356644 0.5122950819672132 0.0979020979020979 0.6967213114754098
1 0.17832167832167833 0.4057377049180328 0.08531468531468532 0.6065573770491803
1 0.213986013986014 0.3627049180327869 0.06153846153846154 0.44672131147540983
1 0.39370629370629373 0.555327868852459 0.1076923076923077 0.7827868852459017
1 0.2902097902097902 0.29508196721311475 0.015384615384615385 0.12295081967213116
1 0.5517482517482517 0.4836065573770492 0.07132867132867132 0.5163934426229508
1 0.6027972027972028 0.5963114754098361 0.07272727272727272 0.5286885245901639
1 0.6748251748251748 0.45081967213114754 0.04055944055944056 0.2868852459016394
1 0.7174825174825175 0.7110655737704918 0.06993006993006994 0.5122950819672132
1 0.7923076923076923 0.5450819672131147 0.06573426573426573 0.4672131147540984
1 0.7685314685314685 0.42418032786885246 0.03496503496503497 0.2581967213114754
1 0.862937062937063 0.444672131147541 0.03076923076923077 0.2336065573770492
1 0.9307692307692308 0.5983606557377049 0.08251748251748252 0.5983606557377049
1 0.9881118881118881 0.43032786885245905 0.023776223776223775 0.19672131147540983
1 0.6230769230769231 0.3155737704918033 0.02937062937062937 0.11475409836065574
1 0.7237762237762237 0.3627049180327869 0.03776223776223776 0.1598360655737705
1 0.9538461538461539 0.3483606557377049 0.027972027972027972 0.09016393442622951
1 0.012587412587412587 0.29508196721311475 0.008391608391608392 0.09016393442622951
1 0.032167832167832165 0.2930327868852459 0.022377622377622378 0.0778688524590164
