1 0.059000000000000004 0.5613333333333334 0.058 0.18933333333333333
1 0.125 0.5813333333333334 0.066 0.224
1 0.196 0.6613333333333333 0.096 0.31466666666666665
1 0.243 0.5733333333333334 0.07 0.23466666666666666
1 0.29 0.584 0.076 0.25066666666666665
1 0.356 0.608 0.076 0.256
1 0.418 0.624 0.088 0.29333333333333333
1 0.482 0.6626666666666666 0.096 0.3173333333333333
1 0.517 0.6346666666666666 0.098 0.32
1 0.601 0.7133333333333333 0.126 0.41333333333333333
1 0.681 0.6773333333333333 0.122 0.39466666666666667
1 0.738 0.7146666666666667 0.132 0.4373333333333333
1 0.788 0.7493333333333333 0.14400000000000002 0.4693333333333333
1 0.859 0.764 0.134 0.43466666666666665
1 0.924 0.728 0.152 0.512
1 0.122 0.8226666666666667 0.216 0.328
1 0.964 0.5693333333333334 0.06 0.14133333333333334
1 0.968 0.752 0.052000000000000005 0.16533333333333333
1 0.621 0.5386666666666666 0.054 0.10666666666666666
