1 0.056 0.6906906906906907 0.112 0.4804804804804805
1 0.105 0.7012012012012012 0.062 0.23723723723723725
1 0.184 0.6966966966966966 0.076 0.2882882882882883
1 0.131 0.6906906906906907 0.03 0.12012012012012012
1 0.25 0.6726726726726726 0.176 0.6486486486486487
1 0.27 0.6936936936936937 0.092 0.34234234234234234
1 0.308 0.6921921921921922 0.056 0.2072072072072072
1 0.396 0.7102102102102102 0.116 0.4294294294294294
1 0.486 0.7162162162162162 0.07200000000000001 0.26126126126126126
1 0.585 0.7102102102102102 0.09 0.32732732732732733
1 0.625 0.7057057057057057 0.054 0.2042042042042042
1 0.685 0.7147147147147147 0.146 0.5345345345345345
1 0.786 0.7177177177177178 0.1 0.37237237237237236
1 0.871 0.7267267267267267 0.082 0.3003003003003003
1 0.903 0.7327327327327328 0.062 0.22822822822822822
