1 0.4108333333333334 0.34375 0.165 0.6075
1 0.0625 0.4975 0.125 0.8
1 0.09333333333333334 0.43125 0.18666666666666668 0.7525000000000001
1 0.1391666666666667 0.4475 0.18833333333333335 0.6900000000000001
1 0.9191666666666667 0.49875 0.16166666666666668 0.9725
1 0.8916666666666667 0.49875 0.21666666666666667 0.9725
1 0.8383333333333334 0.49375 0.26 0.9575
1 0.625 0.4525 0.13333333333333333 0.495
1 0.6858333333333334 0.46 0.13166666666666668 0.48
1 0.7216666666666667 0.46625 0.16 0.5875
1 0.5808333333333334 0.45 0.10166666666666667 0.375
1 0.5441666666666667 0.41125 0.058333333333333334 0.2125
1 0.5183333333333333 0.42375 0.060000000000000005 0.2275
1 0.4991666666666667 0.42125 0.058333333333333334 0.2175
1 0.46416666666666667 0.40375 0.04833333333333334 0.1825
1 0.2991666666666667 0.40750000000000003 0.08166666666666667 0.305
1 0.6966666666666667 0.52625 0.06666666666666667 0.1525
1 0.7933333333333333 0.15125 0.11 0.1775
1 0.8600000000000001 0.10875 0.09333333333333334 0.17250000000000001
1 0.5583333333333333 0.3275 0.03666666666666667 0.065
1 0.16 0.26375 0.04666666666666667 0.11750000000000001
1 0.2041666666666667 0.22 0.03166666666666667 0.095
1 0.23 0.3175 0.05333333333333334 0.11
1 0.26333333333333336 0.29 0.03333333333333333 0.075
1 0.22916666666666669 0.2025 0.035 0.09
1 0.2566666666666667 0.21875 0.030000000000000002 0.0725
1 0.28583333333333333 0.25375000000000003 0.03166666666666667 0.0775
