1 0.1525 0.550561797752809 0.23500000000000001 0.8614232209737828
1 0.28625 0.5580524344569289 0.1875 0.6966292134831461
1 0.215 0.5449438202247191 0.18 0.6554307116104869
1 0.42625 0.5973782771535581 0.2125 0.7827715355805244
1 0.4525 0.5580524344569289 0.22 0.8014981273408239
1 0.6525 0.5262172284644194 0.17 0.6179775280898876
1 0.7225 0.5617977528089888 0.225 0.8314606741573034
1 0.53125 0.3782771535580524 0.1225 0.449438202247191
1 0.5875 0.4157303370786517 0.095 0.3595505617977528
1 0.805 0.47191011235955055 0.16 0.5842696629213483
1 0.86375 0.4794007490636704 0.1875 0.6966292134831461
1 0.93125 0.5599250936329588 0.1375 0.7677902621722846
1 0.90625 0.21910112359550563 0.0525 0.12359550561797752
1 0.57375 0.20037453183520598 0.0475 0.09363295880149813
1 0.32 0.27715355805243447 0.075 0.1348314606741573
1 0.04875 0.2397003745318352 0.0775 0.149812734082397
