1 0.05 0.6207951070336392 0.096 0.36085626911314983
1 0.113 0.6070336391437309 0.11 0.41284403669724773
1 0.166 0.6100917431192661 0.088 0.327217125382263
1 0.224 0.6406727828746177 0.096 0.363914373088685
1 0.275 0.7018348623853211 0.07 0.27217125382262997
1 0.321 0.6590214067278287 0.106 0.40061162079510704
1 0.38 0.6055045871559633 0.092 0.3547400611620795
1 0.419 0.6758409785932722 0.106 0.4036697247706422
1 0.47700000000000004 0.6146788990825688 0.106 0.4036697247706422
1 0.512 0.6926605504587156 0.1 0.382262996941896
1 0.544 0.6376146788990825 0.1 0.3761467889908257
1 0.635 0.6987767584097859 0.11 0.41896024464831805
1 0.732 0.7201834862385321 0.112 0.41896024464831805
1 0.8140000000000001 0.7155963302752294 0.124 0.4709480122324159
1 0.912 0.6620795107033639 0.112 0.42507645259938837
1 0.9440000000000001 0.7415902140672783 0.112 0.4434250764525994
1 0.6880000000000001 0.6513761467889908 0.096 0.3669724770642202
1 0.196 0.5718654434250765 0.04 0.15902140672782875
1 0.877 0.4418960244648318 0.03 0.11926605504587157
1 0.929 0.44036697247706424 0.026000000000000002 0.10397553516819572
