1 0.9150943396226415 0.3275 0.1320754716981132 0.525
1 0.8663522012578617 0.3625 0.11006289308176101 0.445
1 0.169811320754717 0.6575 0.1320754716981132 0.375
1 0.27044025157232704 0.66 0.10062893081761007 0.46
1 0.3459119496855346 0.6175 0.10062893081761007 0.365
1 0.4418238993710692 0.6 0.11006289308176101 0.43
1 0.5455974842767296 0.5975 0.1289308176100629 0.47500000000000003
1 0.6069182389937108 0.5325 0.08176100628930819 0.375
1 0.6855345911949686 0.5425 0.09433962264150944 0.305
1 0.7735849056603774 0.5425 0.10062893081761007 0.34500000000000003
1 0.8710691823899371 0.5475 0.11320754716981132 0.435
1 0.1320754716981132 0.3825 0.10062893081761007 0.355
1 0.22169811320754718 0.36 0.09119496855345913 0.3
1 0.3066037735849057 0.3425 0.0849056603773585 0.295
1 0.38836477987421386 0.325 0.09119496855345913 0.29
1 0.5015723270440252 0.3375 0.09119496855345913 0.295
1 0.628930817610063 0.3075 0.12578616352201258 0.275
1 0.6949685534591196 0.3175 0.08176100628930819 0.23500000000000001
1 0.7468553459119497 0.29 0.07232704402515723 0.19
1 0.8144654088050315 0.1975 0.06289308176100629 0.145
