1 0.06938775510204082 0.4713896457765667 0.06938775510204082 0.22343324250681199
1 0.030612244897959186 0.4931880108991825 0.06122448979591837 0.23978201634877383
1 0.1326530612244898 0.5340599455040872 0.08571428571428572 0.2888283378746594
1 0.18775510204081636 0.5340599455040872 0.04081632653061225 0.1416893732970027
1 0.9040816326530613 0.5544959128065395 0.08979591836734695 0.29155313351498635
1 0.9642857142857144 0.5286103542234333 0.07142857142857144 0.2833787465940054
1 0.10714285714285715 0.4209809264305177 0.04693877551020409 0.08991825613079019
1 0.24285714285714288 0.6948228882833787 0.11020408163265308 0.24523160762942778
1 0.3887755102040817 0.7247956403269754 0.09591836734693879 0.23978201634877383
1 0.5918367346938777 0.664850136239782 0.1142857142857143 0.16348773841961853
1 0.43469387755102046 0.603542234332425 0.07346938775510205 0.12261580381471389
1 0.5153061224489797 0.6185286103542235 0.0673469387755102 0.11444141689373297
1 0.29285714285714287 0.603542234332425 0.1 0.12806539509536785
