1 0.0888671875 0.4659248956884562 0.080078125 0.2809457579972183
1 0.16259765625 0.47426981919332406 0.0888671875 0.3087621696801113
1 0.208984375 0.46314325452016686 0.0703125 0.24756606397774686
1 0.29248046875 0.4951321279554937 0.0927734375 0.32545201668984697
1 0.41064453125 0.5528511821974965 0.0791015625 0.2767732962447844
1 0.42236328125 0.47844228094575797 0.0869140625 0.3031988873435327
1 0.4072265625 0.45340751043115435 0.072265625 0.2559109874826147
1 0.544921875 0.5146036161335188 0.125 0.4367176634214186
1 0.61376953125 0.5041724617524339 0.0888671875 0.3101529902642559
1 0.69873046875 0.4951321279554937 0.0771484375 0.27260083449235045
1 0.712890625 0.47218358831710705 0.068359375 0.23783031988873435
1 0.76513671875 0.4694019471488178 0.0673828125 0.23504867872044505
1 0.82080078125 0.4485396383866481 0.0634765625 0.2211404728789986
1 0.84765625 0.4561891515994437 0.0546875 0.19193324061196104
1 0.88671875 0.4561891515994437 0.05859375 0.20305980528511822
1 0.98046875 0.456884561891516 0.0390625 0.21001390820584143
1 0.0224609375 0.45271210013908203 0.044921875 0.1905424200278164
1 0.04931640625 0.4700973574408901 0.0419921875 0.1446453407510431
