1 0.9797872340425532 0.5711920529801324 0.031914893617021274 0.12251655629139073
1 0.9468085106382979 0.5678807947019867 0.031914893617021274 0.12251655629139073
1 0.9223404255319149 0.5629139072847682 0.029787234042553193 0.11920529801324503
1 0.9031914893617021 0.5629139072847682 0.027659574468085108 0.10927152317880795
1 0.8792553191489362 0.5579470198675497 0.030851063829787233 0.12251655629139073
1 0.8473404255319149 0.5538079470198676 0.03297872340425532 0.12748344370860928
1 0.8085106382978724 0.5562913907284768 0.025531914893617023 0.10264900662251655
1 0.7718085106382979 0.5529801324503312 0.026595744680851064 0.10596026490066225
1 0.7526595744680851 0.5496688741721855 0.02446808510638298 0.09271523178807947
1 0.7218085106382979 0.5463576158940397 0.026595744680851064 0.09933774834437085
1 0.7063829787234043 0.5513245033112583 0.023404255319148935 0.08940397350993377
1 0.6792553191489362 0.5438741721854304 0.02446808510638298 0.09768211920529801
1 0.600531914893617 0.5413907284768212 0.02021276595744681 0.07947019867549669
1 0.6452127659574468 0.5438741721854304 0.02446808510638298 0.09437086092715231
1 0.5702127659574469 0.5355960264900662 0.02127659574468085 0.08443708609271523
1 0.5457446808510639 0.5355960264900662 0.019148936170212766 0.07781456953642384
1 0.524468085106383 0.5347682119205298 0.019148936170212766 0.0728476821192053
1 0.4345744680851064 0.5240066225165563 0.02021276595744681 0.08112582781456953
1 0.4978723404255319 0.5339403973509934 0.019148936170212766 0.07781456953642384
1 0.4819148936170213 0.5289735099337748 0.019148936170212766 0.07450331125827815
1 0.8632978723404255 0.34519867549668876 0.09893617021276596 0.1672185430463576
