1 0.28833333333333333 0.6495412844036698 0.05 0.20550458715596331
1 0.3688888888888889 0.6908256880733945 0.057777777777777775 0.23669724770642203
1 0.42944444444444446 0.6174311926605505 0.03888888888888889 0.1559633027522936
1 0.46111111111111114 0.7366972477064221 0.06666666666666667 0.26972477064220185
1 0.5255555555555556 0.6477064220183486 0.04666666666666667 0.1908256880733945
1 0.5072222222222222 0.5889908256880734 0.034444444444444444 0.14311926605504588
1 0.5994444444444444 0.7825688073394496 0.0811111111111111 0.3284403669724771
1 0.6155555555555555 0.6834862385321101 0.05555555555555555 0.22935779816513763
1 0.6877777777777778 0.5926605504587157 0.03777777777777778 0.15045871559633028
1 0.7294444444444445 0.6467889908256881 0.05 0.2
1 0.7611111111111111 0.724770642201835 0.07111111111111111 0.28623853211009176
1 0.8544444444444445 0.671559633027523 0.057777777777777775 0.23119266055045873
1 0.9222222222222223 0.6192660550458716 0.044444444444444446 0.181651376146789
1 0.7916666666666666 0.6073394495412845 0.04111111111111111 0.1651376146788991
1 0.13 0.6100917431192661 0.051111111111111114 0.09357798165137615
1 0.2477777777777778 0.41100917431192663 0.013333333333333332 0.01834862385321101
1 0.26 0.4055045871559633 0.013333333333333332 0.025688073394495414
1 0.2672222222222222 0.4027522935779817 0.012222222222222223 0.03486238532110092
1 0.8488888888888889 0.28073394495412846 0.015555555555555555 0.025688073394495414
1 0.835 0.2761467889908257 0.0077777777777777776 0.027522935779816515
1 0.8277777777777777 0.28073394495412846 0.013333333333333332 0.03669724770642202
1 0.8616666666666667 0.27889908256880735 0.01888888888888889 0.05137614678899083
1 0.875 0.27339449541284405 0.016666666666666666 0.04036697247706422
