1 0.04583333333333334 0.7744360902255638 0.07833333333333334 0.2907268170426065
1 0.08 0.7744360902255638 0.07 0.2656641604010025
1 0.16083333333333336 0.7681704260651628 0.07833333333333334 0.2932330827067669
1 0.22416666666666668 0.7807017543859649 0.085 0.3182957393483709
1 0.2775 0.7957393483709273 0.10500000000000001 0.38847117794486213
1 0.3175 0.7769423558897243 0.085 0.3107769423558897
1 0.3791666666666667 0.7832080200501252 0.06833333333333334 0.2581453634085213
1 0.44333333333333336 0.7932330827067668 0.08666666666666667 0.3233082706766917
1 0.4991666666666667 0.7932330827067668 0.10500000000000001 0.38345864661654133
1 0.5366666666666667 0.7932330827067668 0.10666666666666667 0.39348370927318294
1 0.5800000000000001 0.7907268170426065 0.08333333333333334 0.3132832080200501
1 0.6283333333333334 0.788220551378446 0.09666666666666668 0.3634085213032581
1 0.6733333333333333 0.8182957393483709 0.08666666666666667 0.3233082706766917
1 0.6533333333333333 0.8120300751879699 0.09333333333333334 0.3408521303258145
1 0.7791666666666667 0.8020050125313283 0.09833333333333334 0.3609022556390977
1 0.8316666666666667 0.8007518796992481 0.09666666666666668 0.3583959899749373
1 0.028333333333333335 0.8032581453634084 0.05666666666666667 0.3533834586466165
1 0.4083333333333334 0.7468671679197995 0.05666666666666667 0.21553884711779447
1 0.035 0.6541353383458646 0.05333333333333334 0.10025062656641603
1 0.08 0.6528822055137844 0.023333333333333334 0.042606516290726815
1 0.10500000000000001 0.6541353383458646 0.023333333333333334 0.05513784461152882
1 0.11750000000000001 0.6679197994987468 0.025 0.05263157894736842
1 0.1375 0.6791979949874687 0.03166666666666667 0.11528822055137844
1 0.2041666666666667 0.6729323308270676 0.03166666666666667 0.07268170426065163
1 0.2541666666666667 0.6679197994987468 0.035 0.08270676691729323
1 0.36000000000000004 0.6729323308270676 0.05666666666666667 0.09273182957393483
1 0.4666666666666667 0.6541353383458646 0.04 0.06516290726817042
1 0.6050000000000001 0.6679197994987468 0.030000000000000002 0.08270676691729323
1 0.9025000000000001 0.6578947368421052 0.07500000000000001 0.13784461152882205
1 0.89 0.7468671679197995 0.10333333333333335 0.17543859649122806
1 0.7608333333333334 0.6754385964912281 0.055 0.11278195488721804
