1 0.035 0.29125 0.030000000000000002 0.11750000000000001
1 0.05916666666666667 0.3025 0.03166666666666667 0.125
1 0.08166666666666667 0.30375 0.030000000000000002 0.1125
1 0.10750000000000001 0.30625 0.03166666666666667 0.11750000000000001
1 0.13083333333333333 0.30875 0.028333333333333335 0.1125
1 0.15583333333333335 0.3175 0.028333333333333335 0.11
1 0.18083333333333335 0.32125 0.028333333333333335 0.10250000000000001
1 0.1975 0.3225 0.025 0.095
1 0.2341666666666667 0.3275 0.025 0.095
1 0.265 0.315 0.03333333333333333 0.125
1 0.28833333333333333 0.33375 0.016666666666666666 0.0675
1 0.09333333333333334 0.51625 0.04666666666666667 0.1775
1 0.125 0.51875 0.04 0.1475
1 0.15416666666666667 0.51625 0.045000000000000005 0.17250000000000001
1 0.1716666666666667 0.52125 0.03666666666666667 0.1375
1 0.21083333333333334 0.56375 0.07500000000000001 0.2725
1 0.26166666666666666 0.56125 0.05666666666666667 0.2125
1 0.3075 0.55875 0.07500000000000001 0.28250000000000003
1 0.3383333333333334 0.555 0.05333333333333334 0.195
1 0.4166666666666667 0.53625 0.07333333333333333 0.2675
1 0.4441666666666667 0.55875 0.08166666666666667 0.2975
1 0.49750000000000005 0.54 0.04833333333333334 0.185
1 0.5791666666666667 0.55875 0.07166666666666667 0.2625
1 0.5991666666666667 0.52625 0.045000000000000005 0.1625
1 0.6425000000000001 0.52625 0.04833333333333334 0.1775
1 0.7116666666666667 0.52875 0.04 0.1525
1 0.7491666666666668 0.52625 0.04166666666666667 0.1525
1 0.7941666666666667 0.4975 0.021666666666666667 0.08
1 0.8033333333333333 0.49125 0.016666666666666666 0.0675
1 0.8083333333333333 0.49 0.016666666666666666 0.07
1 0.8233333333333334 0.5025000000000001 0.02 0.075
1 0.8391666666666667 0.4975 0.018333333333333333 0.075
1 0.8483333333333334 0.5 0.02 0.075
1 0.8558333333333333 0.50125 0.018333333333333333 0.0725
1 0.8833333333333334 0.49625 0.02 0.0825
1 0.91 0.50125 0.02 0.0775
1 0.92 0.4975 0.02 0.075
1 0.9691666666666667 0.5275 0.06166666666666667 0.225
1 0.8750000000000001 0.47000000000000003 0.01 0.04
1 0.8891666666666668 0.49875 0.015000000000000001 0.0625
1 0.515 0.3725 0.01 0.035
1 0.5233333333333333 0.36125 0.016666666666666666 0.0375
1 0.54 0.37875000000000003 0.016666666666666666 0.0225
1 0.5516666666666667 0.36375 0.013333333333333334 0.0325
1 0.5566666666666668 0.3775 0.01 0.03
1 0.5725 0.37125 0.018333333333333333 0.0325
1 0.5833333333333334 0.375 0.013333333333333334 0.035
1 0.6000000000000001 0.38 0.02 0.04
1 0.6158333333333333 0.375 0.018333333333333333 0.035
1 0.6316666666666667 0.3825 0.013333333333333334 0.045
1 0.6425000000000001 0.38125000000000003 0.011666666666666667 0.0375
1 0.6483333333333334 0.38375000000000004 0.01 0.0375
1 0.6575000000000001 0.39125 0.008333333333333333 0.0275
1 0.6633333333333333 0.38875 0.006666666666666667 0.0225
1 0.6691666666666667 0.38875 0.011666666666666667 0.0225
1 0.6783333333333333 0.38875 0.006666666666666667 0.0225
1 0.6858333333333334 0.39125 0.011666666666666667 0.0175
1 0.6941666666666667 0.3925 0.008333333333333333 0.015
1 0.7066666666666667 0.39125 0.006666666666666667 0.0175
1 0.7125 0.39125 0.008333333333333333 0.0175
1 0.7266666666666667 0.40125 0.01 0.0225
1 0.775 0.505 0.013333333333333334 0.035
1 0.8250000000000001 0.4575 0.01 0.015
1 0.8366666666666667 0.45625 0.01 0.0225
1 0.8450000000000001 0.46 0.01 0.025
1 0.8708333333333333 0.4875 0.021666666666666667 0.045
1 0.3741666666666667 0.5175 0.018333333333333333 0.07
1 0.4658333333333334 0.51375 0.035 0.0725
1 0.33916666666666667 0.335 0.021666666666666667 0.04
