1 0.11644832605531297 0.21496815286624205 0.1455604075691412 0.262208067940552
1 0.31077147016011647 0.2648619957537155 0.09170305676855896 0.16666666666666666
1 0.4163027656477438 0.131104033970276 0.03202328966521106 0.058386411889596604
1 0.40320232896652114 0.25743099787685775 0.10480349344978167 0.1878980891719745
1 0.6513828238719068 0.23354564755838642 0.10043668122270742 0.17834394904458598
1 0.7663755458515285 0.1894904458598726 0.1208151382823872 0.21762208067940553
1 0.653566229985444 0.08174097664543524 0.026200873362445417 0.04670912951167728
1 0.6077147016011645 0.09713375796178343 0.04512372634643377 0.07961783439490445
1 0.5938864628820961 0.10031847133757961 0.03784570596797671 0.07112526539278131
1 0.5524017467248908 0.11040339702760085 0.02183406113537118 0.04246284501061571
1 0.5698689956331878 0.11305732484076433 0.018922852983988356 0.037154989384288746
1 0.5327510917030568 0.101380042462845 0.040756914119359534 0.0732484076433121
1 0.5094614264919942 0.11093418259023355 0.03202328966521106 0.06050955414012739
1 0.8930131004366813 0.5536093418259024 0.1324599708879185 0.23885350318471338
1 0.807132459970888 0.5668789808917197 0.1208151382823872 0.21443736730360935
1 0.6892285298398836 0.5488322717622081 0.1324599708879185 0.2356687898089172
1 0.5902474526928676 0.5467091295116773 0.14119359534206696 0.2505307855626327
1 0.5676855895196506 0.4723991507430998 0.09898107714701601 0.1762208067940552
1 0.5342066957787482 0.4835456475583864 0.06404657933042213 0.11571125265392782
1 0.8442503639010189 0.47983014861995754 0.040756914119359534 0.07643312101910828
1 0.7954876273653566 0.458067940552017 0.01601164483260553 0.028662420382165606
1 0.782387190684134 0.4888535031847134 0.013100436681222708 0.02653927813163482
1 0.7707423580786027 0.4739915074309979 0.027656477438136828 0.04989384288747346
1 0.7459970887918487 0.48142250530785563 0.02183406113537118 0.041401273885350316
1 0.727802037845706 0.4734607218683652 0.008733624454148471 0.016985138004246284
1 0.6644832605531296 0.45222929936305734 0.030567685589519653 0.055201698513800426
1 0.34425036390101893 0.5599787685774947 0.12372634643377002 0.22399150743099788
1 0.3522561863173217 0.7945859872611465 0.026200873362445417 0.04989384288747346
1 0.3624454148471616 0.8025477707006369 0.020378457059679767 0.036093418259023353
1 0.37627365356623 0.8052016985138004 0.013100436681222708 0.024416135881104032
1 0.3755458515283843 0.7807855626326964 0.008733624454148471 0.01592356687898089
1 0.39082969432314413 0.7977707006369427 0.01601164483260553 0.03078556263269639
1 0.4344978165938865 0.8025477707006369 0.053857350800582245 0.09766454352441613
1 0.4694323144104804 0.8227176220806794 0.027656477438136828 0.050955414012738856
1 0.4861717612809316 0.8253715498938429 0.04366812227074236 0.07749469214437367
1 0.5065502183406114 0.8535031847133758 0.055312954876273655 0.09766454352441613
1 0.549490538573508 0.8800424628450106 0.06841339155749636 0.12314225053078556
1 0.5887918486171762 0.8174097664543525 0.08588064046579331 0.15498938428874734
1 0.5574963609898108 0.7823779193205944 0.03202328966521106 0.05732484076433121
1 0.5145560407569142 0.781316348195329 0.02183406113537118 0.03821656050955414
1 0.9330422125181951 0.9033970276008493 0.07569141193595343 0.1337579617834395
1 0.7954876273653566 0.9209129511677282 0.056768558951965066 0.1008492569002123
1 0.7467248908296944 0.9198513800424628 0.058224163027656484 0.10509554140127389
1 0.8369723435225619 0.8991507430997877 0.08151382823871907 0.14861995753715498
1 0.7459970887918487 0.8067940552016984 0.053857350800582245 0.09978768577494691
1 0.8646288209606987 0.8274946921443737 0.08733624454148473 0.15605095541401273
1 0.6695778748180495 0.8136942675159236 0.03784570596797671 0.07112526539278131
1 0.7103347889374091 0.8174097664543525 0.034934497816593885 0.06369426751592357
1 0.7911208151382825 0.8115711252653928 0.042212518195050945 0.07749469214437367
1 0.9024745269286755 0.7898089171974522 0.026200873362445417 0.048832271762208064
1 0.943231441048035 0.7760084925690021 0.020378457059679767 0.03821656050955414
1 0.7489082969432315 0.047239915074309975 0.027656477438136828 0.02653927813163482
1 0.7954876273653566 0.0737791932059448 0.030567685589519653 0.0435244161358811
1 0.5145560407569142 0.07855626326963906 0.01601164483260553 0.01910828025477707
1 0.6353711790393013 0.45010615711252655 0.018922852983988356 0.016985138004246284
1 0.6266375545851529 0.46337579617834396 0.013100436681222708 0.018046709129511677
1 0.2903930131004367 0.8922505307855626 0.0975254730713246 0.14331210191082802
1 0.21106259097525473 0.8885350318471338 0.058224163027656484 0.1464968152866242
1 0.14992721979621543 0.8869426751592356 0.058224163027656484 0.1454352441613588
1 0.07933042212518196 0.8821656050955414 0.08296943231441048 0.15498938428874734
1 0.522561863173217 0.7929936305732483 0.023289665211062592 0.014861995753715499
1 0.5014556040756915 0.7738853503184713 0.013100436681222708 0.014861995753715499
1 0.4847161572052402 0.7707006369426751 0.014556040756914121 0.012738853503184714
1 0.47671033478893743 0.7887473460721868 0.0072780203784570605 0.012738853503184714
1 0.6863173216885008 0.9134819532908705 0.053857350800582245 0.12420382165605096
1 0.7678311499272198 0.786624203821656 0.01601164483260553 0.016985138004246284
1 0.9534206695778749 0.7558386411889596 0.020378457059679767 0.06157112526539278
1 0.918486171761281 0.8259023354564756 0.034934497816593885 0.02335456475583864
1 0.8311499272197963 0.7781316348195328 0.023289665211062592 0.03184713375796178
1 0.7780203784570597 0.8407643312101911 0.033478893740902474 0.03184713375796178
1 0.5611353711790393 0.23089171974522293 0.1091703056768559 0.04989384288747346
1 0.5909752547307133 0.2961783439490446 0.17467248908296945 0.09341825902335456
1 0.425764192139738 0.31104033970276007 0.1324599708879185 0.08280254777070063
1 0.5254730713245997 0.5934182590233545 0.04366812227074236 0.02335456475583864
1 0.7299854439592431 0.5790870488322718 0.4468704512372635 0.0074309978768577496
1 0.20014556040756915 0.6597664543524416 0.33333333333333337 0.03503184713375796
1 0.4810771470160117 0.947452229299363 0.09170305676855896 0.054140127388535034
1 0.6091703056768559 0.9363057324840764 0.07714701601164484 0.07643312101910828
