1 0.014772727272727272 0.3890784982935154 0.020454545454545454 0.07508532423208192
1 0.12386363636363636 0.3822525597269625 0.029545454545454545 0.10921501706484642
1 0.20227272727272727 0.6313993174061433 0.10909090909090909 0.40955631399317405
1 0.1625 0.5699658703071673 0.075 0.28668941979522183
1 0.37386363636363634 0.5716723549488054 0.075 0.2764505119453925
1 0.3715909090909091 0.5494880546075085 0.07045454545454545 0.26621160409556316
1 0.2784090909090909 0.46075085324232085 0.04318181818181818 0.17064846416382254
1 0.24659090909090908 0.4880546075085324 0.05227272727272727 0.19795221843003413
1 0.2659090909090909 0.46075085324232085 0.049999999999999996 0.18430034129692832
1 0.4113636363636363 0.3430034129692833 0.00909090909090909 0.04436860068259386
1 0.3261363636363636 0.3993174061433447 0.038636363636363635 0.15017064846416384
1 0.6170454545454546 0.6348122866894198 0.10681818181818181 0.40273037542662116
1 0.6 0.5733788395904437 0.08181818181818182 0.30716723549488056
1 0.5738636363636364 0.5494880546075085 0.075 0.27303754266211605
1 0.5193181818181818 0.45051194539249145 0.04318181818181818 0.15699658703071673
1 0.5375 0.4812286689419795 0.056818181818181816 0.20477815699658702
1 0.8556818181818181 0.5836177474402731 0.07954545454545454 0.2935153583617747
1 0.8102272727272727 0.552901023890785 0.075 0.27303754266211605
1 0.7761363636363636 0.5324232081911263 0.0659090909090909 0.2525597269624573
1 0.7454545454545454 0.5119453924914675 0.06363636363636363 0.23890784982935154
1 0.7284090909090909 0.4863481228668942 0.06136363636363636 0.22184300341296928
1 0.7079545454545454 0.4778156996587031 0.056818181818181816 0.21160409556313994
1 0.6875 0.46245733788395904 0.04772727272727272 0.18771331058020477
1 0.5579545454545455 0.5102389078498294 0.06136363636363636 0.2286689419795222
1 0.6761363636363636 0.4453924914675768 0.04318181818181818 0.16723549488054607
1 0.4261363636363636 0.4180887372013652 0.029545454545454545 0.11262798634812286
1 0.5022727272727272 0.4112627986348123 0.02727272727272727 0.10580204778156997
1 0.48977272727272725 0.4112627986348123 0.024999999999999998 0.09897610921501707
1 0.48409090909090907 0.4112627986348123 0.02727272727272727 0.10580204778156997
1 0.4125 0.4641638225255973 0.04318181818181818 0.17064846416382254
