1 0.11 0.4836683417085427 0.18666666666666668 0.6909547738693468
1 0.04 0.5703517587939698 0.08 0.3869346733668342
1 0.05333333333333334 0.3103015075376884 0.10666666666666667 0.6206030150753769
1 0.15083333333333335 0.2826633165829146 0.15166666666666667 0.5653266331658292
1 0.19333333333333336 0.2399497487437186 0.13 0.4798994974874372
1 0.38083333333333336 0.3379396984924623 0.15833333333333335 0.5804020100502513
1 0.4808333333333334 0.577889447236181 0.17500000000000002 0.6432160804020101
1 0.6058333333333333 0.38190954773869346 0.135 0.5025125628140703
1 0.7625000000000001 0.3982412060301508 0.16166666666666668 0.6005025125628141
1 0.8583333333333334 0.478643216080402 0.10333333333333335 0.38944723618090454
1 0.6675000000000001 0.2814070351758794 0.13166666666666668 0.4824120603015075
1 0.6950000000000001 0.15829145728643215 0.08333333333333334 0.31155778894472363
1 0.5275000000000001 0.11055276381909548 0.058333333333333334 0.22110552763819097
1 0.445 0.06407035175879397 0.03333333333333333 0.12814070351758794
1 0.7766666666666667 0.4120603015075377 0.11333333333333334 0.4221105527638191
1 0.3375 0.21733668341708542 0.115 0.42462311557788945
1 0.45083333333333336 0.18341708542713567 0.04833333333333334 0.09045226130653267
1 0.5333333333333333 0.2650753768844221 0.06666666666666667 0.13316582914572864
1 0.3466666666666667 0.02386934673366834 0.07666666666666667 0.04773869346733668
1 0.0475 0.13316582914572864 0.04833333333333334 0.22613065326633167
