1 0.2691176470588235 0.554 0.25588235294117645 0.86
1 0.6897058823529412 0.618 0.08529411764705883 0.292
1 0.7514705882352941 0.604 0.08529411764705883 0.28800000000000003
1 0.8529411764705882 0.588 0.09411764705882353 0.32
1 0.9514705882352941 0.502 0.05 0.164
1 0.475 0.526 0.044117647058823525 0.148
1 0.4323529411764706 0.526 0.041176470588235294 0.14
1 0.538235294117647 0.518 0.041176470588235294 0.14
1 0.5970588235294118 0.508 0.041176470588235294 0.14400000000000002
1 0.6176470588235294 0.504 0.047058823529411764 0.16
1 0.6529411764705882 0.498 0.029411764705882353 0.1
1 0.7985294117647058 0.492 0.032352941176470584 0.12
1 0.8985294117647059 0.482 0.026470588235294117 0.1
1 0.9235294117647058 0.48 0.029411764705882353 0.112
1 0.9852941176470588 0.468 0.01764705882352941 0.07200000000000001
1 0.9720588235294118 0.47000000000000003 0.020588235294117647 0.068
1 0.8176470588235294 0.484 0.029411764705882353 0.10400000000000001
1 0.15588235294117647 0.552 0.029411764705882353 0.096
