1 0.9466666666666667 0.4766666666666667 0.08888888888888889 0.32666666666666666
1 0.7011111111111111 0.5433333333333333 0.14222222222222222 0.52
1 0.515 0.4866666666666667 0.07888888888888888 0.29000000000000004
1 0.051111111111111114 0.5083333333333334 0.10222222222222223 0.4466666666666667
1 0.8672222222222222 0.46166666666666667 0.06111111111111111 0.22666666666666668
1 0.7927777777777778 0.45083333333333336 0.06333333333333334 0.2316666666666667
1 0.4722222222222222 0.4466666666666667 0.06222222222222222 0.23333333333333334
1 0.44 0.4691666666666667 0.05333333333333333 0.195
1 0.42944444444444446 0.4575 0.05444444444444444 0.2016666666666667
1 0.3933333333333333 0.4675 0.04888888888888889 0.18500000000000003
1 0.4177777777777778 0.4733333333333334 0.04888888888888889 0.18333333333333335
1 0.8544444444444445 0.45833333333333337 0.06222222222222222 0.22666666666666668
1 0.32 0.4658333333333334 0.05333333333333333 0.195
1 0.30722222222222223 0.4633333333333334 0.052222222222222225 0.19
1 0.285 0.4666666666666667 0.052222222222222225 0.19
1 0.25833333333333336 0.4666666666666667 0.052222222222222225 0.19
1 0.235 0.46166666666666667 0.052222222222222225 0.19
1 0.21333333333333332 0.4666666666666667 0.051111111111111114 0.19
1 0.18833333333333332 0.4658333333333334 0.05 0.18500000000000003
1 0.16555555555555557 0.46 0.051111111111111114 0.18666666666666668
1 0.1461111111111111 0.4575 0.05444444444444444 0.20500000000000002
1 0.12611111111111112 0.4608333333333334 0.05 0.18833333333333335
1 0.405 0.3866666666666667 0.014444444444444444 0.04666666666666667
1 0.5833333333333334 0.39083333333333337 0.022222222222222223 0.03833333333333334
1 0.45222222222222225 0.36583333333333334 0.017777777777777778 0.035
1 0.36666666666666664 0.3766666666666667 0.015555555555555555 0.03333333333333333
1 0.3811111111111111 0.3841666666666667 0.013333333333333332 0.04166666666666667
1 0.5161111111111111 0.3616666666666667 0.021111111111111112 0.043333333333333335
1 0.5844444444444444 0.36000000000000004 0.017777777777777778 0.023333333333333334
1 0.3327777777777778 0.3716666666666667 0.023333333333333334 0.03666666666666667
1 0.2672222222222222 0.3791666666666667 0.016666666666666666 0.03833333333333334
