1 0.9892857142857142 0.644 0.02142857142857143 0.11466666666666667
1 0.9366071428571429 0.6373333333333333 0.026785714285714284 0.10133333333333333
1 0.9205357142857142 0.64 0.026785714285714284 0.096
1 0.875 0.636 0.02857142857142857 0.104
1 0.98125 0.6453333333333333 0.026785714285714284 0.096
1 0.6785714285714286 0.5853333333333333 0.014285714285714285 0.056
1 0.7821428571428571 0.5906666666666667 0.014285714285714285 0.050666666666666665
1 0.8303571428571428 0.5653333333333334 0.007142857142857143 0.032
1 0.7660714285714285 0.5906666666666667 0.010714285714285714 0.04533333333333333
1 0.7276785714285714 0.5653333333333334 0.008928571428571428 0.032
1 0.6401785714285714 0.596 0.01607142857142857 0.056
1 0.6133928571428571 0.5973333333333333 0.0375 0.13866666666666666
1 0.8955357142857142 0.588 0.012499999999999999 0.050666666666666665
1 0.9098214285714286 0.5826666666666667 0.012499999999999999 0.04533333333333333
1 0.5794642857142857 0.5973333333333333 0.033928571428571426 0.128
1 0.5526785714285715 0.6613333333333333 0.08035714285714285 0.29866666666666664
1 0.44375 0.6933333333333334 0.11607142857142856 0.432
1 0.4035714285714286 0.696 0.08214285714285714 0.29866666666666664
1 0.4982142857142857 0.6 0.03571428571428571 0.13866666666666666
1 0.5339285714285714 0.5373333333333333 0.010714285714285714 0.04533333333333333
1 0.4803571428571428 0.632 0.06428571428571428 0.24
1 0.29107142857142854 0.6026666666666667 0.014285714285714285 0.05333333333333333
1 0.24375 0.6106666666666667 0.012499999999999999 0.048
1 0.2294642857142857 0.6066666666666667 0.012499999999999999 0.04533333333333333
1 0.2151785714285714 0.6026666666666667 0.01607142857142857 0.058666666666666666
1 0.3544642857142857 0.652 0.08035714285714285 0.296
1 0.40535714285714286 0.5266666666666666 0.02857142857142857 0.034666666666666665
1 0.5669642857142857 0.5386666666666666 0.026785714285714284 0.07466666666666666
