1 0.07753164556962025 0.5511221945137157 0.1550632911392405 0.6384039900249376
1 0.26186708860759494 0.541147132169576 0.17246835443037975 0.6633416458852868
1 0.4438291139240506 0.557356608478803 0.1661392405063291 0.6458852867830424
1 0.1685126582278481 0.3765586034912718 0.0870253164556962 0.3391521197007481
1 0.3473101265822785 0.371571072319202 0.0870253164556962 0.34413965087281795
1 0.5039556962025317 0.5261845386533666 0.15348101265822783 0.5935162094763092
1 0.6566455696202531 0.5224438902743141 0.14873417721518986 0.5810473815461347
1 0.7587025316455696 0.5249376558603491 0.15031645569620253 0.5860349127182045
1 0.7768987341772152 0.5673316708229427 0.16455696202531644 0.6359102244389028
1 0.9145569620253164 0.5112219451371571 0.16139240506329114 0.6184538653366584
1 0.9161392405063291 0.5723192019950124 0.16455696202531644 0.6309226932668329
1 0.9651898734177216 0.42768079800498754 0.06329113924050633 0.24688279301745636
1 0.6234177215189873 0.5511221945137157 0.16772151898734178 0.6433915211970075
1 0.8718354430379747 0.29301745635910226 0.03164556962025317 0.03740648379052369
1 0.4106012658227848 0.28304239401496256 0.05221518987341772 0.13216957605985036
1 0.5324367088607594 0.3167082294264339 0.03639240506329114 0.034912718204488775
1 0.015031645569620253 0.4688279301745636 0.030063291139240507 0.20448877805486285
1 0.16139240506329114 0.9077306733167082 0.17721518987341772 0.08977556109725686
1 0.35443037974683544 0.9064837905236908 0.15822784810126583 0.0773067331670823
1 0.5387658227848101 0.9002493765586035 0.15664556962025317 0.06483790523690773
1 0.7191455696202531 0.8940149625935162 0.17246835443037975 0.06733167082294264
1 0.8963607594936709 0.9027431421446384 0.18829113924050633 0.09975062344139651
