1 0.04083333333333333 0.6625 0.018333333333333333 0.058333333333333334
1 0.014166666666666668 0.7229166666666667 0.018333333333333333 0.05416666666666667
1 0.18500000000000003 0.7864583333333334 0.02 0.06875
1 0.21666666666666667 0.7895833333333333 0.023333333333333334 0.07916666666666666
1 0.23083333333333333 0.8010416666666667 0.021666666666666667 0.07291666666666667
1 0.2575 0.8135416666666666 0.025 0.08125
1 0.27166666666666667 0.796875 0.02 0.06875
1 0.30000000000000004 0.7989583333333333 0.02666666666666667 0.08125
1 0.3491666666666667 0.8489583333333334 0.015000000000000001 0.04791666666666666
1 0.3741666666666667 0.8427083333333333 0.021666666666666667 0.06458333333333333
1 0.3816666666666667 0.8489583333333334 0.013333333333333334 0.04375
1 0.42500000000000004 0.8729166666666667 0.02 0.0625
1 0.4475 0.85625 0.021666666666666667 0.07083333333333333
1 0.49750000000000005 0.8677083333333333 0.021666666666666667 0.06458333333333333
1 0.5116666666666667 0.9052083333333333 0.02 0.06875
1 0.5458333333333334 0.9072916666666666 0.025 0.07708333333333334
1 0.5833333333333334 0.9197916666666667 0.023333333333333334 0.07291666666666667
1 0.6366666666666667 0.8927083333333333 0.030000000000000002 0.08958333333333333
1 0.5925 0.9083333333333333 0.03166666666666667 0.1
1 0.46416666666666667 0.8895833333333333 0.025 0.075
1 0.5425 0.8895833333333333 0.028333333333333335 0.0875
1 0.6775 0.9291666666666667 0.028333333333333335 0.09166666666666666
1 0.7125 0.9135416666666667 0.028333333333333335 0.09375
1 0.7308333333333333 0.9020833333333333 0.03166666666666667 0.1
1 0.755 0.921875 0.030000000000000002 0.09375
1 0.7758333333333334 0.903125 0.028333333333333335 0.08958333333333333
1 0.7883333333333333 0.8781249999999999 0.02666666666666667 0.08541666666666667
1 0.7425 0.896875 0.028333333333333335 0.08541666666666667
1 0.8283333333333334 0.8916666666666666 0.02666666666666667 0.0875
1 0.6908333333333334 0.8302083333333333 0.025 0.08125
1 0.655 0.8229166666666666 0.023333333333333334 0.07916666666666666
1 0.6233333333333334 0.8145833333333333 0.02666666666666667 0.08333333333333333
1 0.5883333333333334 0.80625 0.023333333333333334 0.075
1 0.5575 0.7989583333333333 0.021666666666666667 0.07291666666666667
1 0.5225000000000001 0.7916666666666666 0.021666666666666667 0.07083333333333333
1 0.4891666666666667 0.7854166666666667 0.021666666666666667 0.07083333333333333
1 0.45833333333333337 0.7791666666666667 0.023333333333333334 0.07083333333333333
1 0.43000000000000005 0.771875 0.023333333333333334 0.07291666666666667
1 0.4033333333333334 0.7635416666666667 0.02 0.06875
1 0.3741666666666667 0.7520833333333333 0.021666666666666667 0.06666666666666667
1 0.34833333333333333 0.7479166666666667 0.02 0.06666666666666667
1 0.32666666666666666 0.7427083333333333 0.02 0.06458333333333333
1 0.29500000000000004 0.7291666666666666 0.016666666666666666 0.058333333333333334
1 0.2733333333333334 0.725 0.016666666666666666 0.058333333333333334
1 0.25083333333333335 0.7197916666666666 0.021666666666666667 0.06458333333333333
1 0.22833333333333336 0.7135416666666666 0.02 0.06041666666666667
1 0.20500000000000002 0.709375 0.02 0.06041666666666667
1 0.18250000000000002 0.7052083333333333 0.018333333333333333 0.06041666666666667
1 0.16583333333333333 0.6958333333333333 0.018333333333333333 0.058333333333333334
1 0.14500000000000002 0.6927083333333334 0.02 0.06041666666666667
1 0.125 0.6854166666666667 0.02 0.0625
1 0.10833333333333334 0.6802083333333333 0.02 0.06041666666666667
1 0.09333333333333334 0.675 0.016666666666666666 0.05416666666666667
1 0.07166666666666667 0.671875 0.016666666666666666 0.05625
1 0.1391666666666667 0.596875 0.018333333333333333 0.05625
1 0.030833333333333334 0.6572916666666666 0.018333333333333333 0.05625
1 0.07833333333333334 0.615625 0.02 0.06875
1 0.10083333333333334 0.60625 0.025 0.075
1 0.14166666666666666 0.59375 0.013333333333333334 0.04583333333333333
1 0.095 0.6614583333333334 0.02 0.06041666666666667
1 0.1125 0.6427083333333333 0.008333333333333333 0.03125
1 0.12833333333333335 0.6395833333333333 0.01 0.029166666666666667
1 0.1525 0.6614583333333334 0.008333333333333333 0.03125
1 0.16583333333333333 0.65 0.005 0.020833333333333332
1 0.17666666666666667 0.6510416666666666 0.01 0.03125
1 0.19 0.640625 0.006666666666666667 0.01875
1 0.42000000000000004 0.746875 0.023333333333333334 0.07291666666666667
1 0.4741666666666667 0.765625 0.018333333333333333 0.05625
1 0.5008333333333334 0.7697916666666667 0.021666666666666667 0.06875
1 0.5133333333333334 0.7604166666666666 0.023333333333333334 0.07916666666666666
1 0.525 0.7291666666666666 0.01 0.03333333333333333
1 0.5341666666666667 0.7197916666666666 0.011666666666666667 0.035416666666666666
1 0.5425 0.7145833333333333 0.008333333333333333 0.03333333333333333
1 0.5708333333333334 0.7864583333333334 0.021666666666666667 0.06875
1 0.5783333333333334 0.7625 0.016666666666666666 0.05
1 0.5983333333333334 0.7895833333333333 0.023333333333333334 0.075
1 0.6058333333333333 0.7791666666666667 0.025 0.07916666666666666
1 0.6666666666666667 0.8020833333333334 0.023333333333333334 0.07916666666666666
1 0.7008333333333334 0.8125 0.025 0.07916666666666666
1 0.7100000000000001 0.7947916666666667 0.02666666666666667 0.08125
1 0.7166666666666667 0.7833333333333333 0.023333333333333334 0.07083333333333333
1 0.76 0.7072916666666667 0.02 0.06875
1 0.6533333333333333 0.6614583333333334 0.013333333333333334 0.04375
1 0.635 0.6166666666666667 0.016666666666666666 0.05
1 0.8075000000000001 0.928125 0.021666666666666667 0.11458333333333333
