1 0.45240480961923846 0.20160213618157544 0.023046092184368736 0.0774365821094793
1 0.564128256513026 0.20360480640854473 0.028056112224448895 0.09212283044058744
1 0.6953907815631262 0.2049399198931909 0.028056112224448895 0.09212283044058744
1 0.722945891783567 0.19826435246995994 0.03106212424849699 0.102803738317757
1 0.7449899799599198 0.2069425901201602 0.033066132264529056 0.11214953271028037
1 0.8256513026052104 0.20360480640854473 0.038076152304609215 0.12416555407209612
1 0.4103206412825651 0.1795727636849132 0.02104208416833667 0.08945260347129506
1 0.47845691382765526 0.16355140186915887 0.023046092184368736 0.03871829105473965
1 0.33116232464929857 0.18691588785046728 0.0250501002004008 0.06408544726301735
1 0.35420841683366733 0.1822429906542056 0.019038076152304607 0.07343124165554071
1 0.2850701402805611 0.1855807743658211 0.019038076152304607 0.050734312416555405
1 0.21743486973947895 0.1875834445927904 0.018036072144288574 0.044058744993324434
1 0.20240480961923846 0.19425901201602136 0.01603206412825651 0.022696929238985312
