1 0.047787610619469026 0.5574018126888217 0.09557522123893805 0.5770392749244713
1 0.1079646017699115 0.5770392749244713 0.12389380530973451 0.525679758308157
1 0.18053097345132743 0.5694864048338368 0.12035398230088495 0.4984894259818731
1 0.24513274336283186 0.5906344410876133 0.11150442477876106 0.4622356495468278
1 0.2973451327433628 0.5936555891238671 0.10619469026548672 0.4501510574018127
1 0.35575221238938054 0.5891238670694864 0.10619469026548672 0.44108761329305135
1 0.4176991150442478 0.5936555891238671 0.09911504424778761 0.41389728096676737
1 0.48053097345132745 0.5906344410876133 0.09380530973451327 0.3957703927492447
1 0.5309734513274336 0.5966767371601208 0.0920353982300885 0.38972809667673713
1 0.5823008849557522 0.5936555891238671 0.0920353982300885 0.38972809667673713
1 0.6380530973451327 0.6087613293051359 0.0831858407079646 0.3474320241691843
1 0.679646017699115 0.5906344410876133 0.08141592920353982 0.3413897280966767
1 0.7079646017699115 0.595166163141994 0.07787610619469026 0.3323262839879154
1 0.7424778761061946 0.5906344410876133 0.07610619469026549 0.32326283987915405
1 0.7743362831858407 0.595166163141994 0.07610619469026549 0.31419939577039274
1 0.8 0.6148036253776435 0.06017699115044248 0.256797583081571
1 0.8176991150442477 0.5981873111782477 0.06725663716814159 0.283987915407855
1 0.8389380530973451 0.6057401812688822 0.06371681415929203 0.2688821752265861
1 0.8743362831858407 0.6072507552870091 0.06017699115044248 0.2598187311178248
1 0.9008849557522124 0.5906344410876133 0.06371681415929203 0.2628398791540785
1 0.9221238938053097 0.6057401812688822 0.05663716814159292 0.23867069486404835
1 0.9548672566371681 0.6042296072507553 0.05132743362831858 0.22356495468277945
1 0.9752212389380531 0.6072507552870091 0.049557522123893805 0.229607250755287
