1 0.5163636363636364 0.6816939890710383 0.1709090909090909 0.6311475409836066
1 0.10727272727272727 0.5587431693989071 0.21454545454545454 0.8770491803278688
1 0.22272727272727272 0.4822404371584699 0.07454545454545454 0.27595628415300544
1 0.25727272727272726 0.4822404371584699 0.07090909090909091 0.2650273224043716
1 0.2909090909090909 0.4822404371584699 0.06909090909090909 0.2540983606557377
1 0.33545454545454545 0.4849726775956284 0.06727272727272728 0.2540983606557377
1 0.37363636363636366 0.49043715846994534 0.07454545454545454 0.27595628415300544
1 0.42 0.49863387978142076 0.07636363636363637 0.28688524590163933
1 0.4572727272727273 0.49863387978142076 0.07818181818181819 0.28688524590163933
1 0.6654545454545454 0.6693989071038251 0.1781818181818182 0.6557377049180327
1 0.7509090909090909 0.6762295081967213 0.1709090909090909 0.6256830601092896
1 0.7981818181818182 0.6338797814207651 0.16727272727272727 0.6120218579234973
1 0.8354545454545454 0.6147540983606558 0.15818181818181817 0.5846994535519126
1 0.9009090909090909 0.605191256830601 0.14363636363636365 0.5273224043715847
1 0.6209090909090909 0.5259562841530054 0.10727272727272727 0.3907103825136612
1 0.9490909090909091 0.6147540983606558 0.04 0.4371584699453552
1 0.5690909090909091 0.4576502732240437 0.04363636363636364 0.23770491803278687
1 0.7136363636363636 0.4207650273224044 0.038181818181818185 0.14754098360655737
