1 0.2225 0.6775 0.12833333333333335 0.47000000000000003
1 0.30083333333333334 0.6525 0.10166666666666667 0.375
1 0.2 0.64625 0.13333333333333333 0.4875
1 0.06666666666666667 0.64 0.10333333333333335 0.38
1 0.030000000000000002 0.62875 0.060000000000000005 0.4225
1 0.41583333333333333 0.65375 0.13166666666666668 0.4825
1 0.5016666666666667 0.6825 0.12666666666666668 0.47000000000000003
1 0.6291666666666667 0.62 0.08166666666666667 0.305
1 0.6666666666666667 0.6325000000000001 0.10666666666666667 0.39
1 0.7266666666666667 0.655 0.13 0.485
1 0.8300000000000001 0.68875 0.12333333333333334 0.4525
1 0.89 0.6375000000000001 0.10333333333333335 0.385
1 0.9558333333333334 0.655 0.08833333333333333 0.355
1 0.24000000000000002 0.62625 0.05666666666666667 0.4225
1 0.045000000000000005 0.53125 0.030000000000000002 0.1525
1 0.7883333333333333 0.53625 0.03333333333333333 0.1275
