1 0.04071428571428572 0.5014970059880239 0.08142857142857143 0.5419161676646707
1 0.12071428571428572 0.5089820359281437 0.10142857142857142 0.5209580838323353
1 0.19785714285714287 0.5209580838323353 0.09571428571428571 0.4970059880239521
1 0.2692857142857143 0.5074850299401198 0.09571428571428571 0.4880239520958084
1 0.3557142857142857 0.4910179640718563 0.10571428571428572 0.5389221556886228
1 0.4085714285714286 0.5194610778443114 0.10285714285714286 0.5299401197604791
1 0.48642857142857143 0.6137724550898204 0.15 0.7724550898203594
1 0.5714285714285714 0.5389221556886228 0.1 0.5089820359281437
1 0.6442857142857142 0.5074850299401198 0.10571428571428572 0.5419161676646707
1 0.7264285714285714 0.5389221556886228 0.10714285714285714 0.5508982035928144
1 0.7971428571428572 0.5374251497005988 0.10857142857142857 0.5598802395209581
1 0.8707142857142857 0.534431137724551 0.11857142857142858 0.6137724550898204
1 0.9507142857142857 0.5598802395209581 0.09857142857142857 0.6047904191616766
1 0.93 0.3098802395209581 0.05142857142857143 0.1347305389221557
1 0.9735714285714285 0.22455089820359284 0.027142857142857142 0.07784431137724551
