1 0.25833333333333336 0.665 0.12000000000000001 0.445
1 0.315 0.655 0.1 0.375
1 0.37000000000000005 0.6675 0.1 0.375
1 0.7200000000000001 0.65375 0.09000000000000001 0.3325
1 0.7758333333333334 0.635 0.095 0.35000000000000003
1 0.8116666666666668 0.58625 0.06333333333333334 0.23750000000000002
1 0.9283333333333333 0.645 0.030000000000000002 0.11
1 0.0475 0.62375 0.04166666666666667 0.1575
1 0.07416666666666667 0.63 0.04166666666666667 0.15
1 0.10416666666666667 0.63 0.04166666666666667 0.15
1 0.15583333333333335 0.63625 0.035 0.1325
1 0.14166666666666666 0.64 0.03333333333333333 0.12
1 0.18333333333333335 0.64375 0.03333333333333333 0.1275
1 0.19666666666666668 0.65 0.030000000000000002 0.115
1 0.29750000000000004 0.48125 0.045000000000000005 0.0975
1 0.3375 0.5 0.035 0.1
1 0.3616666666666667 0.49 0.02666666666666667 0.075
1 0.4058333333333334 0.51375 0.055 0.1125
1 0.42583333333333334 0.55125 0.07166666666666667 0.1375
1 0.4625 0.50875 0.055 0.1225
1 0.4891666666666667 0.54 0.07500000000000001 0.135
1 0.52 0.495 0.05666666666666667 0.13
1 0.5650000000000001 0.52125 0.08333333333333334 0.1775
1 0.5991666666666667 0.5175 0.045000000000000005 0.15
1 0.6416666666666667 0.5337500000000001 0.07666666666666667 0.1475
1 0.6658333333333334 0.52375 0.058333333333333334 0.20750000000000002
1 0.7291666666666667 0.50875 0.05166666666666667 0.1575
1 0.75 0.48125 0.030000000000000002 0.0925
1 0.34833333333333333 0.7775 0.11333333333333334 0.31
1 0.7375 0.755 0.07500000000000001 0.265
1 0.3925 0.38 0.04833333333333334 0.19
