1 0.7166666666666667 0.545 0.06333333333333334 0.24
1 0.48583333333333334 0.5387500000000001 0.07166666666666667 0.2625
1 0.23 0.47500000000000003 0.06333333333333334 0.23
1 0.27083333333333337 0.3075 0.025 0.1
1 0.05583333333333334 0.335 0.035 0.13
1 0.016666666666666666 0.26625 0.02666666666666667 0.10250000000000001
1 0.0575 0.2575 0.018333333333333333 0.075
1 0.09833333333333334 0.2625 0.023333333333333334 0.085
1 0.11083333333333334 0.27375 0.021666666666666667 0.0775
1 0.13833333333333334 0.265 0.02 0.075
1 0.15833333333333335 0.27125 0.02 0.0775
1 0.17833333333333334 0.26875 0.02 0.0725
1 0.48000000000000004 0.30625 0.023333333333333334 0.0925
1 0.4666666666666667 0.28875 0.016666666666666666 0.0675
1 0.56 0.30625 0.02 0.0825
1 0.5733333333333334 0.3 0.02 0.08
1 0.03666666666666667 0.27125 0.02666666666666667 0.0575
1 0.21166666666666667 0.28875 0.02 0.0375
1 0.35833333333333334 0.31875000000000003 0.03333333333333333 0.0675
1 0.39333333333333337 0.3225 0.023333333333333334 0.065
1 0.42750000000000005 0.34375 0.03833333333333334 0.0775
1 0.5075000000000001 0.3675 0.04166666666666667 0.075
1 0.5641666666666667 0.3875 0.04166666666666667 0.09
1 0.6383333333333334 0.41625 0.05 0.0925
1 0.665 0.37625000000000003 0.023333333333333334 0.0825
1 0.7391666666666667 0.43125 0.035 0.1075
1 0.8391666666666667 0.47750000000000004 0.05166666666666667 0.12
1 0.9808333333333334 0.5275 0.035 0.135
