1 0.279 0.5942857142857143 0.17400000000000002 0.6114285714285714
1 0.364 0.57 0.14 0.48857142857142855
1 0.772 0.59 0.14400000000000002 0.5
1 0.716 0.5057142857142857 0.10400000000000001 0.36
1 0.649 0.5228571428571429 0.11 0.3942857142857143
1 0.555 0.5 0.082 0.2914285714285714
1 0.507 0.5471428571428572 0.098 0.3457142857142857
1 0.457 0.56 0.11800000000000001 0.41714285714285715
1 0.155 0.5785714285714286 0.13 0.4542857142857143
1 0.09 0.5314285714285715 0.1 0.35428571428571426
1 0.036000000000000004 0.5042857142857143 0.07200000000000001 0.34
1 0.196 0.51 0.08 0.2885714285714286
1 0.106 0.39 0.036000000000000004 0.08285714285714285
1 0.41300000000000003 0.4057142857142857 0.058 0.12
1 0.503 0.38857142857142857 0.054 0.09714285714285714
1 0.067 0.4042857142857143 0.038 0.04857142857142857
