1 0.9193287037037038 0.5615740740740741 0.1613425925925926 0.8756172839506172
1 0.9119212962962964 0.5077160493827161 0.15439814814814815 0.5024691358024691
1 0.7982638888888889 0.4720679012345679 0.11689814814814815 0.3811728395061728
1 0.6875 0.5830246913580247 0.2513888888888889 0.817283950617284
1 0.4131944444444445 0.5842592592592593 0.25462962962962965 0.8277777777777777
1 0.15474537037037037 0.575462962962963 0.21087962962962964 0.6867283950617283
1 0.24965277777777778 0.4242283950617284 0.10023148148148149 0.30401234567901236
1 0.17766203703703703 0.38796296296296295 0.06689814814814815 0.24012345679012345
1 0.09745370370370371 0.3175925925925926 0.043055555555555555 0.11851851851851852
1 0.525 0.5540123456790124 0.20972222222222223 0.5345679012345679
