1 0.18833333333333335 0.7525000000000001 0.030000000000000002 0.115
1 0.023333333333333334 0.645 0.03333333333333333 0.12
1 0.016666666666666666 0.56 0.023333333333333334 0.085
1 0.4116666666666667 0.7625000000000001 0.07 0.265
1 0.3841666666666667 0.7725 0.06166666666666667 0.225
1 0.36500000000000005 0.765 0.060000000000000005 0.22
1 0.4758333333333334 0.77125 0.085 0.3125
1 0.55 0.76625 0.10333333333333335 0.3825
1 0.5916666666666667 0.7525000000000001 0.05666666666666667 0.21
1 0.6633333333333333 0.7525000000000001 0.06333333333333334 0.23
1 0.7658333333333334 0.755 0.065 0.245
1 0.7350000000000001 0.73875 0.05666666666666667 0.20750000000000002
1 0.6833333333333333 0.73875 0.04666666666666667 0.17250000000000001
1 0.7091666666666667 0.72875 0.025 0.0925
1 0.8116666666666668 0.7312500000000001 0.060000000000000005 0.2175
1 0.8591666666666667 0.745 0.07500000000000001 0.28
1 0.9083333333333334 0.7325 0.06666666666666667 0.25
1 0.9308333333333334 0.7225 0.05166666666666667 0.195
1 0.9766666666666667 0.7175 0.04666666666666667 0.23
1 0.21000000000000002 0.515 0.023333333333333334 0.02
1 0.24166666666666667 0.515 0.023333333333333334 0.025
1 0.2625 0.51875 0.021666666666666667 0.0175
1 0.2516666666666667 0.5437500000000001 0.02666666666666667 0.0225
1 0.2841666666666667 0.5475 0.021666666666666667 0.025
1 0.28750000000000003 0.5225 0.018333333333333333 0.025
1 0.3125 0.52375 0.015000000000000001 0.0225
1 0.3141666666666667 0.55 0.018333333333333333 0.025
1 0.3416666666666667 0.55125 0.02 0.0275
1 0.3691666666666667 0.55375 0.018333333333333333 0.0225
1 0.4008333333333334 0.55625 0.021666666666666667 0.0275
1 0.42833333333333334 0.55875 0.02666666666666667 0.0275
1 0.4516666666666667 0.56 0.016666666666666666 0.025
1 0.46166666666666667 0.535 0.02 0.025
1 0.4766666666666667 0.56125 0.016666666666666666 0.0275
1 0.4841666666666667 0.53625 0.011666666666666667 0.0275
1 0.4941666666666667 0.50875 0.011666666666666667 0.0325
1 0.5025000000000001 0.535 0.011666666666666667 0.02
1 0.5025000000000001 0.5650000000000001 0.018333333333333333 0.03
1 0.5216666666666667 0.54125 0.016666666666666666 0.0225
1 0.5266666666666667 0.5625 0.02 0.02
1 0.5416666666666667 0.5425 0.016666666666666666 0.02
1 0.5658333333333334 0.545 0.018333333333333333 0.02
1 0.5808333333333334 0.545 0.015000000000000001 0.02
1 0.6050000000000001 0.5437500000000001 0.02 0.0225
1 0.615 0.545 0.006666666666666667 0.015
1 0.6358333333333334 0.54625 0.015000000000000001 0.0225
1 0.6525000000000001 0.5475 0.015000000000000001 0.015
1 0.5491666666666667 0.5650000000000001 0.015000000000000001 0.02
1 0.5716666666666667 0.56625 0.016666666666666666 0.0175
1 0.5925 0.56625 0.015000000000000001 0.0175
1 0.6141666666666667 0.5700000000000001 0.018333333333333333 0.025
1 0.6358333333333334 0.57125 0.011666666666666667 0.0225
1 0.655 0.57125 0.01 0.0225
1 0.6758333333333334 0.57125 0.018333333333333333 0.0275
1 0.6983333333333334 0.56875 0.013333333333333334 0.0225
1 0.7108333333333334 0.5725 0.008333333333333333 0.02
1 0.08583333333333334 0.57125 0.028333333333333335 0.0775
1 0.008333333333333333 0.45625 0.016666666666666666 0.0675
1 0.11083333333333334 0.46875 0.06833333333333334 0.0725
1 0.06833333333333334 0.4675 0.06666666666666667 0.06
1 0.0475 0.465 0.04833333333333334 0.04
