1 0.10375000000000001 0.6172607879924953 0.0425 0.1575984990619137
1 0.244375 0.6210131332082551 0.02625 0.0975609756097561
1 0.34500000000000003 0.6191369606003753 0.0575 0.21388367729831145
1 0.38125000000000003 0.6228893058161351 0.08750000000000001 0.3227016885553471
1 0.4225 0.6360225140712945 0.1125 0.41275797373358347
1 0.480625 0.6557223264540337 0.14625 0.5384615384615384
1 0.65375 0.6135084427767354 0.195 0.7166979362101313
1 0.99 0.6191369606003753 0.02 0.0825515947467167
1 0.973125 0.6210131332082551 0.01875 0.075046904315197
1 0.956875 0.6181988742964353 0.02125 0.07692307692307693
1 0.940625 0.6181988742964353 0.01875 0.07317073170731707
1 0.9293750000000001 0.6172607879924953 0.01875 0.07129455909943715
1 0.9137500000000001 0.6219512195121951 0.0175 0.06941838649155722
1 0.8043750000000001 0.6153846153846154 0.01875 0.0675422138836773
1 0.793125 0.6200750469043151 0.01625 0.058161350844277676
1 0.771875 0.6163227016885553 0.01875 0.06941838649155722
1 0.760625 0.6153846153846154 0.01375 0.05628517823639775
1 0.740625 0.6191369606003753 0.01875 0.0675422138836773
1 0.7175 0.6163227016885553 0.015 0.058161350844277676
1 0.70625 0.6153846153846154 0.015 0.05628517823639775
1 0.591875 0.6191369606003753 0.02875 0.10506566604127579
1 0.574375 0.6172607879924953 0.02875 0.10881801125703565
1 0.54 0.6219512195121951 0.0275 0.10694183864915573
1 0.76625 0.5928705440900562 0.0125 0.026266416510318948
