1 0.03 0.6839999999999999 0.06 0.27466666666666667
1 0.077 0.6706666666666666 0.078 0.2533333333333333
1 0.149 0.716 0.09 0.296
1 0.232 0.7026666666666667 0.084 0.27999999999999997
1 0.377 0.7546666666666666 0.098 0.32
1 0.6890000000000001 0.8133333333333334 0.09 0.29866666666666664
1 0.674 0.5693333333333334 0.07200000000000001 0.2373333333333333
1 0.779 0.616 0.078 0.256
1 0.8270000000000001 0.584 0.082 0.26666666666666666
1 0.9470000000000001 0.572 0.07 0.22666666666666666
1 0.974 0.6453333333333333 0.052000000000000005 0.29333333333333333
1 0.728 0.5453333333333333 0.064 0.216
1 0.5700000000000001 0.5146666666666666 0.064 0.21333333333333332
1 0.541 0.48933333333333334 0.062 0.21066666666666667
1 0.432 0.48666666666666664 0.056 0.18933333333333333
1 0.463 0.444 0.058 0.18933333333333333
1 0.394 0.44666666666666666 0.048 0.16266666666666665
1 0.34 0.43066666666666664 0.052000000000000005 0.17333333333333334
1 0.28600000000000003 0.41866666666666663 0.056 0.18666666666666665
1 0.261 0.46266666666666667 0.054 0.17866666666666667
1 0.256 0.352 0.044 0.144
1 0.227 0.408 0.054 0.18133333333333332
1 0.191 0.39866666666666667 0.054 0.17333333333333334
1 0.047 0.42933333333333334 0.05 0.16533333333333333
1 0.158 0.4493333333333333 0.052000000000000005 0.17866666666666667
1 0.639 0.424 0.062 0.20266666666666666
1 0.661 0.416 0.054 0.18133333333333332
1 0.886 0.384 0.048 0.16
1 0.929 0.3973333333333333 0.05 0.16
1 0.9450000000000001 0.36533333333333334 0.054 0.176
1 0.974 0.36533333333333334 0.052000000000000005 0.176
1 0.857 0.388 0.046 0.152
1 0.792 0.4053333333333333 0.048 0.16533333333333333
1 0.8150000000000001 0.39599999999999996 0.05 0.16799999999999998
1 0.711 0.4066666666666667 0.046 0.152
1 0.025 0.52 0.034 0.058666666666666666
1 0.148 0.5386666666666666 0.056 0.07466666666666666
1 0.145 0.3413333333333333 0.046 0.096
