1 0.061 0.7597597597597597 0.11800000000000001 0.43243243243243246
1 0.223 0.7867867867867868 0.106 0.39039039039039036
1 0.34700000000000003 0.7687687687687688 0.11 0.4144144144144144
1 0.437 0.7417417417417418 0.106 0.39039039039039036
1 0.53 0.6951951951951952 0.07200000000000001 0.26726726726726724
1 0.605 0.8183183183183184 0.094 0.35135135135135137
1 0.8280000000000001 0.7537537537537538 0.112 0.1921921921921922
1 0.8250000000000001 0.5870870870870871 0.07 0.15915915915915915
1 0.783 0.5255255255255256 0.042 0.07207207207207207
1 0.908 0.5435435435435435 0.044 0.08408408408408408
1 0.9570000000000001 0.539039039039039 0.062 0.12312312312312312
1 0.732 0.8378378378378378 0.132 0.22822822822822822
1 0.683 0.6066066066066066 0.054 0.1021021021021021
1 0.742 0.6096096096096096 0.06 0.0960960960960961
1 0.608 0.5975975975975976 0.04 0.06006006006006006
1 0.5630000000000001 0.596096096096096 0.046 0.08708708708708708
1 0.529 0.509009009009009 0.03 0.06306306306306306
1 0.578 0.5075075075075075 0.032 0.06006006006006006
1 0.707 0.5255255255255256 0.034 0.04804804804804805
1 0.199 0.5570570570570571 0.046 0.09309309309309309
