1 0.9196428571428571 0.37815126050420167 0.04642857142857143 0.18487394957983194
1 0.7241071428571428 0.44397759103641454 0.06964285714285715 0.2661064425770308
1 0.7133928571428572 0.49019607843137253 0.08035714285714285 0.3081232492997199
1 0.6196428571428572 0.5812324929971989 0.09999999999999999 0.38375350140056025
1 0.5875 0.4117647058823529 0.060714285714285714 0.22969187675070027
1 0.5401785714285714 0.3963585434173669 0.055357142857142855 0.22128851540616246
1 0.4803571428571428 0.44537815126050423 0.075 0.2969187675070028
1 0.425 0.4327731092436975 0.06428571428571428 0.24369747899159663
1 0.38660714285714287 0.4117647058823529 0.055357142857142855 0.2184873949579832
1 0.35178571428571426 0.39915966386554624 0.05357142857142857 0.21568627450980393
1 0.3214285714285714 0.44537815126050423 0.06785714285714285 0.2689075630252101
1 0.28660714285714284 0.42857142857142855 0.06607142857142857 0.257703081232493
1 0.2544642857142857 0.41456582633053224 0.05892857142857143 0.22408963585434175
1 0.19017857142857142 0.48599439775910364 0.08035714285714285 0.3165266106442577
1 0.13839285714285715 0.44677871148459386 0.07678571428571428 0.29971988795518206
1 0.10803571428571428 0.4061624649859944 0.0625 0.24089635854341737
1 0.08928571428571429 0.4005602240896359 0.05357142857142857 0.21288515406162464
1 0.06785714285714285 0.38935574229691877 0.049999999999999996 0.20168067226890757
1 0.03839285714285714 0.36134453781512604 0.04821428571428571 0.19047619047619047
1 0.6892857142857143 0.2759103641456583 0.014285714285714285 0.058823529411764705
1 0.7035714285714285 0.27871148459383754 0.014285714285714285 0.058823529411764705
1 0.725 0.27450980392156865 0.010714285714285714 0.05042016806722689
1 0.7374999999999999 0.2759103641456583 0.014285714285714285 0.05322128851540616
1 0.7571428571428571 0.27871148459383754 0.014285714285714285 0.06442577030812326
1 0.17410714285714285 0.29411764705882354 0.019642857142857142 0.05042016806722689
1 0.19642857142857142 0.3025210084033613 0.024999999999999998 0.05042016806722689
1 0.2151785714285714 0.31092436974789917 0.023214285714285715 0.04481792717086835
1 0.22232142857142856 0.2759103641456583 0.019642857142857142 0.03081232492997199
1 0.24285714285714285 0.2759103641456583 0.024999999999999998 0.03081232492997199
1 0.27053571428571427 0.29411764705882354 0.019642857142857142 0.0392156862745098
1 0.3080357142857143 0.288515406162465 0.023214285714285715 0.056022408963585436
1 0.32053571428571426 0.28711484593837533 0.01607142857142857 0.04201680672268908
1 0.3357142857142857 0.2857142857142857 0.017857142857142856 0.0392156862745098
1 0.3705357142857143 0.28431372549019607 0.026785714285714284 0.04201680672268908
1 0.3892857142857143 0.2815126050420168 0.017857142857142856 0.036414565826330535
1 0.4089285714285714 0.29551820728291317 0.02142857142857143 0.047619047619047616
1 0.425 0.288515406162465 0.024999999999999998 0.04481792717086835
1 0.45714285714285713 0.2927170868347339 0.024999999999999998 0.047619047619047616
1 0.5321428571428571 0.273109243697479 0.04285714285714286 0.047619047619047616
