1 0.06 0.624 0.076 0.24533333333333332
1 0.085 0.5613333333333334 0.058 0.19466666666666665
1 0.278 0.596 0.064 0.21066666666666667
1 0.333 0.5613333333333334 0.058 0.19466666666666665
1 0.363 0.648 0.106 0.3466666666666667
1 0.531 0.624 0.066 0.224
1 0.552 0.5906666666666667 0.056 0.18933333333333333
1 0.5670000000000001 0.568 0.054 0.176
1 0.735 0.564 0.054 0.17333333333333334
1 0.795 0.692 0.11800000000000001 0.39199999999999996
1 0.843 0.6573333333333333 0.094 0.312
1 0.967 0.5479999999999999 0.03 0.09866666666666667
1 0.671 0.42133333333333334 0.042 0.064
1 0.156 0.19066666666666665 0.036000000000000004 0.050666666666666665
