1 0.07070707070707072 0.6150943396226415 0.14141414141414144 0.6415094339622641
1 0.17171717171717174 0.6433962264150943 0.18181818181818182 0.6679245283018868
1 0.2436868686868687 0.5773584905660377 0.15909090909090912 0.5811320754716981
1 0.33207070707070707 0.5981132075471698 0.148989898989899 0.5547169811320755
1 0.3952020202020202 0.5132075471698113 0.1388888888888889 0.5056603773584906
1 0.4810606060606061 0.47924528301886793 0.11363636363636365 0.41509433962264153
1 0.5681818181818182 0.44528301886792454 0.09595959595959597 0.35471698113207545
1 0.6275252525252526 0.3490566037735849 0.06818181818181819 0.26037735849056604
1 0.9292929292929294 0.2320754716981132 0.03535353535353536 0.1320754716981132
1 0.9545454545454546 0.22264150943396227 0.030303030303030304 0.12075471698113208
1 0.9734848484848486 0.2320754716981132 0.03282828282828283 0.12452830188679245
1 0.8762626262626263 0.19622641509433963 0.020202020202020204 0.0830188679245283
1 0.28661616161616166 0.2943396226415094 0.05303030303030303 0.0830188679245283
1 0.07196969696969698 0.30566037735849055 0.05808080808080809 0.11320754716981132
1 0.17803030303030304 0.27169811320754716 0.05808080808080809 0.09811320754716982
