1 0.402 0.745 0.124 0.5033333333333334
1 0.464 0.5916666666666667 0.08 0.33
1 0.513 0.4366666666666667 0.034 0.14666666666666667
1 0.524 0.56 0.04 0.16
1 0.912 0.6916666666666668 0.1 0.4166666666666667
1 0.884 0.48500000000000004 0.044 0.17666666666666667
1 0.845 0.48333333333333334 0.034 0.14666666666666667
1 0.8140000000000001 0.4766666666666667 0.028 0.12666666666666668
1 0.767 0.4716666666666667 0.034 0.14333333333333334
1 0.744 0.46166666666666667 0.032 0.1366666666666667
1 0.29 0.45833333333333337 0.028 0.11666666666666667
1 0.231 0.43000000000000005 0.042 0.17333333333333334
1 0.195 0.4716666666666667 0.038 0.16333333333333333
1 0.165 0.44833333333333336 0.046 0.19
1 0.083 0.43833333333333335 0.038 0.15666666666666668
1 0.037 0.465 0.05 0.21000000000000002
1 0.123 0.43500000000000005 0.03 0.12333333333333334
1 0.105 0.4216666666666667 0.034 0.15000000000000002
1 0.5690000000000001 0.6083333333333334 0.074 0.30333333333333334
1 0.611 0.615 0.08600000000000001 0.3566666666666667
1 0.655 0.7350000000000001 0.11800000000000001 0.4766666666666667
1 0.654 0.65 0.10400000000000001 0.42000000000000004
1 0.553 0.5333333333333333 0.05 0.2
1 0.97 0.5666666666666667 0.048 0.2066666666666667
1 0.982 0.5616666666666666 0.036000000000000004 0.21666666666666667
1 0.712 0.4516666666666667 0.036000000000000004 0.15000000000000002
1 0.40700000000000003 0.395 0.026000000000000002 0.07
1 0.673 0.41500000000000004 0.022 0.06333333333333334
1 0.913 0.49833333333333335 0.05 0.11666666666666667
1 0.9470000000000001 0.44333333333333336 0.022 0.03333333333333333
