1 0.051562500000000004 0.7134433962264151 0.10312500000000001 0.5731132075471698
1 0.26171875 0.4245283018867924 0.09531250000000001 0.3490566037735849
1 0.284375 0.5719339622641509 0.11875000000000001 0.4410377358490566
1 0.38203125000000004 0.7169811320754716 0.1484375 0.5471698113207547
1 0.5 0.6202830188679245 0.14375000000000002 0.5283018867924528
1 0.7039062500000001 0.4516509433962264 0.0765625 0.28066037735849053
1 0.97421875 0.44575471698113206 0.051562500000000004 0.28773584905660377
1 0.6507812500000001 0.3632075471698113 0.0546875 0.20283018867924527
1 0.596875 0.38089622641509435 0.0625 0.23349056603773585
1 0.44296875 0.45990566037735847 0.0734375 0.27358490566037735
1 0.38203125000000004 0.3915094339622641 0.0546875 0.20283018867924527
1 0.33203125 0.3856132075471698 0.060937500000000006 0.22405660377358488
1 0.19140625 0.3620283018867924 0.06406250000000001 0.23820754716981132
1 0.17265625 0.3643867924528302 0.0703125 0.2570754716981132
1 0.109375 0.35495283018867924 0.06875 0.2570754716981132
1 0.15078125 0.32429245283018865 0.0171875 0.06367924528301887
1 0.80625 0.410377358490566 0.037500000000000006 0.12735849056603774
