1 0.878 0.16933333333333334 0.02 0.06666666666666667
1 0.893 0.16533333333333333 0.018000000000000002 0.058666666666666666
1 0.906 0.16266666666666665 0.02 0.064
1 0.924 0.16 0.02 0.06933333333333333
1 0.47300000000000003 0.6799999999999999 0.158 0.5226666666666666
1 0.053 0.708 0.106 0.5786666666666667
1 0.865 0.5946666666666667 0.122 0.4053333333333333
1 0.96 0.504 0.076 0.24533333333333332
1 0.937 0.45599999999999996 0.054 0.18133333333333332
1 0.731 0.44266666666666665 0.046 0.14933333333333332
1 0.796 0.5333333333333333 0.08 0.2613333333333333
1 0.627 0.5519999999999999 0.094 0.304
1 0.552 0.45599999999999996 0.052000000000000005 0.17066666666666666
1 0.501 0.5133333333333333 0.07 0.23199999999999998
1 0.426 0.5253333333333333 0.076 0.256
1 0.291 0.5733333333333334 0.122 0.39466666666666667
1 0.249 0.48533333333333334 0.058 0.192
1 0.178 0.5373333333333333 0.092 0.30666666666666664
1 0.20800000000000002 0.43466666666666665 0.028 0.10133333333333333
1 0.225 0.43066666666666664 0.026000000000000002 0.09333333333333332
1 0.318 0.4973333333333333 0.064 0.216
1 0.34500000000000003 0.4613333333333333 0.046 0.14933333333333332
1 0.122 0.5093333333333333 0.076 0.25066666666666665
1 0.649 0.4666666666666667 0.054 0.18133333333333332
1 0.64 0.508 0.068 0.22666666666666666
1 0.404 0.48533333333333334 0.048 0.16533333333333333
1 0.59 0.4453333333333333 0.04 0.128
1 0.676 0.45599999999999996 0.02 0.07466666666666666
1 0.366 0.42933333333333334 0.024 0.08533333333333333
1 0.833 0.4453333333333333 0.038 0.128
1 0.771 0.18533333333333332 0.018000000000000002 0.04533333333333333
1 0.789 0.18933333333333333 0.018000000000000002 0.026666666666666665
1 0.808 0.184 0.02 0.026666666666666665
1 0.833 0.176 0.026000000000000002 0.03733333333333333
1 0.855 0.172 0.022 0.034666666666666665
1 0.9400000000000001 0.16666666666666666 0.012 0.024
1 0.47100000000000003 0.3973333333333333 0.022 0.048
1 0.188 0.412 0.02 0.050666666666666665
1 0.98 0.416 0.016 0.03733333333333333
1 0.992 0.42266666666666663 0.012 0.06666666666666667
1 0.873 0.3973333333333333 0.022 0.026666666666666665
1 0.889 0.41333333333333333 0.018000000000000002 0.058666666666666666
1 0.899 0.424 0.022 0.026666666666666665
1 0.906 0.43466666666666665 0.032 0.03733333333333333
1 0.92 0.4026666666666667 0.012 0.026666666666666665
1 0.905 0.39199999999999996 0.022 0.032
1 0.908 0.36933333333333335 0.012 0.018666666666666665
1 0.931 0.39066666666666666 0.01 0.034666666666666665
1 0.931 0.368 0.01 0.016
1 0.9470000000000001 0.36533333333333334 0.01 0.032
