1 0.9591666666666667 0.7656641604010025 0.08166666666666667 0.45363408521303256
1 0.81 0.8095238095238095 0.1 0.3659147869674185
1 0.8391666666666667 0.6027568922305764 0.065 0.24310776942355888
1 0.7658333333333334 0.5701754385964912 0.058333333333333334 0.21303258145363407
1 0.6966666666666667 0.5864661654135338 0.060000000000000005 0.22055137844611528
1 0.7016666666666667 0.5714285714285714 0.05333333333333334 0.20050125313283207
1 0.655 0.662907268170426 0.08333333333333334 0.3082706766917293
1 0.6241666666666668 0.6077694235588972 0.06833333333333334 0.2531328320802005
1 0.5750000000000001 0.6842105263157894 0.08 0.2957393483709273
1 0.5 0.7017543859649122 0.07666666666666667 0.2857142857142857
1 0.5725 0.5137844611528821 0.035 0.13032581453634084
1 0.5966666666666667 0.5 0.03333333333333333 0.12280701754385964
1 0.4475 0.6027568922305764 0.08166666666666667 0.3082706766917293
1 0.4658333333333334 0.5576441102756892 0.05166666666666667 0.19298245614035087
1 0.53 0.5701754385964912 0.05333333333333334 0.19799498746867167
1 0.5458333333333334 0.5037593984962405 0.035 0.13533834586466165
1 0.5125000000000001 0.537593984962406 0.03833333333333334 0.14285714285714285
1 0.4991666666666667 0.48621553884711777 0.018333333333333333 0.06516290726817042
1 0.41833333333333333 0.5588972431077694 0.04666666666666667 0.18045112781954886
1 0.4041666666666667 0.512531328320802 0.045000000000000005 0.16791979949874686
1 0.3791666666666667 0.4949874686716792 0.03166666666666667 0.11779448621553884
1 0.36583333333333334 0.45614035087719296 0.025 0.09022556390977443
1 0.4216666666666667 0.44360902255639095 0.016666666666666666 0.07017543859649122
1 0.48000000000000004 0.4598997493734336 0.02 0.08270676691729323
1 0.49083333333333334 0.4548872180451128 0.021666666666666667 0.08270676691729323
1 0.515 0.43609022556390975 0.013333333333333334 0.05513784461152882
1 0.7816666666666667 0.6403508771929824 0.03666666666666667 0.13283208020050125
1 0.8158333333333334 0.518796992481203 0.03166666666666667 0.13032581453634084
1 0.5675 0.5538847117794485 0.05166666666666667 0.06516290726817042
1 0.61 0.45238095238095233 0.01 0.022556390977443608
1 0.6225 0.4598997493734336 0.03166666666666667 0.06766917293233082
1 0.515 0.47117794486215536 0.02 0.040100250626566414
1 0.5325000000000001 0.4298245614035088 0.018333333333333333 0.03759398496240601
1 0.4658333333333334 0.45363408521303256 0.025 0.03508771929824561
1 0.45083333333333336 0.43609022556390975 0.025 0.03508771929824561
1 0.5125000000000001 0.39974937343358397 0.018333333333333333 0.042606516290726815
1 0.445 0.39849624060150374 0.01 0.02506265664160401
1 0.8250000000000001 0.9323308270676691 0.09666666666666668 0.13032581453634084
