1 0.9355072463768116 0.5359477124183007 0.050724637681159424 0.1917211328976035
1 0.9623188405797102 0.5403050108932462 0.05507246376811594 0.20043572984749458
1 0.7188405797101449 0.44226579520697173 0.03188405797101449 0.12200435729847496
1 0.6297101449275362 0.40740740740740744 0.021739130434782608 0.08278867102396514
1 0.6152173913043478 0.4030501089324619 0.01884057971014493 0.07407407407407408
1 0.572463768115942 0.38562091503267976 0.020289855072463767 0.07843137254901962
1 0.4826086956521739 0.43355119825708066 0.028985507246376812 0.10893246187363835
1 0.38115942028985506 0.5206971677559913 0.034782608695652174 0.13507625272331156
1 0.23043478260869565 0.5087145969498911 0.0463768115942029 0.1721132897603486
1 0.20579710144927538 0.5043572984749456 0.05507246376811594 0.20261437908496735
1 0.06739130434782609 0.7026143790849674 0.09710144927536232 0.3594771241830066
1 0.06884057971014493 0.44226579520697173 0.02753623188405797 0.10893246187363835
1 0.10217391304347827 0.44117647058823534 0.02463768115942029 0.09803921568627452
1 0.025362318840579712 0.4509803921568628 0.036231884057971016 0.13071895424836602
1 0.5123188405797101 0.3932461873638345 0.01884057971014493 0.07625272331154685
1 0.5028985507246377 0.3899782135076253 0.020289855072463767 0.07843137254901962
1 0.4644927536231884 0.4019607843137255 0.021739130434782608 0.08061002178649239
1 0.4492753623188406 0.4019607843137255 0.02318840579710145 0.08496732026143791
1 0.4260869565217391 0.39978213507625276 0.02318840579710145 0.08932461873638345
1 0.4028985507246377 0.4052287581699347 0.020289855072463767 0.07843137254901962
1 0.3789855072463768 0.39869281045751637 0.021739130434782608 0.07843137254901962
1 0.36594202898550726 0.3965141612200436 0.015942028985507246 0.06100217864923748
1 0.3615942028985507 0.40631808278867104 0.015942028985507246 0.06318082788671024
1 0.33695652173913043 0.4052287581699347 0.01884057971014493 0.07407407407407408
1 0.32463768115942027 0.40849673202614384 0.020289855072463767 0.07625272331154685
1 0.3079710144927536 0.40740740740740744 0.01884057971014493 0.06971677559912855
1 0.2956521739130435 0.40849673202614384 0.020289855072463767 0.08061002178649239
1 0.26666666666666666 0.40631808278867104 0.020289855072463767 0.07625272331154685
1 0.25072463768115943 0.41938997821350765 0.026086956521739132 0.10239651416122006
1 0.15144927536231884 0.34204793028322444 0.03333333333333333 0.12636165577342048
1 0.7913043478260869 0.4607843137254902 0.03768115942028986 0.06318082788671024
1 0.7579710144927536 0.45315904139433555 0.043478260869565216 0.06100217864923748
1 0.7405797101449275 0.4433551198257081 0.017391304347826087 0.06753812636165578
1 0.7246376811594203 0.4379084967320262 0.014492753623188406 0.056644880174291944
1 0.6978260869565217 0.43137254901960786 0.02753623188405797 0.056644880174291944
1 0.03260869565217391 0.48692810457516345 0.042028985507246375 0.06753812636165578
1 0.10869565217391304 0.47385620915032683 0.04057971014492753 0.05882352941176471
1 0.2688405797101449 0.44880174291939 0.02463768115942029 0.06100217864923748
1 0.22391304347826088 0.3932461873638345 0.02753623188405797 0.04575163398692811
1 0.20869565217391306 0.4019607843137255 0.02318840579710145 0.03703703703703704
1 0.28405797101449276 0.44008714596949894 0.020289855072463767 0.052287581699346414
1 0.31231884057971016 0.44117647058823534 0.021739130434782608 0.04575163398692811
1 0.3644927536231884 0.43355119825708066 0.01884057971014493 0.04357298474945534
1 0.3753623188405797 0.43355119825708066 0.020289855072463767 0.056644880174291944
1 0.39420289855072466 0.43355119825708066 0.017391304347826087 0.056644880174291944
1 0.4101449275362319 0.4291938997821351 0.02318840579710145 0.04793028322440088
1 0.42391304347826086 0.4248366013071896 0.015942028985507246 0.03921568627450981
1 0.43985507246376815 0.42701525054466233 0.015942028985507246 0.04793028322440088
1 0.45217391304347826 0.42701525054466233 0.017391304347826087 0.04793028322440088
