1 0.076 0.7813333333333333 0.07200000000000001 0.23466666666666666
1 0.02 0.7066666666666667 0.04 0.18666666666666665
1 0.041 0.604 0.038 0.12533333333333332
1 0.076 0.5946666666666667 0.036000000000000004 0.11733333333333333
1 0.915 0.7813333333333333 0.07 0.22933333333333333
1 0.971 0.756 0.058 0.21066666666666667
1 0.801 0.7879999999999999 0.062 0.21066666666666667
1 0.732 0.7653333333333333 0.06 0.19733333333333333
1 0.8280000000000001 0.7666666666666666 0.064 0.216
1 0.855 0.7 0.058 0.19466666666666665
1 0.6940000000000001 0.7533333333333333 0.06 0.19466666666666665
1 0.641 0.7333333333333333 0.054 0.176
1 0.5710000000000001 0.7693333333333333 0.066 0.216
1 0.525 0.7613333333333333 0.054 0.184
1 0.464 0.744 0.06 0.19733333333333333
1 0.437 0.768 0.062 0.20266666666666666
1 0.404 0.7333333333333333 0.056 0.18133333333333332
1 0.35100000000000003 0.7626666666666666 0.054 0.176
1 0.29 0.7573333333333333 0.056 0.18133333333333332
1 0.241 0.7546666666666666 0.054 0.18133333333333332
1 0.214 0.7493333333333333 0.048 0.16
1 0.184 0.7453333333333333 0.048 0.15733333333333333
1 0.14100000000000001 0.724 0.046 0.152
1 0.168 0.72 0.04 0.13866666666666666
1 0.504 0.7386666666666667 0.056 0.18666666666666665
