1 0.015555555555555555 0.5583333333333333 0.03111111111111111 0.14333333333333334
1 0.035555555555555556 0.5683333333333334 0.03111111111111111 0.12333333333333334
1 0.044444444444444446 0.56 0.03111111111111111 0.11333333333333334
1 0.08 0.5683333333333334 0.04 0.14333333333333334
1 0.10777777777777778 0.5666666666666667 0.03333333333333333 0.13333333333333333
1 0.12777777777777777 0.5666666666666667 0.03333333333333333 0.12666666666666668
1 0.14444444444444443 0.5650000000000001 0.04 0.14333333333333334
1 0.17888888888888888 0.555 0.03333333333333333 0.13
1 0.2611111111111111 0.6033333333333334 0.06444444444444444 0.23333333333333334
1 0.2877777777777778 0.5950000000000001 0.05555555555555555 0.21000000000000002
1 0.31333333333333335 0.5833333333333334 0.05333333333333333 0.19333333333333336
1 0.33111111111111113 0.5800000000000001 0.04888888888888889 0.18000000000000002
1 0.37222222222222223 0.5916666666666667 0.06 0.21666666666666667
1 0.43222222222222223 0.6183333333333334 0.1 0.3766666666666667
1 0.5611111111111111 0.6050000000000001 0.08222222222222222 0.30333333333333334
1 0.6988888888888889 0.6116666666666667 0.07333333333333333 0.27
1 0.6577777777777778 0.5900000000000001 0.057777777777777775 0.22
1 0.6255555555555555 0.5700000000000001 0.05555555555555555 0.2066666666666667
1 0.8355555555555556 0.5816666666666667 0.07555555555555556 0.27666666666666667
1 0.8044444444444444 0.5800000000000001 0.06222222222222222 0.23333333333333334
1 0.7744444444444445 0.5833333333333334 0.05555555555555555 0.2
1 0.7522222222222222 0.5750000000000001 0.05555555555555555 0.20333333333333334
1 0.7311111111111112 0.5683333333333334 0.04888888888888889 0.17666666666666667
1 0.9788888888888889 0.5666666666666667 0.042222222222222223 0.19333333333333336
1 0.9566666666666667 0.5683333333333334 0.05555555555555555 0.20333333333333334
1 0.9344444444444444 0.5766666666666667 0.06 0.22666666666666668
1 0.9066666666666666 0.5616666666666666 0.05333333333333333 0.19666666666666668
1 0.8666666666666667 0.5733333333333334 0.05333333333333333 0.2
