1 0.01953125 0.4142512077294686 0.0390625 0.24396135265700483
1 0.051562500000000004 0.393719806763285 0.05 0.1932367149758454
1 0.028125 0.40579710144927533 0.053125000000000006 0.20289855072463767
1 0.08359375000000001 0.41304347826086957 0.0546875 0.21256038647342995
1 0.10859375 0.40096618357487923 0.051562500000000004 0.1932367149758454
1 0.1484375 0.3961352657004831 0.0625 0.23671497584541062
1 0.12421875 0.3804347826086956 0.0390625 0.15217391304347824
1 0.1703125 0.40096618357487923 0.05 0.18840579710144928
1 0.203125 0.40338164251207725 0.05625 0.21256038647342995
1 0.18359375 0.3852657004830918 0.0484375 0.1859903381642512
1 0.31328125 0.5966183574879227 0.2015625 0.7584541062801932
1 0.6101562500000001 0.5289855072463768 0.1921875 0.7294685990338164
1 0.465625 0.43115942028985504 0.08750000000000001 0.33091787439613524
1 0.5281250000000001 0.4214975845410628 0.096875 0.3695652173913043
1 0.89453125 0.4504830917874396 0.0921875 0.3502415458937198
1 0.7921875 0.41787439613526567 0.08750000000000001 0.33816425120772947
1 0.73984375 0.39492753623188404 0.0703125 0.27294685990338163
1 0.69296875 0.4468599033816425 0.1078125 0.4106280193236715
1 0.9593750000000001 0.42028985507246375 0.08125 0.357487922705314
1 0.9632812500000001 0.4492753623188406 0.0734375 0.46376811594202894
1 0.039843750000000004 0.4432367149758454 0.0421875 0.11835748792270531
