1 0.4774774774774775 0.5471698113207547 0.018018018018018018 0.07547169811320756
1 0.6054054054054054 0.5444743935309974 0.018018018018018018 0.07547169811320756
1 0.08558558558558559 0.6752021563342319 0.03423423423423423 0.1320754716981132
1 0.11981981981981982 0.706199460916442 0.05225225225225225 0.18867924528301888
1 0.13603603603603603 0.6873315363881402 0.04504504504504504 0.1725067385444744
1 0.14774774774774774 0.669811320754717 0.04684684684684685 0.169811320754717
1 0.17027027027027028 0.6994609164420486 0.04144144144144144 0.15902964959568733
1 0.1927927927927928 0.8099730458221025 0.06486486486486487 0.23450134770889489
1 0.24054054054054055 0.8099730458221025 0.05945945945945946 0.22371967654986524
1 0.25585585585585585 0.7466307277628033 0.05045045045045045 0.1940700808625337
1 0.2828828828828829 0.7897574123989218 0.05765765765765766 0.21024258760107817
1 0.3108108108108108 0.7277628032345014 0.04864864864864865 0.17789757412398924
1 0.33153153153153153 0.7978436657681941 0.06846846846846846 0.24797843665768196
1 0.3450450450450451 0.6630727762803235 0.04504504504504504 0.16172506738544476
1 0.3612612612612613 0.6725067385444744 0.04504504504504504 0.16442048517520216
1 0.3738738738738739 0.6752021563342319 0.04144144144144144 0.15363881401617252
1 0.3981981981981982 0.6374663072776281 0.036036036036036036 0.13746630727762804
1 0.4306306306306306 0.6522911051212938 0.032432432432432434 0.11859838274932616
1 0.4711711711711712 0.6442048517520216 0.03423423423423423 0.1293800539083558
1 0.418018018018018 0.8665768194070081 0.06846846846846846 0.2560646900269542
1 0.4756756756756757 0.8099730458221025 0.06486486486486487 0.23450134770889489
1 0.5720720720720721 0.6361185983827493 0.03063063063063063 0.11320754716981132
1 0.6288288288288288 0.6226415094339623 0.036036036036036036 0.14016172506738545
1 0.7396396396396396 0.5754716981132075 0.023423423423423424 0.09433962264150944
1 0.21081081081081082 0.6428571428571429 0.032432432432432434 0.1266846361185984
1 0.22702702702702704 0.646900269541779 0.036036036036036036 0.14016172506738545
1 0.26126126126126126 0.623989218328841 0.032432432432432434 0.11590296495956874
1 0.5153153153153153 0.8760107816711591 0.06126126126126126 0.22641509433962265
1 0.5630630630630631 0.8301886792452831 0.07387387387387387 0.2695417789757413
1 0.5567567567567567 0.6805929919137467 0.03963963963963964 0.14824797843665768
1 0.6594594594594595 0.6509433962264152 0.03963963963963964 0.14285714285714288
1 0.6828828828828829 0.6738544474393532 0.02882882882882883 0.11320754716981132
1 0.7261261261261261 0.8517520215633424 0.07207207207207207 0.2641509433962264
1 0.790990990990991 0.8814016172506739 0.06486486486486487 0.23719676549865232
1 0.7225225225225226 0.706199460916442 0.04684684684684685 0.1725067385444744
1 0.7612612612612613 0.7331536388140162 0.05225225225225225 0.18867924528301888
1 0.8153153153153153 0.7695417789757413 0.055855855855855854 0.20215633423180593
1 0.7828828828828829 0.6374663072776281 0.03063063063063063 0.12129380053908356
1 0.8108108108108109 0.6307277628032345 0.032432432432432434 0.12398921832884098
1 0.9333333333333333 0.7628032345013478 0.05405405405405406 0.19946091644204852
1 0.9702702702702702 0.7911051212938006 0.05225225225225225 0.19676549865229112
1 0.010810810810810811 0.5997304582210243 0.021621621621621623 0.07816711590296496
1 0.03333333333333333 0.6199460916442049 0.03063063063063063 0.09164420485175202
1 0.07387387387387387 0.6118598382749326 0.05405405405405406 0.09164420485175202
1 0.42612612612612616 0.7358490566037736 0.04864864864864865 0.08086253369272238
1 0.4837837837837838 0.6778975741239892 0.03423423423423423 0.08355795148247978
1 0.5081081081081081 0.7102425876010782 0.043243243243243246 0.08894878706199462
1 0.6036036036036037 0.6900269541778976 0.043243243243243246 0.09164420485175202
1 0.8405405405405405 0.6549865229110512 0.04864864864864865 0.10242587601078168
1 0.8900900900900901 0.6132075471698114 0.04684684684684685 0.07277628032345014
1 0.8846846846846848 0.7008086253369272 0.043243243243243246 0.10242587601078168
1 0.6441441441441441 0.862533692722372 0.18558558558558558 0.2749326145552561
