1 0.07500000000000001 0.2682619647355164 0.02666666666666667 0.10327455919395466
1 0.043333333333333335 0.24307304785894207 0.016666666666666666 0.06801007556675062
1 0.15666666666666668 0.2959697732997481 0.05666666666666667 0.20906801007556675
1 0.17083333333333334 0.2972292191435768 0.058333333333333334 0.2216624685138539
1 0.18833333333333335 0.2884130982367758 0.043333333333333335 0.163727959697733
1 0.335 0.29093198992443325 0.05 0.1889168765743073
1 0.30333333333333334 0.26448362720403024 0.023333333333333334 0.09571788413098237
1 0.36000000000000004 0.2632241813602015 0.023333333333333334 0.08816120906801007
1 0.39666666666666667 0.2783375314861461 0.04 0.1486146095717884
1 0.43083333333333335 0.27455919395465994 0.035 0.13602015113350124
1 0.5341666666666667 0.3879093198992443 0.085 0.3123425692695214
1 0.6058333333333333 0.43073047858942065 0.155 0.579345088161209
1 0.6575000000000001 0.4030226700251889 0.12166666666666667 0.4534005037783375
1 0.7416666666666667 0.7090680100755667 0.12333333333333334 0.45591939546599497
1 0.7466666666666667 0.28337531486146095 0.03666666666666667 0.14357682619647355
1 0.7075 0.2544080604534005 0.028333333333333335 0.10579345088161209
1 0.5691666666666667 0.25818639798488663 0.035 0.13350125944584382
1 0.49583333333333335 0.24811083123425692 0.025 0.0982367758186398
1 0.7716666666666667 0.2783375314861461 0.04 0.15365239294710328
1 0.7975000000000001 0.26448362720403024 0.025 0.0906801007556675
1 0.8425 0.2695214105793451 0.04833333333333334 0.181360201511335
1 0.8700000000000001 0.2682619647355164 0.03666666666666667 0.14357682619647355
1 0.9475 0.2682619647355164 0.03166666666666667 0.1234256926952141
1 0.9208333333333334 0.2720403022670025 0.03166666666666667 0.12090680100755667
1 0.8883333333333334 0.2518891687657431 0.023333333333333334 0.08564231738035265
1 0.7866666666666667 0.22921914357682618 0.023333333333333334 0.08060453400503778
