1 0.43250000000000005 0.6775 0.16166666666666668 0.6
1 0.5425 0.6975 0.15833333333333335 0.585
1 0.7316666666666667 0.67125 0.17333333333333334 0.6375000000000001
1 0.8525 0.6925 0.165 0.605
1 0.43083333333333335 0.31875000000000003 0.04833333333333334 0.1775
1 0.4566666666666667 0.315 0.04666666666666667 0.17500000000000002
1 0.47750000000000004 0.3175 0.04833333333333334 0.18
1 0.5 0.3125 0.05 0.19
1 0.5333333333333333 0.3225 0.05 0.19
1 0.56 0.31625000000000003 0.05666666666666667 0.20750000000000002
1 0.5983333333333334 0.31 0.05666666666666667 0.215
1 0.6275000000000001 0.33125 0.055 0.2025
1 0.6491666666666667 0.3275 0.055 0.21
1 0.6758333333333334 0.31625000000000003 0.05166666666666667 0.1875
1 0.7141666666666667 0.2925 0.045000000000000005 0.165
1 0.7358333333333333 0.29875 0.045000000000000005 0.1675
1 0.7675000000000001 0.315 0.06166666666666667 0.225
1 0.7941666666666667 0.33125 0.035 0.1375
1 0.8175 0.325 0.055 0.21
1 0.8475 0.30875 0.05166666666666667 0.1975
1 0.7891666666666667 0.28375 0.04166666666666667 0.1575
1 0.6916666666666668 0.26 0.030000000000000002 0.115
1 0.13333333333333333 0.53125 0.22 0.5575
1 0.30083333333333334 0.52375 0.17500000000000002 0.3575
1 0.30250000000000005 0.7325 0.3416666666666667 0.495
1 0.6191666666666668 0.42 0.11833333333333335 0.195
1 0.5816666666666667 0.515 0.15666666666666668 0.33
1 0.915 0.365 0.1 0.185
1 0.9683333333333334 0.4425 0.05333333333333334 0.355
1 0.8775000000000001 0.2525 0.04833333333333334 0.065
1 0.9033333333333334 0.22875 0.030000000000000002 0.0725
1 0.9433333333333334 0.28625 0.04666666666666667 0.1125
