1 0.19599999999999998 0.657 0.07733333333333334 0.28200000000000003
1 0.29133333333333333 0.66 0.07866666666666666 0.28800000000000003
1 0.264 0.617 0.024 0.09
1 0.25266666666666665 0.615 0.02 0.074
1 0.22799999999999998 0.611 0.018666666666666665 0.074
1 0.09333333333333332 0.601 0.016 0.058
1 0.5193333333333333 0.633 0.04133333333333333 0.158
1 0.5439999999999999 0.632 0.042666666666666665 0.156
1 0.5753333333333334 0.626 0.044 0.164
1 0.6026666666666667 0.624 0.034666666666666665 0.132
1 0.7106666666666667 0.615 0.029333333333333333 0.11
1 0.9206666666666666 0.604 0.017333333333333333 0.064
1 0.9066666666666666 0.606 0.016 0.064
1 0.8873333333333333 0.609 0.009333333333333332 0.038
1 0.878 0.608 0.012 0.044
1 0.87 0.605 0.012 0.05
1 0.8186666666666667 0.607 0.013333333333333332 0.05
1 0.8073333333333333 0.608 0.014666666666666666 0.052000000000000005
1 0.7979999999999999 0.613 0.012 0.042
1 0.778 0.612 0.017333333333333333 0.064
1 0.7533333333333333 0.613 0.016 0.066
1 0.7353333333333333 0.609 0.017333333333333333 0.07
1 0.6673333333333333 0.606 0.017333333333333333 0.064
1 0.6433333333333333 0.607 0.017333333333333333 0.062
1 0.6326666666666666 0.607 0.017333333333333333 0.062
1 0.6773333333333333 0.607 0.010666666666666666 0.046
1 0.35533333333333333 0.611 0.02 0.078
1 0.07666666666666666 0.621 0.025333333333333333 0.042
1 0.5393333333333333 0.502 0.036 0.128
