1 0.05666666666666667 0.3935406698564593 0.11333333333333334 0.5956937799043062
1 0.24666666666666667 0.45095693779904306 0.16 0.562200956937799
1 0.4025 0.2978468899521531 0.08166666666666667 0.2942583732057416
1 0.4816666666666667 0.3038277511961722 0.08666666666666667 0.30143540669856456
1 0.43000000000000005 0.2834928229665072 0.05333333333333334 0.18899521531100477
1 0.49583333333333335 0.3050239234449761 0.06166666666666667 0.21770334928229665
1 0.5591666666666667 0.319377990430622 0.07833333333333334 0.27990430622009566
1 0.5958333333333333 0.27751196172248804 0.06166666666666667 0.21531100478468898
1 0.6458333333333334 0.29186602870813394 0.058333333333333334 0.20574162679425836
1 0.7158333333333334 0.2930622009569378 0.05166666666666667 0.18899521531100477
1 0.8291666666666667 0.30143540669856456 0.05166666666666667 0.18181818181818182
1 0.9175000000000001 0.48684210526315785 0.165 0.9736842105263157
1 0.9008333333333334 0.2547846889952153 0.018333333333333333 0.06937799043062201
1 0.6816666666666668 0.24760765550239233 0.02 0.06937799043062201
1 0.515 0.25598086124401914 0.03333333333333333 0.12440191387559808
