1 0.0278125 0.8119136960600375 0.055625 0.36679174484052535
1 0.04 0.8283302063789869 0.08 0.3076923076923077
1 0.048125 0.776735459662289 0.05 0.18574108818011256
1 0.1265625 0.8147279549718575 0.099375 0.36679174484052535
1 0.0896875 0.7870544090056285 0.046875 0.17448405253283303
1 0.2040625 0.8133208255159474 0.099375 0.36585365853658536
1 0.264375 0.7889305816135085 0.07375 0.27204502814258913
1 0.3465625 0.8114446529080676 0.076875 0.28142589118198874
1 0.3728125 0.8348968105065666 0.089375 0.32833020637898686
1 0.40218750000000003 0.8236397748592871 0.095625 0.350844277673546
1 0.5371875 0.8452157598499062 0.080625 0.29831144465290804
1 0.6334375 0.8409943714821764 0.079375 0.2898686679174484
1 0.5734375 0.7485928705440901 0.046875 0.17073170731707318
1 0.6046875 0.7199812382739212 0.036875 0.1378986866791745
1 0.64625 0.7368667917448405 0.04125 0.15103189493433397
1 0.539375 0.5970919324577861 0.03 0.11163227016885553
1 0.714375 0.8236397748592871 0.09125 0.33583489681050654
1 0.780625 0.7954971857410882 0.0775 0.28330206378986866
1 0.8215625 0.8372420262664165 0.088125 0.32176360225140715
1 0.8871875 0.7945590994371482 0.066875 0.24390243902439024
1 0.9146875 0.8147279549718575 0.091875 0.33864915572232646
1 0.9740625 0.7804878048780488 0.051875000000000004 0.2870544090056285
1 0.949375 0.8316135084427767 0.03875 0.17354596622889307
