1 0.051000000000000004 0.7207207207207207 0.10200000000000001 0.5225225225225225
1 0.151 0.581081081081081 0.054 0.2072072072072072
1 0.193 0.575075075075075 0.046 0.17117117117117117
1 0.28300000000000003 0.6111111111111112 0.074 0.27927927927927926
1 0.339 0.6456456456456456 0.094 0.3483483483483483
1 0.423 0.6276276276276276 0.094 0.34234234234234234
1 0.455 0.56006006006006 0.054 0.2072072072072072
1 0.543 0.6036036036036035 0.078 0.2882882882882883
1 0.595 0.6876876876876877 0.106 0.39039039039039036
1 0.9380000000000001 0.5705705705705706 0.068 0.25825825825825827
1 0.883 0.5690690690690691 0.05 0.1831831831831832
1 0.841 0.5630630630630631 0.046 0.17117117117117117
1 0.771 0.5495495495495496 0.054 0.1981981981981982
1 0.746 0.5645645645645646 0.044 0.16816816816816815
1 0.714 0.5480480480480481 0.048 0.1831831831831832
1 0.649 0.5915915915915916 0.074 0.2702702702702703
1 0.1 0.6996996996996997 0.068 0.26426426426426425
