1 0.96125 0.4366666666666667 0.0525 0.18000000000000002
1 0.9187500000000001 0.4266666666666667 0.0375 0.12000000000000001
1 0.8875000000000001 0.42833333333333334 0.03 0.10333333333333335
1 0.79 0.4216666666666667 0.035 0.12333333333333334
1 0.7625000000000001 0.4416666666666667 0.045 0.14333333333333334
1 0.725 0.42000000000000004 0.04 0.13333333333333333
1 0.685 0.39 0.045 0.14666666666666667
1 0.64625 0.4083333333333334 0.0325 0.11666666666666667
1 0.615 0.4166666666666667 0.04 0.14
1 0.56375 0.41833333333333333 0.0375 0.13
1 0.54 0.4266666666666667 0.035 0.12000000000000001
1 0.4975 0.42500000000000004 0.04 0.13
1 0.45375 0.4133333333333334 0.0325 0.11333333333333334
1 0.27875 0.43333333333333335 0.0675 0.22666666666666668
1 0.22125 0.4266666666666667 0.0575 0.18666666666666668
1 0.16375 0.44333333333333336 0.0425 0.14
1 0.1475 0.4266666666666667 0.045 0.15333333333333335
1 0.03625 0.4216666666666667 0.0325 0.11666666666666667
1 0.8512500000000001 0.5433333333333333 0.1675 0.30000000000000004
1 0.6725 0.5233333333333333 0.14 0.24666666666666667
1 0.5175 0.5083333333333334 0.15 0.19666666666666668
1 0.39375 0.47500000000000003 0.1475 0.20333333333333334
