1 0.09166666666666667 0.6842105263157894 0.03333333333333333 0.12531328320802004
1 0.055 0.6666666666666666 0.04 0.14536340852130325
1 0.03333333333333333 0.6691729323308271 0.03666666666666667 0.14035087719298245
1 0.21000000000000002 0.6904761904761905 0.043333333333333335 0.16791979949874686
1 0.13416666666666668 0.681704260651629 0.021666666666666667 0.08020050125313283
1 0.2783333333333334 0.7005012531328321 0.03666666666666667 0.13283208020050125
1 0.24416666666666667 0.6917293233082706 0.018333333333333333 0.07017543859649122
1 0.3641666666666667 0.7055137844611529 0.025 0.09273182957393483
1 0.38083333333333336 0.7092731829573935 0.025 0.09022556390977443
1 0.4166666666666667 0.7042606516290726 0.023333333333333334 0.08521303258145363
1 0.43000000000000005 0.7005012531328321 0.02 0.07769423558897243
1 0.47250000000000003 0.7017543859649122 0.015000000000000001 0.06015037593984962
1 0.4866666666666667 0.7030075187969924 0.013333333333333334 0.05764411027568922
1 0.9883333333333334 0.706766917293233 0.023333333333333334 0.11528822055137844
1 0.8716666666666667 0.7042606516290726 0.016666666666666666 0.07017543859649122
1 0.8575 0.7042606516290726 0.018333333333333333 0.07518796992481203
1 0.8416666666666667 0.7055137844611529 0.02 0.08270676691729323
1 0.8058333333333334 0.7092731829573935 0.015000000000000001 0.06015037593984962
1 0.7608333333333334 0.7017543859649122 0.018333333333333333 0.06516290726817042
