1 0.9484375 0.6652777777777779 0.0625 0.275
1 0.978125 0.6486111111111111 0.043750000000000004 0.28055555555555556
1 0.9265625000000001 0.6319444444444444 0.0625 0.275
1 0.8796875000000001 0.65 0.0625 0.2777777777777778
1 0.8992187500000001 0.6569444444444444 0.051562500000000004 0.23055555555555557
1 0.83359375 0.6347222222222223 0.0546875 0.23611111111111113
1 0.80625 0.6430555555555556 0.05 0.21944444444444444
1 0.7875000000000001 0.6597222222222222 0.059375000000000004 0.25833333333333336
1 0.759375 0.6638888888888889 0.05625 0.25
1 0.70234375 0.6305555555555555 0.045312500000000006 0.20555555555555557
1 0.73984375 0.6208333333333333 0.051562500000000004 0.23055555555555557
1 0.6625000000000001 0.6430555555555556 0.05 0.21944444444444444
1 0.62265625 0.6888888888888889 0.08281250000000001 0.3611111111111111
1 0.49531250000000004 0.6944444444444444 0.1 0.4388888888888889
1 0.5242187500000001 0.6972222222222223 0.0671875 0.2888888888888889
1 0.565625 0.6430555555555556 0.040625 0.18055555555555555
1 0.58046875 0.6277777777777778 0.045312500000000006 0.2
1 0.41015625 0.6944444444444444 0.0703125 0.3055555555555556
1 0.3796875 0.6888888888888889 0.065625 0.2833333333333333
1 0.34921875 0.6875 0.06406250000000001 0.28611111111111115
1 0.434375 0.6736111111111112 0.0625 0.26944444444444443
1 0.26640625 0.7083333333333334 0.0671875 0.29444444444444445
1 0.24765625000000002 0.7041666666666667 0.0671875 0.2916666666666667
1 0.30078125 0.675 0.0578125 0.2555555555555556
1 0.328125 0.6777777777777778 0.0625 0.27222222222222225
1 0.096875 0.7027777777777778 0.08125 0.35000000000000003
1 0.1296875 0.6944444444444444 0.07500000000000001 0.33333333333333337
1 0.22890625 0.6888888888888889 0.06406250000000001 0.2833333333333333
1 0.16484375 0.675 0.0578125 0.25
1 0.203125 0.6777777777777778 0.0625 0.2777777777777778
1 0.055468750000000004 0.6472222222222223 0.0546875 0.24444444444444446
1 0.0390625 0.6597222222222222 0.046875 0.2138888888888889
1 0.015625 0.6138888888888889 0.03125 0.14444444444444446
1 0.3609375 0.5652777777777778 0.025 0.0638888888888889
