1 0.10420841683366733 0.627831715210356 0.13226452905811623 0.5177993527508091
1 0.06813627254509018 0.5647249190938511 0.1002004008016032 0.3980582524271845
1 0.023046092184368736 0.46116504854368934 0.04609218436873747 0.22330097087378642
1 0.1973947895791583 0.5453074433656958 0.09018036072144288 0.36569579288025894
1 0.2915831663326653 0.580906148867314 0.1062124248496994 0.43042071197411
1 0.42985971943887774 0.6601941747572816 0.14228456913827653 0.56957928802589
1 0.5871743486973947 0.6003236245954693 0.12024048096192384 0.482200647249191
1 0.6773547094188376 0.5647249190938511 0.10420841683366733 0.41747572815533984
1 0.7995991983967935 0.6731391585760518 0.156312625250501 0.627831715210356
1 0.8877755511022043 0.6245954692556634 0.12424849699398796 0.49190938511326865
1 0.9478957915831663 0.5825242718446603 0.10420841683366733 0.4271844660194175
1 0.7665330661322645 0.5469255663430421 0.09418837675350701 0.3818770226537217
1 0.8587174348697394 0.49838187702265374 0.0501002004008016 0.20711974110032363
1 0.6392785571142284 0.46925566343042074 0.052104208416833664 0.20711974110032363
1 0.4959919839679358 0.46116504854368934 0.0501002004008016 0.19741100323624597
1 0.250501002004008 0.4741100323624596 0.052104208416833664 0.2038834951456311
1 0.23046092184368736 0.47734627831715215 0.044088176352705406 0.18446601941747573
1 0.15731462925851702 0.5016181229773463 0.06613226452905811 0.27184466019417475
1 0.3817635270541082 0.470873786407767 0.0501002004008016 0.2038834951456311
1 0.35270541082164325 0.4627831715210356 0.04809619238476953 0.1941747572815534
1 0.5260521042084167 0.5339805825242718 0.08617234468937875 0.34951456310679613
1 0.7324649298597193 0.4789644012944984 0.058116232464929855 0.2394822006472492
1 0.3276553106212425 0.482200647249191 0.058116232464929855 0.2394822006472492
1 0.9769539078156312 0.47734627831715215 0.04609218436873747 0.2168284789644013
1 0.17635270541082163 0.39967637540453077 0.028056112224448895 0.0744336569579288
1 0.3316633266533066 0.7475728155339806 0.12625250501002003 0.44012944983818775
