1 0.8054166666666667 0.629375 0.015833333333333335 0.058750000000000004
1 0.8170833333333334 0.634375 0.015833333333333335 0.058750000000000004
1 0.8583333333333334 0.625 0.011666666666666667 0.045
1 0.8666666666666667 0.62375 0.011666666666666667 0.0475
1 0.07583333333333334 0.7775 0.115 0.2
1 0.10458333333333333 0.6843750000000001 0.0675 0.10625
1 0.16708333333333333 0.701875 0.04916666666666667 0.12375
1 0.18166666666666667 0.6325000000000001 0.021666666666666667 0.05
1 0.28750000000000003 0.6793750000000001 0.05 0.07875
1 0.31625000000000003 0.7418750000000001 0.05916666666666667 0.14375000000000002
1 0.4366666666666667 0.714375 0.060000000000000005 0.13875
1 0.50625 0.68875 0.04583333333333334 0.1125
1 0.54125 0.7025 0.037500000000000006 0.125
1 0.8095833333333334 0.675625 0.030833333333333334 0.05625
1 0.8283333333333334 0.670625 0.025 0.04875
1 0.8525 0.671875 0.025 0.05375
1 0.8941666666666668 0.666875 0.03333333333333333 0.07375
1 0.9287500000000001 0.656875 0.0175 0.05625
1 0.9420833333333334 0.650625 0.0175 0.043750000000000004
1 0.9595833333333333 0.651875 0.0175 0.05625
