1 0.1809090909090909 0.5423497267759563 0.09272727272727273 0.3469945355191257
1 0.24545454545454545 0.5710382513661202 0.11636363636363636 0.4262295081967213
1 0.21454545454545454 0.48633879781420764 0.06909090909090909 0.26229508196721313
1 0.28909090909090907 0.5259562841530054 0.07636363636363637 0.28688524590163933
1 0.37545454545454543 0.5095628415300546 0.07090909090909091 0.25956284153005466
1 0.025454545454545455 0.4931693989071038 0.05090909090909091 0.24316939890710382
1 0.053636363636363635 0.4972677595628415 0.07090909090909091 0.26229508196721313
1 0.12636363636363637 0.4918032786885246 0.06 0.22404371584699453
1 0.4381818181818182 0.5286885245901639 0.08 0.2923497267759563
1 0.4672727272727273 0.5587431693989071 0.09818181818181818 0.36885245901639346
1 0.44636363636363635 0.5505464480874317 0.08545454545454545 0.319672131147541
1 0.5163636363636364 0.5081967213114754 0.05818181818181818 0.21311475409836064
1 0.5627272727272727 0.5683060109289617 0.11818181818181818 0.4371584699453552
1 0.6090909090909091 0.5860655737704918 0.09090909090909091 0.33060109289617484
1 0.6463636363636364 0.546448087431694 0.09636363636363636 0.3551912568306011
1 0.6809090909090909 0.5409836065573771 0.07818181818181819 0.28415300546448086
1 0.7427272727272727 0.5409836065573771 0.08545454545454545 0.3114754098360656
1 0.7790909090909091 0.5819672131147541 0.09272727272727273 0.34972677595628415
1 0.3472727272727273 0.48633879781420764 0.05454545454545454 0.20765027322404372
1 0.8345454545454546 0.44672131147540983 0.04363636363636364 0.10655737704918032
1 0.889090909090909 0.4685792349726776 0.05818181818181818 0.16666666666666666
1 0.9418181818181818 0.4644808743169399 0.05818181818181818 0.16939890710382513
