1 0.06012024048096192 0.6126279863481229 0.12024048096192384 0.6450511945392492
1 0.12324649298597193 0.6006825938566553 0.14228456913827653 0.5938566552901023
1 0.16332665330661322 0.5614334470989761 0.12625250501002003 0.5290102389078498
1 0.2094188376753507 0.5614334470989761 0.13827655310621242 0.5767918088737202
1 0.3016032064128256 0.5699658703071673 0.12625250501002003 0.5255972696245734
1 0.3717434869739479 0.60580204778157 0.1222444889779559 0.515358361774744
1 0.5531062124248497 0.5870307167235495 0.12024048096192384 0.4982935153583618
1 0.6262525050100199 0.5750853242320819 0.1342685370741483 0.5699658703071673
1 0.7264529058116231 0.6040955631399317 0.12625250501002003 0.5255972696245734
1 0.8236472945891783 0.621160409556314 0.13627254509018036 0.5733788395904437
1 0.9448897795591181 0.5955631399317406 0.11022044088176351 0.6177474402730375
1 0.25551102204408815 0.35494880546075086 0.03406813627254509 0.08873720136518772
1 0.34368737474949895 0.3447098976109215 0.038076152304609215 0.07508532423208192
1 0.4018036072144288 0.3720136518771331 0.04609218436873747 0.12969283276450513
1 0.43286573146292584 0.31911262798634815 0.03607214428857715 0.13310580204778158
1 0.5060120240480962 0.3430034129692833 0.06613226452905811 0.13993174061433447
1 0.4759519038076152 0.447098976109215 0.09819639278557113 0.24573378839590443
1 0.46793587174348694 0.7133105802047781 0.1222444889779559 0.44368600682593856
1 0.5791583166332664 0.3412969283276451 0.044088176352705406 0.10238907849829351
1 0.6673346693386772 0.3651877133105802 0.05611222444889779 0.13651877133105803
1 0.719438877755511 0.31911262798634815 0.04008016032064128 0.07849829351535836
1 0.7775551102204408 0.3771331058020478 0.06412825651302605 0.15358361774744028
1 0.8476953907815631 0.34982935153583616 0.05611222444889779 0.09897610921501707
1 0.9058116232464929 0.35665529010238906 0.06412825651302605 0.11262798634812286
