1 0.18333333333333335 0.3041666666666667 0.07 0.28611111111111115
1 0.3383333333333334 0.3 0.07666666666666667 0.31666666666666665
1 0.30083333333333334 0.26944444444444443 0.07833333333333334 0.31666666666666665
1 0.75 0.25833333333333336 0.07333333333333333 0.3
1 0.09666666666666668 0.7833333333333333 0.05666666666666667 0.23333333333333334
1 0.1716666666666667 0.7805555555555556 0.043333333333333335 0.18333333333333335
1 0.23583333333333334 0.7819444444444444 0.045000000000000005 0.19166666666666668
1 0.305 0.775 0.04666666666666667 0.2
1 0.3591666666666667 0.7805555555555556 0.04833333333333334 0.20555555555555557
1 0.43750000000000006 0.7777777777777778 0.04833333333333334 0.2
1 0.6208333333333333 0.7930555555555556 0.04166666666666667 0.17500000000000002
1 0.5783333333333334 0.7972222222222223 0.04 0.16666666666666669
1 0.9008333333333334 0.8083333333333333 0.045000000000000005 0.18888888888888888
1 0.9183333333333334 0.8319444444444445 0.043333333333333335 0.18055555555555555
1 0.9400000000000001 0.8 0.04666666666666667 0.19444444444444445
1 0.23083333333333333 0.3402777777777778 0.055 0.2138888888888889
1 0.2841666666666667 0.33055555555555555 0.06833333333333334 0.25
1 0.16833333333333333 0.15 0.03666666666666667 0.06666666666666667
1 0.15666666666666668 0.13194444444444445 0.03333333333333333 0.0638888888888889
1 0.018333333333333333 0.2125 0.03333333333333333 0.13611111111111113
1 0.1375 0.22916666666666669 0.03166666666666667 0.11944444444444445
1 0.2325 0.13194444444444445 0.058333333333333334 0.06944444444444445
1 0.23083333333333333 0.18888888888888888 0.035 0.11666666666666667
1 0.275 0.11944444444444445 0.023333333333333334 0.061111111111111116
1 0.3275 0.125 0.03166666666666667 0.044444444444444446
1 0.4166666666666667 0.2111111111111111 0.04666666666666667 0.12222222222222223
1 0.45 0.2152777777777778 0.03333333333333333 0.125
1 0.4783333333333334 0.20277777777777778 0.04 0.11666666666666667
1 0.4691666666666667 0.11527777777777778 0.021666666666666667 0.06944444444444445
1 0.4491666666666667 0.13472222222222222 0.028333333333333335 0.05277777777777778
1 0.42583333333333334 0.11944444444444445 0.025 0.05555555555555556
1 0.6083333333333334 0.3 0.05333333333333334 0.2388888888888889
1 0.6341666666666667 0.13194444444444445 0.025 0.10277777777777779
1 0.6616666666666667 0.12222222222222223 0.023333333333333334 0.05555555555555556
1 0.7100000000000001 0.12916666666666668 0.02 0.06944444444444445
1 0.7050000000000001 0.1875 0.02 0.04166666666666667
1 0.7300000000000001 0.13055555555555556 0.023333333333333334 0.044444444444444446
1 0.7958333333333334 0.12916666666666668 0.025 0.0638888888888889
1 0.8208333333333334 0.13055555555555556 0.03166666666666667 0.05
1 0.8483333333333334 0.1375 0.023333333333333334 0.058333333333333334
1 0.8908333333333334 0.13472222222222222 0.03166666666666667 0.05277777777777778
1 0.915 0.13194444444444445 0.023333333333333334 0.0638888888888889
1 0.9491666666666667 0.19444444444444445 0.025 0.1
1 0.9775 0.12222222222222223 0.021666666666666667 0.05
1 0.9758333333333334 0.23611111111111113 0.035 0.1
1 0.675 0.3263888888888889 0.06333333333333334 0.24722222222222223
1 0.8208333333333334 0.33055555555555555 0.065 0.20555555555555557
1 0.8575 0.3138888888888889 0.035 0.19444444444444445
1 0.0825 0.8236111111111112 0.05166666666666667 0.20277777777777778
1 0.0125 0.7194444444444444 0.025 0.08888888888888889
1 0.13833333333333334 0.8180555555555555 0.05666666666666667 0.18611111111111112
1 0.21083333333333334 0.8194444444444445 0.06833333333333334 0.15555555555555556
1 0.2791666666666667 0.8319444444444445 0.07500000000000001 0.16944444444444445
1 0.3433333333333334 0.826388888888889 0.05666666666666667 0.1638888888888889
1 0.4391666666666667 0.826388888888889 0.07500000000000001 0.16944444444444445
1 0.6016666666666667 0.8083333333333333 0.03333333333333333 0.16111111111111112
1 0.5475 0.7375 0.03166666666666667 0.09166666666666667
1 0.7341666666666667 0.8388888888888889 0.04166666666666667 0.12222222222222223
1 0.7416666666666667 0.7694444444444445 0.04 0.044444444444444446
1 0.7350000000000001 0.7402777777777778 0.03333333333333333 0.036111111111111115
1 0.8325 0.7388888888888889 0.015000000000000001 0.06666666666666667
1 0.8475 0.7319444444444445 0.018333333333333333 0.0638888888888889
1 0.8650000000000001 0.7375 0.02 0.0638888888888889
