1 0.48875 0.5231788079470199 0.1075 0.3509933774834437
1 0.6525 0.6059602649006622 0.15 0.4900662251655629
1 0.8425 0.6109271523178808 0.14 0.4602649006622517
1 0.07625 0.5397350993377483 0.10250000000000001 0.33112582781456956
1 0.105 0.478476821192053 0.09 0.30132450331125826
1 0.18625 0.445364238410596 0.0975 0.3211920529801324
1 0.15125 0.4288079470198676 0.08750000000000001 0.2814569536423841
1 0.23750000000000002 0.39072847682119205 0.085 0.2847682119205298
1 0.2775 0.4056291390728477 0.08 0.26158940397350994
1 0.29375 0.3708609271523179 0.0775 0.2582781456953642
1 0.33875 0.3791390728476821 0.0775 0.25496688741721857
1 0.37875000000000003 0.3543046357615894 0.0825 0.26490066225165565
1 0.43 0.34602649006622516 0.075 0.24834437086092714
1 0.46625 0.347682119205298 0.0725 0.23841059602649006
1 0.5075000000000001 0.3509933774834437 0.065 0.2185430463576159
1 0.5650000000000001 0.34271523178807944 0.07 0.22847682119205298
1 0.64 0.1870860927152318 0.03 0.10927152317880795
1 0.66125 0.19039735099337748 0.0325 0.10927152317880795
1 0.7275 0.2582781456953642 0.05 0.16556291390728478
1 0.76125 0.25496688741721857 0.0475 0.16556291390728478
1 0.8125 0.34271523178807944 0.085 0.2814569536423841
1 0.78125 0.26490066225165565 0.0475 0.152317880794702
1 0.045 0.5066225165562914 0.09 0.32450331125827814
1 0.05 0.35596026490066224 0.04 0.04966887417218543
1 0.84125 0.3079470198675497 0.0625 0.0728476821192053
1 0.1075 0.2814569536423841 0.035 0.052980132450331126
1 0.07875 0.30132450331125826 0.0525 0.059602649006622516
