1 0.08333333333333333 0.6765578635014837 0.16666666666666666 0.5519287833827894
1 0.18 0.6617210682492581 0.16 0.5222551928783383
1 0.26222222222222225 0.7151335311572701 0.1688888888888889 0.5519287833827894
1 0.32666666666666666 0.6810089020771514 0.1511111111111111 0.48961424332344217
1 0.41 0.7151335311572701 0.1711111111111111 0.5637982195845698
1 0.5222222222222223 0.6973293768545994 0.17333333333333334 0.5756676557863502
1 0.5911111111111111 0.6543026706231454 0.1688888888888889 0.5489614243323442
1 0.6766666666666666 0.685459940652819 0.14888888888888888 0.48664688427299707
1 0.7944444444444444 0.6988130563798219 0.18 0.5905044510385757
1 0.9422222222222222 0.6350148367952523 0.11555555555555555 0.4391691394658754
1 0.7266666666666667 0.470326409495549 0.04888888888888889 0.10385756676557864
