1 0.125 0.4634760705289672 0.060000000000000005 0.2216624685138539
1 0.052500000000000005 0.4622166246851385 0.07166666666666667 0.2695214105793451
1 0.21833333333333335 0.45717884130982367 0.06333333333333334 0.23929471032745592
1 0.18416666666666667 0.46851385390428213 0.05166666666666667 0.1964735516372796
1 0.2625 0.45717884130982367 0.058333333333333334 0.22418136020151133
1 0.30083333333333334 0.47732997481108314 0.045000000000000005 0.17380352644836272
1 0.6058333333333333 0.48740554156171284 0.095 0.35012594458438284
1 0.7133333333333334 0.48110831234256923 0.06333333333333334 0.2367758186397985
1 0.7933333333333333 0.48614609571788414 0.17333333333333334 0.6448362720403022
1 0.9400000000000001 0.48866498740554154 0.12000000000000001 0.6952141057934509
1 0.8825000000000001 0.48992443324937024 0.021666666666666667 0.08816120906801007
1 0.9 0.48740554156171284 0.023333333333333334 0.08816120906801007
1 0.9166666666666667 0.4924433249370277 0.02666666666666667 0.0982367758186398
1 0.6900000000000001 0.482367758186398 0.023333333333333334 0.09319899244332494
1 0.17500000000000002 0.5251889168765743 0.05666666666666667 0.12846347607052896
1 0.47000000000000003 0.36272040302267 0.33666666666666667 0.6246851385390428
1 0.037500000000000006 0.2455919395465995 0.025 0.06297229219143577
1 0.07500000000000001 0.2544080604534005 0.023333333333333334 0.04534005037783375
