1 0.92 0.23123123123123124 0.092 0.3483483483483483
1 0.073 0.6111111111111112 0.11800000000000001 0.43543543543543545
1 0.139 0.7012012012012012 0.114 0.4174174174174174
1 0.185 0.6351351351351351 0.122 0.44744744744744747
1 0.23800000000000002 0.7087087087087087 0.124 0.4624624624624625
1 0.353 0.7012012012012012 0.134 0.5015015015015015
1 0.397 0.6606606606606606 0.122 0.45645645645645644
1 0.337 0.5945945945945946 0.11 0.4024024024024024
1 0.454 0.7417417417417418 0.128 0.4744744744744745
1 0.496 0.7462462462462462 0.132 0.48348348348348347
1 0.5700000000000001 0.6906906906906907 0.124 0.45645645645645644
1 0.504 0.5705705705705706 0.108 0.3963963963963964
1 0.657 0.5735735735735735 0.114 0.42042042042042044
1 0.6950000000000001 0.6861861861861862 0.126 0.46546546546546547
1 0.772 0.6486486486486487 0.124 0.45645645645645644
1 0.8170000000000001 0.7012012012012012 0.122 0.45345345345345345
1 0.9400000000000001 0.7342342342342342 0.12 0.4894894894894895
1 0.117 0.4294294294294294 0.05 0.0960960960960961
1 0.934 0.46996996996997 0.048 0.05105105105105105
1 0.562 0.4369369369369369 0.048 0.07507507507507508
