1 0.168 0.3133333333333333 0.108 0.35466666666666663
1 0.216 0.30133333333333334 0.116 0.37866666666666665
1 0.269 0.2853333333333333 0.126 0.4106666666666667
1 0.40700000000000003 0.256 0.138 0.45866666666666667
1 0.9500000000000001 0.2853333333333333 0.1 0.4106666666666667
1 0.86 0.30666666666666664 0.116 0.37866666666666665
1 0.783 0.3133333333333333 0.106 0.35466666666666663
1 0.736 0.304 0.08 0.26666666666666666
1 0.721 0.2866666666666667 0.078 0.2533333333333333
1 0.6990000000000001 0.2826666666666667 0.07 0.23466666666666666
1 0.219 0.7813333333333333 0.106 0.352
1 0.255 0.7826666666666666 0.13 0.424
1 0.326 0.7746666666666666 0.132 0.43466666666666665
1 0.375 0.764 0.14200000000000002 0.4613333333333333
1 0.433 0.7839999999999999 0.13 0.42133333333333334
1 0.5690000000000001 0.764 0.14200000000000002 0.4613333333333333
1 0.619 0.772 0.098 0.3173333333333333
1 0.665 0.7839999999999999 0.126 0.416
1 0.746 0.7919999999999999 0.112 0.36266666666666664
1 0.8160000000000001 0.7666666666666666 0.108 0.35466666666666663
1 0.964 0.7826666666666666 0.07200000000000001 0.2906666666666667
1 0.8140000000000001 0.18133333333333332 0.036000000000000004 0.058666666666666666
1 0.065 0.2573333333333333 0.10200000000000001 0.45599999999999996
1 0.14 0.2733333333333333 0.06 0.37066666666666664
