1 0.07200000000000001 0.6458333333333333 0.10400000000000001 0.38690476190476186
1 0.247 0.6279761904761905 0.066 0.23809523809523808
1 0.443 0.5044642857142857 0.11 0.40178571428571425
1 0.48 0.5461309523809523 0.096 0.35416666666666663
1 0.5730000000000001 0.6964285714285714 0.146 0.5357142857142857
1 0.618 0.48065476190476186 0.088 0.31845238095238093
1 0.686 0.5699404761904762 0.08 0.28869047619047616
1 0.731 0.6056547619047619 0.08600000000000001 0.3125
1 0.9460000000000001 0.6369047619047619 0.108 0.5
1 0.317 0.5461309523809523 0.042 0.15773809523809523
1 0.34 0.5922619047619048 0.044 0.1607142857142857
1 0.404 0.59375 0.044 0.1636904761904762
1 0.8200000000000001 0.59375 0.064 0.15178571428571427
1 0.888 0.5997023809523809 0.052000000000000005 0.12797619047619047
1 0.771 0.5267857142857143 0.05 0.05952380952380952
1 0.846 0.5282738095238095 0.036000000000000004 0.05654761904761904
1 0.908 0.5267857142857143 0.028 0.05952380952380952
1 0.833 0.49107142857142855 0.05 0.05952380952380952
1 0.883 0.4925595238095238 0.03 0.0625
1 0.769 0.4672619047619047 0.026000000000000002 0.05952380952380952
1 0.798 0.48363095238095233 0.028 0.0744047619047619
1 0.873 0.4508928571428571 0.018000000000000002 0.03273809523809523
1 0.896 0.45982142857142855 0.02 0.0625
1 0.918 0.4657738095238095 0.028 0.06845238095238095
