1 0.045 0.8277153558052435 0.075 0.28464419475655434
1 0.03375 0.8295880149812734 0.0675 0.27340823970037453
1 0.09125 0.8277153558052435 0.0725 0.2696629213483146
1 0.18 0.8239700374531835 0.075 0.28464419475655434
1 0.23125 0.8220973782771536 0.0775 0.2883895131086142
1 0.31875000000000003 0.8239700374531835 0.0725 0.27715355805243447
1 0.335 0.8220973782771536 0.075 0.2808988764044944
1 0.385 0.7228464419475655 0.065 0.24719101123595505
1 0.42625 0.7602996254681648 0.1125 0.41947565543071164
1 0.48375 0.8220973782771536 0.0675 0.25842696629213485
1 0.5387500000000001 0.8295880149812734 0.0675 0.250936329588015
1 0.5625 0.8108614232209738 0.075 0.27340823970037453
1 0.58875 0.7546816479400749 0.11750000000000001 0.43820224719101125
1 0.6625 0.8127340823970037 0.07 0.2696629213483146
1 0.69875 0.8052434456928839 0.0725 0.27715355805243447
1 0.71375 0.8052434456928839 0.0725 0.27715355805243447
1 0.76375 0.8033707865168539 0.0775 0.2883895131086142
1 0.7987500000000001 0.8052434456928839 0.0775 0.28464419475655434
1 0.86625 0.8108614232209738 0.0725 0.27340823970037453
1 0.8525 0.7584269662921348 0.065 0.24344569288389514
1 0.92 0.8071161048689138 0.075 0.2808988764044944
1 0.93375 0.7977528089887641 0.0775 0.28464419475655434
1 0.96125 0.8071161048689138 0.0725 0.27340823970037453
