1 0.020044543429844096 0.7775919732441472 0.04008908685968819 0.1906354515050167
1 0.18262806236080179 0.6939799331103679 0.04899777282850779 0.18394648829431437
1 0.2416481069042316 0.7341137123745819 0.042316258351893093 0.16387959866220736
1 0.16146993318485522 0.7876254180602007 0.051224944320712694 0.1906354515050167
1 0.2661469933184855 0.7709030100334449 0.04677060133630289 0.18394648829431437
1 0.2806236080178174 0.7993311036789298 0.06681514476614699 0.25418060200668896
1 0.4309576837416481 0.7759197324414716 0.06458797327394208 0.23411371237458192
1 0.5089086859688196 0.7792642140468228 0.06458797327394208 0.24749163879598662
1 0.5334075723830735 0.7441471571906354 0.04677060133630289 0.18394648829431437
1 0.5991091314031181 0.7525083612040133 0.05345211581291759 0.1939799331103679
1 0.623608017817372 0.7324414715719063 0.04899777282850779 0.18729096989966554
1 0.6503340757238307 0.7959866220735786 0.06236080178173719 0.22742474916387959
1 0.6759465478841871 0.7625418060200668 0.060133630289532294 0.22073578595317725
1 0.6837416481069042 0.7491638795986622 0.044543429844097995 0.17391304347826086
1 0.7360801781737193 0.8043478260869565 0.060133630289532294 0.22408026755852842
1 0.7583518930957683 0.7792642140468228 0.05567928730512249 0.20735785953177258
1 0.8151447661469933 0.794314381270903 0.05790645879732739 0.22408026755852842
1 0.8641425389755011 0.7608695652173912 0.04899777282850779 0.1906354515050167
1 0.8930957683741648 0.7926421404682275 0.05790645879732739 0.22073578595317725
1 0.5645879732739421 0.5518394648829431 0.015590200445434297 0.06688963210702341
1 0.532293986636971 0.5384615384615384 0.017817371937639197 0.07357859531772575
1 0.6080178173719376 0.5501672240802675 0.022271714922048998 0.08361204013377926
1 0.643652561247216 0.5451505016722408 0.022271714922048998 0.08695652173913043
1 0.732739420935412 0.5451505016722408 0.017817371937639197 0.07357859531772575
1 0.510022271714922 0.5434782608695652 0.017817371937639197 0.07692307692307693
1 0.4977728285077951 0.5434782608695652 0.020044543429844096 0.07692307692307693
1 0.48106904231625836 0.5351170568561873 0.017817371937639197 0.07357859531772575
1 0.3329621380846325 0.5434782608695652 0.028953229398663696 0.10367892976588629
1 0.021158129175946547 0.5903010033444815 0.028953229398663696 0.11036789297658862
1 0.7472160356347438 0.5551839464882943 0.020044543429844096 0.0802675585284281
1 0.7661469933184855 0.5535117056856187 0.017817371937639197 0.07692307692307693
