1 0.10666666666666667 0.5517751479289941 0.16666666666666669 0.7248520710059172
1 0.25916666666666666 0.4068047337278106 0.10500000000000001 0.45857988165680474
1 0.3516666666666667 0.45857988165680474 0.12000000000000001 0.5207100591715976
1 0.4425 0.36538461538461536 0.085 0.3698224852071006
1 0.49833333333333335 0.5724852071005917 0.17666666666666667 0.7662721893491125
1 0.5958333333333333 0.4245562130177515 0.11166666666666668 0.4881656804733728
1 0.6483333333333334 0.30917159763313606 0.07666666666666667 0.3343195266272189
1 0.7225 0.36390532544378695 0.09166666666666667 0.3964497041420118
1 0.8408333333333334 0.5724852071005917 0.18500000000000003 0.8017751479289941
1 0.9283333333333333 0.47485207100591714 0.14333333333333334 0.742603550295858
1 0.37833333333333335 0.3224852071005917 0.06333333333333334 0.28402366863905326
1 0.5533333333333333 0.30029585798816566 0.06666666666666667 0.29289940828402367
1 0.9166666666666667 0.15976331360946744 0.02666666666666667 0.1242603550295858
1 0.8008333333333334 0.15680473372781065 0.045000000000000005 0.07692307692307693
