1 0.07 0.507716049382716 0.14 0.8117283950617283
1 0.3176923076923077 0.4135802469135802 0.06615384615384616 0.32098765432098764
1 0.38461538461538464 0.41666666666666663 0.06461538461538462 0.32098765432098764
1 0.44 0.41666666666666663 0.06153846153846154 0.30864197530864196
1 0.5076923076923077 0.4151234567901234 0.06461538461538462 0.3179012345679012
1 0.5492307692307692 0.41203703703703703 0.06153846153846154 0.2993827160493827
1 0.5969230769230769 0.4012345679012346 0.055384615384615386 0.2777777777777778
1 0.1176923076923077 0.7700617283950617 0.2323076923076923 0.44753086419753085
1 0.22076923076923077 0.6820987654320987 0.09076923076923077 0.41975308641975306
1 0.16230769230769232 0.5169753086419753 0.06307692307692307 0.24382716049382713
1 0.12615384615384614 0.40432098765432095 0.027692307692307693 0.08641975308641975
1 0.17461538461538462 0.37037037037037035 0.023076923076923078 0.05555555555555555
1 0.24153846153846154 0.42592592592592593 0.07384615384615384 0.16049382716049382
1 0.36615384615384616 0.6589506172839505 0.12923076923076923 0.4290123456790123
1 0.42923076923076925 0.8148148148148148 0.19692307692307692 0.3395061728395061
1 0.6753846153846154 0.728395061728395 0.19692307692307692 0.5308641975308641
1 0.8592307692307692 0.7469135802469136 0.11846153846153847 0.5
1 0.8784615384615385 0.4567901234567901 0.043076923076923075 0.09259259259259259
1 0.7746153846153846 0.5524691358024691 0.09076923076923077 0.2839506172839506
1 0.46384615384615385 0.5339506172839505 0.09692307692307692 0.22839506172839505
1 0.5646153846153846 0.6728395061728395 0.12307692307692308 0.4012345679012346
1 0.5853846153846154 0.5092592592592592 0.06615384615384616 0.1728395061728395
1 0.6523076923076923 0.39969135802469136 0.05846153846153846 0.11419753086419752
1 0.7369230769230769 0.4228395061728395 0.03692307692307692 0.18518518518518517
1 0.7669230769230769 0.4089506172839506 0.02923076923076923 0.15740740740740738
1 0.8007692307692308 0.375 0.026153846153846153 0.09567901234567901
1 0.8253846153846154 0.43209876543209874 0.04153846153846154 0.2037037037037037
1 0.8776923076923077 0.37191358024691357 0.04461538461538461 0.09567901234567901
1 0.9092307692307692 0.4274691358024691 0.033846153846153845 0.16975308641975306
1 0.936923076923077 0.5123456790123456 0.06461538461538462 0.1728395061728395
1 0.8930769230769231 0.32253086419753085 0.02923076923076923 0.10185185185185185
