1 0.5745454545454546 0.7129032258064516 0.08 0.3548387096774194
1 0.5027272727272727 0.6983870967741935 0.03090909090909091 0.13870967741935483
1 0.3281818181818182 0.7016129032258065 0.08181818181818182 0.35161290322580646
1 0.9227272727272727 0.6967741935483871 0.07454545454545454 0.3225806451612903
1 0.9618181818181818 0.6919354838709677 0.06181818181818182 0.27419354838709675
1 0.860909090909091 0.7112903225806452 0.02727272727272727 0.11935483870967742
1 0.6554545454545454 0.7129032258064516 0.05272727272727273 0.22580645161290322
1 0.22363636363636363 0.7 0.04363636363636364 0.2
1 0.14 0.682258064516129 0.05454545454545454 0.24838709677419354
1 0.09909090909090909 0.682258064516129 0.06363636363636363 0.2870967741935484
1 0.17272727272727273 0.682258064516129 0.04727272727272727 0.2032258064516129
1 0.18363636363636363 0.7435483870967742 0.03272727272727273 0.15161290322580645
1 0.6418181818181818 0.6806451612903226 0.05454545454545454 0.24516129032258063
1 0.82 0.7112903225806452 0.04363636363636364 0.19032258064516128
1 0.14363636363636365 0.3967741935483871 0.04363636363636364 0.3225806451612903
1 0.4381818181818182 0.6758064516129032 0.2 0.5838709677419355
1 0.7245454545454545 0.6306451612903226 0.21636363636363637 0.7322580645161291
