1 0.48583333333333334 0.7468513853904282 0.08833333333333333 0.32997481108312343
1 0.5858333333333333 0.7644836272040302 0.045000000000000005 0.16876574307304784
1 0.6591666666666667 0.7619647355163728 0.055 0.2040302267002519
1 0.6966666666666667 0.7657430730478589 0.05333333333333334 0.20151133501259444
1 0.7141666666666667 0.7670025188916877 0.058333333333333334 0.22418136020151133
1 0.8300000000000001 0.7644836272040302 0.06666666666666667 0.24433249370277077
1 0.9333333333333333 0.7468513853904282 0.08 0.29974811083123426
1 0.3383333333333334 0.7758186397984886 0.07333333333333333 0.2770780856423174
1 0.445 0.7770780856423174 0.01 0.042821158690176324
1 0.3141666666666667 0.7670025188916877 0.07166666666666667 0.2695214105793451
1 0.2916666666666667 0.7594458438287154 0.06666666666666667 0.24937027707808562
1 0.265 0.7695214105793451 0.05666666666666667 0.2141057934508816
1 0.23750000000000002 0.7795969773299748 0.04833333333333334 0.18387909319899243
1 0.1975 0.7720403022670025 0.055 0.20906801007556675
1 0.14833333333333334 0.7745591939546599 0.08333333333333334 0.30982367758186397
1 0.12833333333333335 0.7732997481108312 0.07666666666666667 0.29219143576826195
1 0.10833333333333334 0.7581863979848866 0.08 0.2972292191435768
1 0.035833333333333335 0.7821158690176322 0.021666666666666667 0.03778337531486146
