1 0.039453125000000006 0.8327464788732395 0.07890625000000001 0.3251173708920188
1 0.7175781250000001 0.7212441314553991 0.06328125 0.2359154929577465
1 0.801953125 0.8004694835680751 0.08359375000000001 0.3051643192488263
1 0.751171875 0.6437793427230047 0.05859375 0.2147887323943662
1 0.505859375 0.6866197183098591 0.06484375 0.23943661971830987
1 0.570703125 0.7165492957746479 0.06640625 0.24295774647887325
1 0.640234375 0.6813380281690141 0.06328125 0.2312206572769953
1 0.708203125 0.5516431924882629 0.04296875 0.1596244131455399
1 0.7722656250000001 0.5944835680751174 0.049218750000000006 0.1795774647887324
1 0.7828125 0.5809859154929577 0.045312500000000006 0.16901408450704225
1 0.037500000000000006 0.539906103286385 0.035937500000000004 0.13615023474178403
1 0.12734375 0.5516431924882629 0.03125 0.11502347417840376
1 0.20429687500000002 0.5528169014084507 0.03359375 0.12441314553990611
1 0.288671875 0.5557511737089202 0.030468750000000003 0.11384976525821597
1 0.31953125000000004 0.5264084507042254 0.0328125 0.12089201877934272
1 0.34140625 0.5369718309859155 0.034375 0.1255868544600939
1 0.3640625 0.551056338028169 0.03125 0.11619718309859155
1 0.384375 0.5275821596244131 0.035937500000000004 0.13262910798122066
1 0.408203125 0.5346244131455399 0.03359375 0.1255868544600939
1 0.42890625000000004 0.5492957746478874 0.0328125 0.12441314553990611
1 0.9765625 0.471830985915493 0.037500000000000006 0.13849765258215962
1 0.5265625 0.545774647887324 0.045312500000000006 0.16666666666666666
1 0.9496093750000001 0.4953051643192488 0.02734375 0.10093896713615023
