1 0.12177985948477751 0.6640625 0.03747072599531616 0.0625
1 0.03747072599531616 0.6648437500000001 0.07494145199063232 0.18281250000000002
1 0.2154566744730679 0.65546875 0.06088992974238876 0.1015625
1 0.27049180327868855 0.6390625000000001 0.0585480093676815 0.09375
1 0.3793911007025761 0.61328125 0.20140515222482436 0.3328125
1 0.49063231850117095 0.6578125 0.09601873536299765 0.15625
1 0.5878220140515222 0.6109375 0.20140515222482436 0.33125000000000004
1 0.6651053864168618 0.6546875000000001 0.09836065573770492 0.1625
1 0.7283372365339579 0.6507812500000001 0.10772833723653395 0.1796875
1 0.8290398126463701 0.64453125 0.10304449648711944 0.1703125
1 0.8594847775175644 0.640625 0.117096018735363 0.19062500000000002
1 0.9121779859484778 0.64375 0.11007025761124122 0.184375
1 0.9613583138173302 0.64609375 0.07728337236533958 0.17343750000000002
1 0.6487119437939111 0.56875 0.03747072599531616 0.05
