1 0.6675000000000001 0.7744444444444445 0.08166666666666667 0.2688888888888889
1 0.5933333333333334 0.7333333333333333 0.07666666666666667 0.2577777777777778
1 0.38583333333333336 0.75 0.085 0.2822222222222222
1 0.18500000000000003 0.67 0.08333333333333334 0.2777777777777778
1 0.25 0.5866666666666667 0.07 0.2311111111111111
1 0.19 0.5566666666666666 0.06666666666666667 0.21555555555555556
1 0.22416666666666668 0.46444444444444444 0.065 0.21333333333333332
1 0.43500000000000005 0.6122222222222222 0.08 0.2644444444444444
1 0.49833333333333335 0.6344444444444445 0.07666666666666667 0.25555555555555554
1 0.5825 0.6433333333333333 0.07500000000000001 0.24222222222222223
1 0.48583333333333334 0.49333333333333335 0.06833333333333334 0.2222222222222222
1 0.5366666666666667 0.4677777777777778 0.05333333333333334 0.18
1 0.5925 0.49 0.055 0.18444444444444444
1 0.67 0.5166666666666667 0.05666666666666667 0.18444444444444444
1 0.7341666666666667 0.5311111111111111 0.058333333333333334 0.19555555555555557
1 0.7991666666666667 0.5622222222222222 0.06166666666666667 0.2
1 0.8516666666666667 0.58 0.05666666666666667 0.19111111111111112
1 0.8916666666666667 0.59 0.06333333333333334 0.2111111111111111
1 0.9366666666666668 0.6077777777777778 0.060000000000000005 0.19333333333333333
1 0.9766666666666667 0.6266666666666667 0.04666666666666667 0.21333333333333332
1 0.6525000000000001 0.6088888888888889 0.07166666666666667 0.23555555555555555
1 0.8583333333333334 0.6577777777777778 0.04666666666666667 0.15555555555555556
1 0.9316666666666668 0.6833333333333333 0.04666666666666667 0.17555555555555555
1 0.785 0.6355555555555555 0.04666666666666667 0.14666666666666667
1 0.7383333333333334 0.6122222222222222 0.03666666666666667 0.1622222222222222
1 0.6900000000000001 0.5833333333333334 0.04 0.13555555555555557
1 0.6208333333333333 0.5577777777777778 0.03166666666666667 0.12
1 0.5383333333333333 0.5455555555555556 0.03333333333333333 0.13555555555555557
1 0.4466666666666667 0.51 0.04 0.14444444444444443
1 0.39 0.4866666666666667 0.04 0.14222222222222222
