1 0.06916666666666667 0.44625000000000004 0.045000000000000005 0.1675
1 0.20750000000000002 0.435 0.045000000000000005 0.165
1 0.28750000000000003 0.44625000000000004 0.045000000000000005 0.1675
1 0.44083333333333335 0.45125 0.03833333333333334 0.1475
1 0.47000000000000003 0.44625000000000004 0.05666666666666667 0.20750000000000002
1 0.5 0.44625000000000004 0.02666666666666667 0.0975
1 0.5225000000000001 0.45 0.028333333333333335 0.105
1 0.5341666666666667 0.45125 0.028333333333333335 0.1075
1 0.5433333333333333 0.44625000000000004 0.02666666666666667 0.0975
1 0.5608333333333334 0.4525 0.03166666666666667 0.115
1 0.5750000000000001 0.46 0.030000000000000002 0.11
1 0.6141666666666667 0.44875 0.028333333333333335 0.1075
1 0.655 0.45875 0.03333333333333333 0.1225
1 0.7216666666666667 0.43625 0.04666666666666667 0.17250000000000001
1 0.77 0.4625 0.03333333333333333 0.12
1 0.8066666666666668 0.46625 0.03666666666666667 0.1325
1 0.9 0.45875 0.05 0.1875
1 0.9450000000000001 0.45625 0.05666666666666667 0.2125
1 0.9783333333333334 0.46625 0.043333333333333335 0.1925
1 0.8666666666666667 0.465 0.03333333333333333 0.125
1 0.6866666666666668 0.43625 0.01 0.0425
1 0.7008333333333334 0.43875000000000003 0.015000000000000001 0.0525
1 0.7433333333333334 0.43375 0.013333333333333334 0.0475
1 0.7533333333333334 0.43 0.013333333333333334 0.055
1 0.7916666666666667 0.435 0.01 0.045
1 0.8300000000000001 0.4275 0.013333333333333334 0.055
1 0.925 0.4625 0.03333333333333333 0.13
1 0.13083333333333333 0.42875 0.011666666666666667 0.0425
1 0.76 0.5025000000000001 0.04666666666666667 0.075
1 0.7958333333333334 0.505 0.03833333333333334 0.085
1 0.8358333333333334 0.52 0.04166666666666667 0.075
1 0.8741666666666668 0.49625 0.03166666666666667 0.11750000000000001
1 0.5950000000000001 0.4575 0.03333333333333333 0.125
