1 0.024 0.3213213213213213 0.048 0.18018018018018017
1 0.043000000000000003 0.28378378378378377 0.038 0.14714714714714713
1 0.105 0.3288288288288288 0.05 0.1831831831831832
1 0.152 0.3948948948948949 0.07200000000000001 0.26726726726726724
1 0.217 0.33183183183183185 0.046 0.17117117117117117
1 0.28 0.527027027027027 0.108 0.3993993993993994
1 0.331 0.3588588588588589 0.058 0.21921921921921922
1 0.278 0.2222222222222222 0.016 0.06006006006006006
1 0.396 0.3018018018018018 0.04 0.15315315315315314
1 0.368 0.25975975975975973 0.024 0.0990990990990991
1 0.49 0.3123123123123123 0.04 0.15615615615615616
1 0.436 0.43993993993993996 0.084 0.30930930930930933
1 0.539 0.3768768768768769 0.066 0.24324324324324323
1 0.586 0.34534534534534533 0.052000000000000005 0.1921921921921922
1 0.704 0.2882882882882883 0.024 0.09009009009009009
1 0.746 0.33483483483483484 0.044 0.16516516516516516
1 0.758 0.3813813813813814 0.056 0.21021021021021022
1 0.791 0.4294294294294294 0.066 0.25225225225225223
1 0.8230000000000001 0.5165165165165165 0.11 0.4084084084084084
1 0.97 0.35585585585585583 0.048 0.17717717717717718
1 0.904 0.26876876876876876 0.024 0.08708708708708708
1 0.183 0.2057057057057057 0.014 0.057057057057057055
1 0.131 0.21021021021021022 0.058 0.05405405405405406
1 0.136 0.24474474474474475 0.048 0.06306306306306306
1 0.234 0.24924924924924924 0.044 0.07807807807807808
1 0.318 0.24174174174174173 0.036000000000000004 0.0990990990990991
1 0.343 0.22822822822822822 0.034 0.07807807807807808
1 0.44 0.26876876876876876 0.068 0.08708708708708708
1 0.443 0.24324324324324323 0.034 0.06606606606606606
1 0.466 0.23423423423423423 0.032 0.07807807807807808
1 0.494 0.2147147147147147 0.024 0.06306306306306306
1 0.548 0.24174174174174173 0.028 0.06306306306306306
1 0.51 0.2222222222222222 0.02 0.06006006006006006
1 0.524 0.22822822822822822 0.032 0.04804804804804805
1 0.5690000000000001 0.24024024024024024 0.022 0.06006006006006006
1 0.621 0.3123123123123123 0.046 0.15015015015015015
1 0.629 0.26576576576576577 0.034 0.0990990990990991
1 0.676 0.26726726726726724 0.032 0.05405405405405406
1 0.732 0.3288288288288288 0.04 0.16516516516516516
1 0.786 0.28678678678678676 0.036000000000000004 0.09309309309309309
1 0.8280000000000001 0.27927927927927926 0.024 0.08408408408408408
1 0.857 0.2822822822822823 0.034 0.09009009009009009
1 0.8140000000000001 0.2732732732732733 0.032 0.06606606606606606
1 0.264 0.2087087087087087 0.016 0.03903903903903904
1 0.874 0.24174174174174173 0.02 0.06906906906906907
1 0.648 0.21921921921921922 0.016 0.036036036036036036
1 0.626 0.2147147147147147 0.016 0.03903903903903904
