1 0.09200968523002422 0.5387096774193548 0.18401937046004843 0.6387096774193548
1 0.15738498789346247 0.5516129032258065 0.19370460048426152 0.6387096774193548
1 0.28329297820823246 0.5693548387096774 0.19370460048426152 0.635483870967742
1 0.3656174334140436 0.5548387096774193 0.2033898305084746 0.6580645161290323
1 0.46973365617433416 0.5693548387096774 0.18886198547215496 0.6161290322580645
1 0.5569007263922519 0.5709677419354838 0.2033898305084746 0.6709677419354839
1 0.6210653753026635 0.5709677419354838 0.1961259079903148 0.6387096774193548
1 0.7070217917675545 0.5709677419354838 0.19370460048426152 0.6387096774193548
1 0.8087167070217918 0.5532258064516129 0.19854721549636806 0.6548387096774193
1 0.8995157384987894 0.5564516129032258 0.20096852300242132 0.6612903225806451
