1 0.12111111111111111 0.65 0.11333333333333333 0.4266666666666667
1 0.1811111111111111 0.6183333333333334 0.09555555555555556 0.35000000000000003
1 0.22666666666666666 0.6333333333333334 0.09333333333333334 0.3466666666666667
1 0.3411111111111111 0.6383333333333334 0.11777777777777777 0.4366666666666667
1 0.38222222222222224 0.6283333333333334 0.09777777777777778 0.36333333333333334
1 0.6388888888888888 0.6516666666666667 0.11777777777777777 0.44333333333333336
1 0.6066666666666667 0.63 0.09777777777777778 0.36000000000000004
1 0.9322222222222222 0.6333333333333334 0.10444444444444445 0.38
1 0.9844444444444445 0.5616666666666666 0.03111111111111111 0.18333333333333335
1 0.8566666666666667 0.6266666666666667 0.09555555555555556 0.35333333333333333
1 0.8022222222222222 0.6233333333333334 0.08444444444444445 0.32
1 0.7488888888888889 0.6116666666666667 0.08444444444444445 0.31
1 0.7033333333333334 0.5966666666666667 0.08222222222222222 0.3066666666666667
1 0.16666666666666666 0.6133333333333334 0.06222222222222222 0.3466666666666667
1 0.5322222222222223 0.5833333333333334 0.06888888888888889 0.39333333333333337
1 0.5633333333333334 0.6083333333333334 0.051111111111111114 0.39
