1 0.082 0.6276276276276276 0.164 0.7027027027027027
1 0.265 0.4624624624624625 0.054 0.2042042042042042
1 0.281 0.5720720720720721 0.054 0.19519519519519518
1 0.312 0.45645645645645644 0.02 0.08408408408408408
1 0.319 0.6036036036036035 0.066 0.24024024024024024
1 0.403 0.6501501501501501 0.08600000000000001 0.3213213213213213
1 0.448 0.524024024024024 0.056 0.2132132132132132
1 0.487 0.6381381381381381 0.08600000000000001 0.3213213213213213
1 0.533 0.7282282282282282 0.10200000000000001 0.3813813813813814
1 0.619 0.6996996996996997 0.10200000000000001 0.3783783783783784
1 0.601 0.5945945945945946 0.08600000000000001 0.3183183183183183
1 0.7000000000000001 0.5645645645645646 0.076 0.27627627627627627
1 0.804 0.7837837837837838 0.108 0.3963963963963964
1 0.833 0.6051051051051051 0.10200000000000001 0.37537537537537535
1 0.916 0.7237237237237237 0.124 0.4624624624624625
1 0.137 0.4099099099099099 0.042 0.12312312312312312
1 0.127 0.48348348348348347 0.07 0.18618618618618618
1 0.277 0.3813813813813814 0.03 0.1021021021021021
1 0.378 0.3858858858858859 0.04 0.07507507507507508
1 0.404 0.3933933933933934 0.04 0.09009009009009009
1 0.424 0.4024024024024024 0.036000000000000004 0.1021021021021021
1 0.404 0.45645645645645644 0.032 0.07807807807807808
1 0.375 0.4954954954954955 0.042 0.15615615615615616
1 0.484 0.45345345345345345 0.04 0.07807807807807808
1 0.514 0.4339339339339339 0.06 0.14714714714714713
1 0.561 0.46096096096096095 0.062 0.16516516516516516
1 0.608 0.3963963963963964 0.064 0.14414414414414414
1 0.723 0.5495495495495496 0.10200000000000001 0.16216216216216217
1 0.915 0.8663663663663663 0.11 0.23723723723723725
