1 0.03866666666666667 0.6606425702811244 0.07733333333333334 0.34538152610441764
1 0.19266666666666665 0.7148594377510039 0.12133333333333333 0.4497991967871485
1 0.13933333333333334 0.6485943775100401 0.06 0.22489959839357426
1 0.4693333333333333 0.7118473895582329 0.10666666666666666 0.39156626506024095
1 0.4973333333333333 0.7449799196787148 0.128 0.4738955823293172
1 0.7053333333333333 0.7299196787148594 0.112 0.4156626506024096
1 0.6373333333333333 0.6355421686746987 0.05333333333333333 0.19879518072289154
1 0.6626666666666666 0.6214859437751004 0.050666666666666665 0.18674698795180722
1 0.5579999999999999 0.6204819277108433 0.03866666666666667 0.14859437751004015
1 0.302 0.6214859437751004 0.02 0.07429718875502007
1 0.5913333333333333 0.6124497991967871 0.036 0.1365461847389558
1 0.5713333333333334 0.609437751004016 0.036 0.13453815261044175
1 0.6153333333333333 0.6054216867469879 0.028 0.10642570281124497
1 0.9066666666666666 0.6184738955823292 0.03733333333333333 0.14457831325301204
1 0.9286666666666666 0.6194779116465863 0.036 0.13052208835341364
1 0.9526666666666667 0.6184738955823292 0.028 0.10843373493975902
1 0.7406666666666667 0.7128514056224899 0.04933333333333333 0.18875502008032127
1 0.092 0.6405622489959839 0.032 0.12449799196787148
