1 0.4309090909090909 0.23508353221957043 0.09090909090909091 0.28878281622911695
1 0.04818181818181818 0.8054892601431981 0.09636363636363636 0.3651551312649165
1 0.13636363636363635 0.8138424821002387 0.11272727272727273 0.36276849642004777
1 0.22 0.8162291169451075 0.10181818181818182 0.3341288782816229
1 0.32 0.8066825775656324 0.11272727272727273 0.36754176610978523
1 0.4209090909090909 0.8233890214797136 0.10363636363636364 0.3389021479713604
1 0.49636363636363634 0.8102625298329356 0.10545454545454545 0.33651551312649164
1 0.5872727272727273 0.8066825775656324 0.11272727272727273 0.36276849642004777
1 0.6645454545454546 0.815035799522673 0.11090909090909092 0.3556085918854415
1 0.7709090909090909 0.8186157517899761 0.10545454545454545 0.3436754176610979
1 0.82 0.8102625298329356 0.10545454545454545 0.3460620525059666
1 0.9127272727272727 0.8090692124105012 0.11272727272727273 0.36276849642004777
1 0.9472727272727273 0.7649164677804297 0.07636363636363637 0.25059665871121717
1 0.8518181818181818 0.7255369928400955 0.04909090909090909 0.1575178997613365
1 0.7327272727272727 0.6968973747016707 0.025454545454545455 0.08591885441527447
1 0.7363636363636363 0.7422434367541767 0.06181818181818182 0.20525059665871123
1 0.8881818181818182 0.5393794749403341 0.02 0.07159904534606205
1 0.86 0.5298329355608592 0.01090909090909091 0.03818615751789976
1 0.8409090909090909 0.532219570405728 0.016363636363636365 0.05250596658711217
1 0.8081818181818182 0.5584725536992841 0.03090909090909091 0.10501193317422435
1 0.6418181818181818 0.5023866348448688 0.02181818181818182 0.06921241050119332
1 0.610909090909091 0.4940334128878282 0.01818181818181818 0.057279236276849645
1 0.63 0.5274463007159905 0.012727272727272728 0.04773269689737471
1 0.08272727272727273 0.600238663484487 0.034545454545454546 0.11217183770883056
1 0.13 0.5918854415274464 0.023636363636363636 0.081145584725537
1 0.18363636363636363 0.6157517899761337 0.02909090909090909 0.10023866348448687
1 0.24909090909090909 0.6324582338902148 0.04 0.1288782816229117
1 0.2863636363636364 0.7386634844868736 0.06727272727272728 0.2171837708830549
1 0.2818181818181818 0.6181384248210025 0.025454545454545455 0.09069212410501194
1 0.3518181818181818 0.6372315035799523 0.034545454545454546 0.11455847255369929
1 0.4127272727272727 0.6252983293556086 0.03636363636363636 0.11933174224343676
1 0.4727272727272727 0.6336515513126492 0.03636363636363636 0.11694510739856802
1 0.5054545454545455 0.6062052505966588 0.01818181818181818 0.057279236276849645
1 0.44181818181818183 0.5369928400954654 0.03636363636363636 0.11933174224343676
1 0.4890909090909091 0.5513126491646778 0.02909090909090909 0.09546539379474941
1 0.4709090909090909 0.5381861575178998 0.014545454545454545 0.05489260143198091
1 0.38545454545454544 0.5167064439140812 0.025454545454545455 0.08353221957040573
1 0.40636363636363637 0.5167064439140812 0.02 0.06921241050119332
1 0.35909090909090907 0.5143198090692125 0.02727272727272727 0.0883054892601432
1 0.32545454545454544 0.5155131264916468 0.025454545454545455 0.09069212410501194
1 0.30727272727272725 0.5167064439140812 0.025454545454545455 0.0883054892601432
1 0.2727272727272727 0.4916467780429595 0.01090909090909091 0.042959427207637235
1 0.04363636363636364 0.5644391408114559 0.03272727272727273 0.10739856801909309
1 0.19363636363636363 0.5489260143198091 0.02 0.06682577565632458
1 0.007272727272727273 0.5536992840095466 0.014545454545454545 0.081145584725537
1 0.10636363636363637 0.49522673031026254 0.005454545454545455 0.026252983293556086
1 0.09727272727272727 0.7756563245823389 0.08545454545454545 0.28162291169451076
1 0.24272727272727274 0.5536992840095466 0.02 0.06205250596658712
1 0.18818181818181817 0.7804295942720764 0.056363636363636366 0.18138424821002389
1 0.9627272727272728 0.8138424821002387 0.07454545454545454 0.36754176610978523
1 0.025454545454545455 0.7649164677804297 0.05090909090909091 0.27446300715990457
1 0.07454545454545454 0.7780429594272077 0.025454545454545455 0.081145584725537
1 0.03727272727272727 0.6026252983293556 0.02 0.06443914081145585
1 0.4290909090909091 0.5298329355608592 0.03636363636363636 0.12410501193317423
1 0.11818181818181818 0.7541766109785203 0.06909090909090909 0.22434367541766112
1 0.5718181818181818 0.5799522673031027 0.038181818181818185 0.12410501193317423
1 0.6036363636363636 0.5668257756563246 0.02909090909090909 0.09785202863961814
1 0.6227272727272727 0.581145584725537 0.023636363636363636 0.07875894988066826
1 0.6427272727272727 0.6467780429594272 0.045454545454545456 0.1431980906921241
1 0.7118181818181818 0.6288782816229117 0.04909090909090909 0.16467780429594273
1 0.87 0.6241050119331742 0.038181818181818185 0.13126491646778043
1 0.649090909090909 0.5405727923627686 0.014545454545454545 0.05489260143198091
1 0.7736363636363637 0.6085918854415274 0.02 0.06205250596658712
1 0.899090909090909 0.6073985680190931 0.03090909090909091 0.10739856801909309
1 0.64 0.684964200477327 0.04 0.1288782816229117
1 0.9563636363636364 0.5930787589498807 0.025454545454545455 0.08353221957040573
1 0.9290909090909091 0.5918854415274464 0.014545454545454545 0.05250596658711217
1 0.5309090909090909 0.4749403341288783 0.01090909090909091 0.042959427207637235
1 0.5109090909090909 0.5119331742243437 0.03272727272727273 0.10262529832935562
1 0.6618181818181819 0.6217183770883055 0.014545454545454545 0.05489260143198091
1 0.7445454545454545 0.60381861575179 0.02 0.06682577565632458
1 0.7918181818181819 0.6062052505966588 0.02 0.06205250596658712
1 0.20363636363636364 0.6694510739856803 0.025454545454545455 0.050119331742243436
1 0.15636363636363637 0.5894988066825776 0.02181818181818182 0.042959427207637235
1 0.07 0.6420047732696897 0.02 0.04773269689737471
1 0.13363636363636364 0.630071599045346 0.02 0.023866348448687354
1 0.21 0.5787589498806683 0.023636363636363636 0.03579952267303103
1 0.1009090909090909 0.5632458233890215 0.012727272727272728 0.03341288782816229
1 0.3236363636363636 0.5966587112171838 0.01818181818181818 0.03341288782816229
1 0.6863636363636364 0.5334128878281623 0.016363636363636365 0.03102625298329356
1 0.66 0.5644391408114559 0.02181818181818182 0.03579952267303103
1 0.6927272727272727 0.568019093078759 0.02181818181818182 0.03818615751789976
1 0.740909090909091 0.5477326968973747 0.023636363636363636 0.03579952267303103
1 0.79 0.5584725536992841 0.02 0.023866348448687354
1 0.8481818181818181 0.6348448687350836 0.02 0.023866348448687354
1 0.9418181818181818 0.5704057279236278 0.01818181818181818 0.03341288782816229
1 0.97 0.6706443914081146 0.02 0.028639618138424822
1 0.9781818181818182 0.5763723150357996 0.01818181818181818 0.04534606205250597
1 0.9918181818181818 0.5847255369928401 0.012727272727272728 0.05250596658711217
1 0.9736363636363636 0.60381861575179 0.02 0.023866348448687354
1 0.9790909090909091 0.6288782816229117 0.016363636363636365 0.026252983293556086
1 0.53 0.6014319809069213 0.034545454545454546 0.08591885441527447
1 0.4818181818181818 0.441527446300716 0.01818181818181818 0.06205250596658712
1 0.5045454545454545 0.43556085918854415 0.02727272727272727 0.04534606205250597
1 0.5527272727272727 0.5262529832935561 0.02181818181818182 0.06443914081145585
1 0.25272727272727274 0.8066825775656324 0.02909090909090909 0.10023866348448687
