1 0.022 0.4369369369369369 0.044 0.17717717717717718
1 0.096 0.43543543543543545 0.046 0.17417417417417416
1 0.166 0.44744744744744747 0.052000000000000005 0.19519519519519518
1 0.3745 0.6576576576576576 0.179 0.6606606606606606
1 0.6415 0.47072072072072074 0.08700000000000001 0.31981981981981983
1 0.801 0.5127627627627628 0.084 0.3108108108108108
1 0.521 0.41516516516516516 0.044 0.16666666666666666
1 0.5835 0.4196696696696697 0.049 0.17867867867867868
1 0.3275 0.4009009009009009 0.027 0.1021021021021021
1 0.7275 0.4039039039039039 0.025 0.07807807807807808
1 0.7065 0.4084084084084084 0.015 0.08108108108108109
1 0.5345 0.3768768768768769 0.013000000000000001 0.03903903903903904
1 0.5445 0.37237237237237236 0.011 0.03303303303303303
1 0.554 0.3716216216216216 0.008 0.03153153153153153
1 0.5625 0.3708708708708709 0.009000000000000001 0.03303303303303303
1 0.6885 0.4099099099099099 0.019 0.08408408408408408
1 0.46950000000000003 0.38513513513513514 0.019 0.04354354354354354
1 0.4265 0.4316816816816817 0.025 0.13663663663663664
1 0.445 0.3731231231231231 0.016 0.04054054054054054
1 0.258 0.4039039039039039 0.038 0.07807807807807808
1 0.223 0.4091591591591592 0.034 0.07957957957957958
1 0.1935 0.39039039039039036 0.023 0.06006006006006006
1 0.138 0.45345345345345345 0.032 0.1111111111111111
1 0.138 0.3843843843843844 0.024 0.03303303303303303
