1 0.9793333333333333 0.27466666666666667 0.04133333333333333 0.184
1 0.9253333333333333 0.2826666666666667 0.07466666666666666 0.18666666666666665
1 0.6413333333333333 0.384 0.13066666666666665 0.32
1 0.484 0.33866666666666667 0.13066666666666665 0.32
1 0.388 0.296 0.058666666666666666 0.14666666666666667
1 0.35466666666666663 0.27666666666666667 0.056 0.13999999999999999
1 0.328 0.2826666666666667 0.056 0.13599999999999998
1 0.29466666666666663 0.27999999999999997 0.042666666666666665 0.104
1 0.27466666666666667 0.32066666666666666 0.09866666666666667 0.24133333333333332
1 0.24666666666666665 0.32466666666666666 0.104 0.2573333333333333
1 0.152 0.34933333333333333 0.11733333333333333 0.2906666666666667
1 0.08666666666666667 0.3486666666666667 0.12 0.29466666666666663
1 0.04466666666666667 0.364 0.08933333333333333 0.344
1 0.29 0.118 0.022666666666666665 0.05733333333333333
1 0.7393333333333333 0.19133333333333333 0.009333333333333332 0.022666666666666665
1 0.622 0.19533333333333333 0.006666666666666666 0.02
1 0.6353333333333333 0.19133333333333333 0.009333333333333332 0.025333333333333333
1 0.6526666666666666 0.194 0.009333333333333332 0.022666666666666665
1 0.8213333333333334 0.22066666666666665 0.016 0.03866666666666667
1 0.8386666666666667 0.20333333333333334 0.010666666666666666 0.028
1 0.8553333333333333 0.20533333333333334 0.009333333333333332 0.026666666666666665
1 0.9613333333333333 0.20866666666666667 0.016 0.03866666666666667
1 0.6733333333333333 0.19666666666666666 0.005333333333333333 0.017333333333333333
1 0.69 0.19733333333333333 0.006666666666666666 0.016
1 0.8039999999999999 0.208 0.010666666666666666 0.029333333333333333
1 0.6793333333333333 0.224 0.012 0.029333333333333333
1 0.698 0.22266666666666665 0.012 0.029333333333333333
1 0.7066666666666667 0.22133333333333333 0.013333333333333332 0.034666666666666665
1 0.7253333333333333 0.22066666666666665 0.013333333333333332 0.03333333333333333
1 0.7413333333333333 0.21933333333333332 0.010666666666666666 0.028
1 0.748 0.216 0.008 0.021333333333333333
1 0.08733333333333333 0.40599999999999997 0.08133333333333333 0.188
1 0.20066666666666666 0.3213333333333333 0.05733333333333333 0.12533333333333332
1 0.10933333333333332 0.18533333333333332 0.018666666666666665 0.029333333333333333
1 0.09333333333333332 0.184 0.016 0.026666666666666665
1 0.07733333333333334 0.18266666666666667 0.021333333333333333 0.026666666666666665
1 0.11333333333333333 0.20866666666666667 0.016 0.02
1 0.04666666666666666 0.16866666666666666 0.018666666666666665 0.025333333333333333
1 0.017333333333333333 0.14666666666666667 0.016 0.034666666666666665
1 0.03266666666666666 0.16533333333333333 0.014666666666666666 0.029333333333333333
1 0.03 0.19 0.014666666666666666 0.022666666666666665
1 0.042666666666666665 0.18933333333333333 0.016 0.024
1 0.06533333333333333 0.21666666666666665 0.029333333333333333 0.052
1 0.12 0.23333333333333334 0.021333333333333333 0.032
1 0.134 0.19733333333333333 0.030666666666666665 0.021333333333333333
1 0.18 0.24066666666666667 0.024 0.030666666666666665
1 0.3133333333333333 0.12066666666666666 0.018666666666666665 0.03866666666666667
1 0.3333333333333333 0.118 0.018666666666666665 0.025333333333333333
1 0.30666666666666664 0.09133333333333334 0.018666666666666665 0.02
1 0.32666666666666666 0.092 0.016 0.024
1 0.33999999999999997 0.09266666666666666 0.013333333333333332 0.022666666666666665
1 0.782 0.19799999999999998 0.014666666666666666 0.022666666666666665
