1 0.12166666666666667 0.7569832402234636 0.06666666666666667 0.1106145251396648
1 0.17333333333333334 0.7575418994413408 0.07333333333333333 0.12290502793296089
1 0.22666666666666668 0.7575418994413408 0.05666666666666667 0.09385474860335195
1 0.24666666666666667 0.7960893854748603 0.06666666666666667 0.11284916201117318
1 0.1675 0.653631284916201 0.04166666666666667 0.06927374301675977
1 0.22 0.641340782122905 0.04 0.06480446927374302
1 0.2341666666666667 0.6094972067039106 0.035 0.05698324022346368
1 0.3541666666666667 0.5960893854748602 0.03166666666666667 0.054748603351955305
1 0.405 0.6027932960893855 0.03666666666666667 0.06368715083798882
1 0.36750000000000005 0.541899441340782 0.028333333333333335 0.049162011173184354
1 0.43000000000000005 0.5687150837988826 0.030000000000000002 0.049162011173184354
1 0.46 0.564804469273743 0.030000000000000002 0.048044692737430165
1 0.38 0.5262569832402234 0.02 0.035754189944134075
1 0.45333333333333337 0.5256983240223463 0.013333333333333334 0.021229050279329607
1 0.4741666666666667 0.5346368715083798 0.021666666666666667 0.034636871508379886
1 0.48500000000000004 0.5324022346368714 0.023333333333333334 0.03910614525139664
1 0.5275000000000001 0.5094972067039105 0.011666666666666667 0.022346368715083796
1 0.63 0.5139664804469273 0.016666666666666666 0.03128491620111731
1 0.6591666666666667 0.5134078212290503 0.018333333333333333 0.03240223463687151
