1 0.15059523809523812 0.5571428571428572 0.07500000000000001 0.27499999999999997
1 0.15654761904761907 0.5446428571428571 0.07023809523809524 0.26071428571428573
1 0.5130952380952382 0.5883928571428572 0.07857142857142858 0.2875
1 0.5755952380952382 0.5830357142857142 0.07738095238095238 0.2839285714285714
1 0.6273809523809525 0.5973214285714286 0.07380952380952381 0.2732142857142857
1 0.6000000000000001 0.3410714285714286 0.02142857142857143 0.07857142857142857
1 0.03214285714285715 0.28214285714285714 0.014285714285714287 0.05714285714285714
1 0.048214285714285716 0.28928571428571426 0.015476190476190477 0.060714285714285714
1 0.03273809523809524 0.23392857142857143 0.005952380952380953 0.024999999999999998
1 0.06011904761904763 0.2883928571428571 0.015476190476190477 0.0625
1 0.07678571428571429 0.28928571428571426 0.01785714285714286 0.06785714285714285
1 0.08511904761904762 0.29107142857142854 0.01785714285714286 0.07142857142857142
1 0.14583333333333334 0.25625 0.015476190476190477 0.05892857142857143
1 0.1267857142857143 0.30089285714285713 0.015476190476190477 0.0625
1 0.11666666666666668 0.29464285714285715 0.011904761904761906 0.049999999999999996
1 0.1386904761904762 0.33214285714285713 0.022619047619047622 0.08571428571428572
1 0.14702380952380953 0.33482142857142855 0.01785714285714286 0.06964285714285715
1 0.17202380952380955 0.29107142857142854 0.015476190476190477 0.060714285714285714
1 0.18750000000000003 0.29285714285714287 0.013095238095238097 0.049999999999999996
1 0.19464285714285717 0.24910714285714286 0.010714285714285714 0.044642857142857144
1 0.19761904761904764 0.29196428571428573 0.014285714285714287 0.05892857142857143
1 0.20714285714285716 0.2883928571428571 0.011904761904761906 0.044642857142857144
1 0.22619047619047622 0.32589285714285715 0.014285714285714287 0.05892857142857143
1 0.24880952380952384 0.32857142857142857 0.01904761904761905 0.075
1 0.23273809523809527 0.29107142857142854 0.015476190476190477 0.060714285714285714
1 0.2630952380952381 0.29375 0.01666666666666667 0.06607142857142857
1 0.27321428571428574 0.29642857142857143 0.01785714285714286 0.06428571428571428
1 0.3029761904761905 0.30178571428571427 0.02023809523809524 0.07857142857142857
1 0.31309523809523815 0.2955357142857143 0.01666666666666667 0.0625
1 0.3267857142857143 0.29732142857142857 0.015476190476190477 0.055357142857142855
1 0.33571428571428574 0.2901785714285714 0.014285714285714287 0.05892857142857143
1 0.2416666666666667 0.28928571428571426 0.01666666666666667 0.06785714285714285
1 0.9261904761904762 0.26339285714285715 0.01666666666666667 0.0625
1 0.9029761904761906 0.24553571428571427 0.01785714285714286 0.06607142857142857
1 0.886904761904762 0.24732142857142855 0.01666666666666667 0.0625
1 0.8696428571428573 0.24910714285714286 0.015476190476190477 0.05892857142857143
1 0.8029761904761905 0.25089285714285714 0.013095238095238097 0.05178571428571428
1 0.7458333333333333 0.24910714285714286 0.015476190476190477 0.05892857142857143
1 0.730952380952381 0.2526785714285714 0.014285714285714287 0.055357142857142855
1 0.6833333333333333 0.25357142857142856 0.011904761904761906 0.04285714285714286
1 0.6696428571428572 0.2571428571428571 0.013095238095238097 0.049999999999999996
1 0.680952380952381 0.3151785714285714 0.011904761904761906 0.044642857142857144
1 0.7083333333333334 0.325 0.011904761904761906 0.04642857142857143
1 0.761904761904762 0.3169642857142857 0.014285714285714287 0.055357142857142855
1 0.7851190476190477 0.31339285714285714 0.010714285714285714 0.044642857142857144
1 0.7964285714285715 0.3080357142857143 0.011904761904761906 0.044642857142857144
1 0.9333333333333335 0.31785714285714284 0.01666666666666667 0.06428571428571428
1 0.9517857142857143 0.31875 0.015476190476190477 0.05892857142857143
1 0.974404761904762 0.33125 0.010714285714285714 0.04107142857142857
1 0.8196428571428572 0.2875 0.005952380952380953 0.02857142857142857
1 0.5107142857142858 0.29464285714285715 0.011904761904761906 0.049999999999999996
1 0.5261904761904762 0.30178571428571427 0.011904761904761906 0.049999999999999996
1 0.4196428571428572 0.2883928571428571 0.02023809523809524 0.07321428571428572
1 0.43154761904761907 0.30089285714285713 0.013095238095238097 0.05178571428571428
1 0.4779761904761905 0.29910714285714285 0.010714285714285714 0.0375
1 0.4964285714285715 0.2830357142857143 0.014285714285714287 0.05178571428571428
1 0.4672619047619048 0.3107142857142857 0.010714285714285714 0.039285714285714285
1 0.37202380952380953 0.28035714285714286 0.013095238095238097 0.049999999999999996
1 0.15476190476190477 0.29464285714285715 0.011904761904761906 0.049999999999999996
1 0.10476190476190478 0.5464285714285714 0.06190476190476191 0.23214285714285712
1 0.06547619047619048 0.31607142857142856 0.01666666666666667 0.049999999999999996
1 0.18511904761904763 0.33125 0.02023809523809524 0.030357142857142857
1 0.20892857142857144 0.32589285714285715 0.02023809523809524 0.044642857142857144
1 0.9642857142857144 0.27589285714285716 0.01666666666666667 0.044642857142857144
1 0.8386904761904763 0.31875 0.015476190476190477 0.026785714285714284
1 0.8148809523809525 0.325 0.02023809523809524 0.02142857142857143
