1 0.13153846153846155 0.6447811447811448 0.1123076923076923 0.6026936026936026
1 0.09 0.6346801346801346 0.1 0.5353535353535354
1 0.06307692307692307 0.6212121212121212 0.08923076923076922 0.48148148148148145
1 0.04384615384615385 0.6127946127946128 0.08461538461538462 0.46464646464646464
1 0.1976923076923077 0.6414141414141414 0.10307692307692308 0.5555555555555556
1 0.27153846153846156 0.632996632996633 0.1 0.5387205387205387
1 0.23692307692307693 0.6296296296296297 0.09230769230769231 0.49158249158249157
1 0.3830769230769231 0.6363636363636364 0.09846153846153846 0.5252525252525252
1 0.44461538461538463 0.632996632996633 0.08923076923076922 0.4848484848484848
1 0.031538461538461536 0.5824915824915825 0.06307692307692307 0.4377104377104377
1 0.023076923076923078 0.5858585858585859 0.046153846153846156 0.40404040404040403
1 0.15846153846153846 0.6397306397306397 0.09538461538461539 0.5185185185185185
1 0.3192307692307692 0.6262626262626262 0.0876923076923077 0.47138047138047134
1 0.4269230769230769 0.6245791245791246 0.07846153846153846 0.42087542087542085
1 0.49846153846153846 0.6296296296296297 0.08615384615384615 0.46464646464646464
1 0.5438461538461539 0.6245791245791246 0.08153846153846153 0.4343434343434343
1 0.47846153846153844 0.6195286195286195 0.07384615384615384 0.3973063973063973
1 0.3507692307692308 0.6212121212121212 0.08 0.4276094276094276
1 0.7584615384615384 0.5791245791245792 0.06769230769230769 0.37037037037037035
1 0.6938461538461539 0.6195286195286195 0.06769230769230769 0.37037037037037035
1 0.6569230769230769 0.6127946127946128 0.07076923076923076 0.39057239057239057
1 0.6169230769230769 0.6178451178451179 0.07384615384615384 0.3939393939393939
1 0.5761538461538461 0.6262626262626262 0.07846153846153846 0.4175084175084175
1 0.6369230769230769 0.6178451178451179 0.06153846153846154 0.3333333333333333
1 0.5207692307692308 0.6212121212121212 0.07230769230769231 0.3939393939393939
1 0.2976923076923077 0.6245791245791246 0.08153846153846153 0.44781144781144777
1 0.8946153846153846 0.5168350168350168 0.007692307692307693 0.043771043771043766
1 0.84 0.5235690235690236 0.00923076923076923 0.050505050505050504
1 0.7953846153846154 0.5168350168350168 0.012307692307692308 0.06397306397306397
1 0.11461538461538462 0.41414141414141414 0.013846153846153847 0.08754208754208753
1 0.18076923076923077 0.42087542087542085 0.023076923076923078 0.09427609427609428
1 0.31 0.4377104377104377 0.010769230769230769 0.07407407407407407
1 0.34384615384615386 0.4511784511784512 0.016923076923076923 0.0808080808080808
1 0.3946153846153846 0.4461279461279461 0.010769230769230769 0.06397306397306397
1 0.9861538461538462 0.6414141414141414 0.021538461538461538 0.10437710437710437
1 0.9553846153846154 0.6313131313131313 0.027692307692307693 0.1111111111111111
1 0.9315384615384615 0.6346801346801346 0.016923076923076923 0.10437710437710437
1 0.8769230769230769 0.6313131313131313 0.01846153846153846 0.09090909090909091
1 0.8569230769230769 0.6262626262626262 0.021538461538461538 0.09427609427609428
1 0.8292307692307692 0.6195286195286195 0.03076923076923077 0.10774410774410774
1 0.8007692307692308 0.6195286195286195 0.026153846153846153 0.08754208754208753
1 0.78 0.6178451178451179 0.015384615384615385 0.09090909090909091
1 0.7246153846153847 0.6077441077441077 0.024615384615384615 0.09090909090909091
1 0.9046153846153846 0.6313131313131313 0.033846153846153845 0.09764309764309764
