1 0.018000000000000002 0.4144329896907217 0.024 0.06597938144329897
1 0.046 0.4329896907216495 0.048 0.11958762886597939
1 0.08700000000000001 0.40103092783505156 0.018000000000000002 0.04329896907216495
1 0.097 0.3989690721649485 0.018000000000000002 0.04329896907216495
1 0.111 0.4 0.014 0.041237113402061855
1 0.12 0.3969072164948454 0.016 0.04329896907216495
1 0.135 0.3969072164948454 0.018000000000000002 0.04742268041237113
1 0.159 0.39484536082474225 0.018000000000000002 0.04742268041237113
1 0.191 0.4 0.018000000000000002 0.04536082474226804
1 0.177 0.3969072164948454 0.018000000000000002 0.051546391752577324
1 0.226 0.4 0.024 0.06597938144329897
1 0.251 0.39484536082474225 0.022 0.05567010309278351
1 0.276 0.4195876288659794 0.04 0.10103092783505155
1 0.303 0.4 0.026000000000000002 0.06597938144329897
1 0.335 0.4041237113402062 0.046 0.1154639175257732
1 0.36 0.411340206185567 0.044 0.1134020618556701
1 0.353 0.39587628865979385 0.038 0.09484536082474226
1 0.429 0.411340206185567 0.046 0.11752577319587629
1 0.584 0.41855670103092785 0.068 0.1731958762886598
1 0.621 0.4154639175257732 0.054 0.1422680412371134
1 0.529 0.49587628865979383 0.126 0.3195876288659794
1 0.888 0.39587628865979385 0.064 0.16082474226804125
1 0.676 0.37422680412371134 0.024 0.06804123711340207
1 0.972 0.3525773195876289 0.024 0.0288659793814433
1 0.978 0.3268041237113402 0.032 0.018556701030927835
