1 0.10166666666666667 0.24666666666666667 0.14333333333333334 0.4666666666666667
1 0.21666666666666667 0.2088888888888889 0.1 0.3377777777777778
1 0.17666666666666667 0.19333333333333333 0.06666666666666667 0.21777777777777776
1 0.335 0.21333333333333332 0.11666666666666667 0.38222222222222224
1 0.44333333333333336 0.2111111111111111 0.1 0.3333333333333333
1 0.5516666666666667 0.2088888888888889 0.10333333333333335 0.3466666666666667
1 0.52 0.2644444444444444 0.13333333333333333 0.4311111111111111
1 0.6916666666666668 0.21777777777777776 0.09666666666666668 0.32
1 0.7983333333333333 0.31555555555555553 0.11 0.37333333333333335
1 0.8933333333333334 0.3288888888888889 0.12000000000000001 0.39111111111111113
1 0.18666666666666668 0.5911111111111111 0.37333333333333335 0.8
1 0.3916666666666667 0.52 0.33666666666666667 0.6844444444444444
1 0.515 0.37777777777777777 0.15000000000000002 0.43555555555555553
