1 0.062 0.5345744680851063 0.124 0.4627659574468085
1 0.094 0.5 0.124 0.4148936170212766
1 0.184 0.43882978723404253 0.112 0.3670212765957447
1 0.276 0.5718085106382979 0.2 0.6436170212765957
1 0.302 0.48936170212765956 0.124 0.4148936170212766
1 0.244 0.4095744680851064 0.12 0.39361702127659576
1 0.33 0.40425531914893614 0.116 0.3829787234042553
1 0.48 0.5026595744680851 0.136 0.4521276595744681
1 0.524 0.39361702127659576 0.12 0.40425531914893614
1 0.584 0.39361702127659576 0.112 0.36170212765957444
1 0.682 0.4574468085106383 0.116 0.3829787234042553
1 0.71 0.48670212765957444 0.132 0.4308510638297872
1 0.732 0.40691489361702127 0.10400000000000001 0.3351063829787234
1 0.8160000000000001 0.5079787234042553 0.16 0.526595744680851
1 0.93 0.4574468085106383 0.116 0.3829787234042553
1 0.9560000000000001 0.46808510638297873 0.088 0.425531914893617
1 0.41400000000000003 0.4095744680851064 0.108 0.36170212765957444
