1 0.067 0.46 0.062 0.22285714285714286
1 0.097 0.4942857142857143 0.08600000000000001 0.30857142857142855
1 0.188 0.44571428571428573 0.04 0.14285714285714285
1 0.211 0.42857142857142855 0.042 0.14857142857142858
1 0.263 0.45714285714285713 0.058 0.2057142857142857
1 0.298 0.47714285714285715 0.076 0.26857142857142857
1 0.363 0.5028571428571429 0.094 0.32571428571428573
1 0.227 0.38285714285714284 0.022 0.08571428571428572
1 0.145 0.38857142857142857 0.022 0.07428571428571429
1 0.132 0.39571428571428574 0.016 0.06571428571428571
1 0.426 0.44571428571428573 0.048 0.17714285714285713
1 0.458 0.46714285714285714 0.064 0.2257142857142857
1 0.513 0.4828571428571429 0.078 0.2742857142857143
1 0.599 0.5085714285714286 0.098 0.34285714285714286
1 0.746 0.48428571428571426 0.08 0.28285714285714286
1 0.658 0.44285714285714284 0.048 0.17142857142857143
1 0.851 0.4757142857142857 0.062 0.22
1 0.906 0.5042857142857143 0.10400000000000001 0.3628571428571429
1 0.967 0.49 0.066 0.2714285714285714
1 0.161 0.42428571428571427 0.03 0.07714285714285714
1 0.112 0.8328571428571429 0.088 0.26
1 0.19 0.6085714285714285 0.048 0.13142857142857142
1 0.265 0.6771428571428572 0.05 0.19428571428571428
1 0.301 0.7885714285714286 0.062 0.24
1 0.35000000000000003 0.8571428571428571 0.068 0.24
1 0.422 0.6671428571428571 0.04 0.18571428571428572
1 0.463 0.7014285714285714 0.054 0.18571428571428572
1 0.519 0.7471428571428571 0.046 0.24857142857142858
1 0.596 0.8214285714285714 0.068 0.3057142857142857
1 0.743 0.77 0.066 0.24857142857142858
1 0.853 0.7085714285714285 0.05 0.22285714285714286
1 0.909 0.8457142857142858 0.078 0.3028571428571429
1 0.667 0.29714285714285715 0.03 0.06857142857142857
1 0.6910000000000001 0.29428571428571426 0.03 0.08
