1 0.05 0.45255474452554745 0.1 0.3795620437956204
1 0.10125 0.42700729927007297 0.0925 0.3284671532846715
1 0.195 0.44525547445255476 0.095 0.3430656934306569
1 0.25 0.4489051094890511 0.1 0.35766423357664234
1 0.28750000000000003 0.42883211678832117 0.085 0.3102189781021898
1 0.37125 0.437956204379562 0.0925 0.3357664233576642
1 0.52125 0.6386861313868613 0.1975 0.708029197080292
1 0.61125 0.43430656934306566 0.10250000000000001 0.36496350364963503
1 0.7312500000000001 0.5602189781021898 0.1675 0.5948905109489051
1 0.85 0.5875912408759124 0.195 0.6934306569343065
1 0.89 0.4251824817518248 0.09 0.3175182481751825
1 0.95625 0.44525547445255476 0.08750000000000001 0.3284671532846715
