1 0.9140625 0.5750293083235638 0.171875 0.32473622508792493
1 0.85703125 0.5767878077373974 0.0921875 0.17116060961313012
1 0.76875 0.5685814771395076 0.08125 0.15240328253223914
1 0.6742187500000001 0.5767878077373974 0.06406250000000001 0.11723329425556857
1 0.59921875 0.5773739742086752 0.0921875 0.1723329425556858
1 0.5437500000000001 0.5720984759671747 0.08125 0.15005861664712777
1 0.5007812500000001 0.5738569753810082 0.0671875 0.123094958968347
1 0.4390625 0.5738569753810082 0.05625 0.10199296600234466
1 0.37343750000000003 0.574443141852286 0.1 0.18522860492379833
1 0.34140625 0.5726846424384525 0.08281250000000001 0.15123094958968347
1 0.30546875 0.5715123094958968 0.0671875 0.1254396248534584
1 0.28750000000000003 0.5715123094958968 0.0625 0.11371629542790151
1 0.1453125 0.5756154747948417 0.1 0.18522860492379833
1 0.12109375 0.5726846424384525 0.0890625 0.16295427901524032
1 0.10234375000000001 0.566822977725674 0.07968750000000001 0.14888628370457208
