1 0.13666666666666666 0.5720000000000001 0.19599999999999998 0.724
1 0.20199999999999999 0.487 0.11066666666666666 0.406
1 0.30933333333333335 0.437 0.09866666666666667 0.362
1 0.324 0.729 0.13866666666666666 0.51
1 0.5246666666666666 0.534 0.19333333333333333 0.708
1 0.6693333333333333 0.388 0.088 0.328
1 0.724 0.751 0.13333333333333333 0.49
1 0.9193333333333333 0.559 0.16133333333333333 0.77
1 0.9099999999999999 0.338 0.09466666666666666 0.352
1 0.2693333333333333 0.429 0.08533333333333333 0.318
1 0.2373333333333333 0.402 0.06666666666666667 0.244
1 0.4033333333333333 0.279 0.03333333333333333 0.122
1 0.7333333333333333 0.272 0.021333333333333333 0.084
1 0.592 0.269 0.029333333333333333 0.106
1 0.748 0.264 0.013333333333333332 0.036000000000000004
1 0.7593333333333333 0.266 0.014666666666666666 0.052000000000000005
1 0.774 0.265 0.02 0.042
1 0.20133333333333334 0.241 0.056 0.074
