1 0.5681159420289855 0.7474226804123711 0.028985507246376812 0.12371134020618557
1 0.532608695652174 0.7422680412371134 0.02463768115942029 0.1134020618556701
1 0.5876811594202899 0.7319587628865979 0.021739130434782608 0.10309278350515463
1 0.6275362318840579 0.7719072164948454 0.043478260869565216 0.19329896907216496
1 0.6927536231884058 0.7615979381443299 0.03188405797101449 0.14175257731958762
1 0.722463768115942 0.7667525773195876 0.042028985507246375 0.18298969072164947
1 0.8442028985507246 0.7474226804123711 0.02463768115942029 0.1134020618556701
1 0.8608695652173913 0.7461340206185567 0.028985507246376812 0.13144329896907217
1 0.8884057971014493 0.7280927835051546 0.02318840579710145 0.10051546391752578
1 0.9282608695652174 0.7255154639175257 0.015942028985507246 0.06958762886597938
