1 0.43083333333333335 0.6215538847117794 0.19833333333333333 0.7368421052631579
1 0.6258333333333334 0.6353383458646616 0.19833333333333333 0.7293233082706767
1 0.29250000000000004 0.2794486215538847 0.058333333333333334 0.21303258145363407
1 0.275 0.22681704260651628 0.03666666666666667 0.13784461152882205
1 0.2341666666666667 0.20175438596491227 0.045000000000000005 0.16791979949874686
1 0.20083333333333334 0.20175438596491227 0.045000000000000005 0.16791979949874686
1 0.3225 0.3508771929824561 0.04166666666666667 0.15037593984962405
1 0.37583333333333335 0.3872180451127819 0.055 0.20300751879699247
1 0.2783333333333334 0.637844611528822 0.08333333333333334 0.3032581453634085
1 0.9541666666666667 0.556390977443609 0.04166666666666667 0.15037593984962405
1 0.6883333333333334 0.3107769423558897 0.02666666666666667 0.10025062656641603
1 0.6666666666666667 0.3107769423558897 0.023333333333333334 0.09523809523809523
1 0.14250000000000002 0.612781954887218 0.095 0.2932330827067669
1 0.19416666666666668 0.600250626566416 0.08833333333333333 0.2781954887218045
1 0.24166666666666667 0.5927318295739348 0.05666666666666667 0.2681704260651629
1 0.19833333333333333 0.38847117794486213 0.08666666666666667 0.19548872180451127
1 0.25833333333333336 0.39849624060150374 0.06666666666666667 0.19047619047619047
1 0.11166666666666668 0.43609022556390975 0.09333333333333334 0.22055137844611528
1 0.03833333333333334 0.35964912280701755 0.04666666666666667 0.20802005012531327
1 0.07250000000000001 0.33959899749373434 0.028333333333333335 0.08270676691729323
1 0.10833333333333334 0.3208020050125313 0.043333333333333335 0.09523809523809523
1 0.08833333333333333 0.24561403508771928 0.060000000000000005 0.13032581453634084
1 0.035833333333333335 0.22681704260651628 0.04166666666666667 0.11779448621553884
1 0.03333333333333333 0.15162907268170425 0.03333333333333333 0.07268170426065163
1 0.13416666666666668 0.21679197994987467 0.04166666666666667 0.10776942355889724
1 0.16666666666666669 0.24937343358395989 0.05 0.09774436090225563
1 0.17416666666666666 0.19047619047619047 0.028333333333333335 0.05513784461152882
1 0.21000000000000002 0.20426065162907267 0.04 0.06265664160401002
1 0.21583333333333335 0.2857142857142857 0.058333333333333334 0.12030075187969924
1 0.8991666666666667 0.537593984962406 0.04833333333333334 0.10776942355889724
