1 0.39875 0.6278195488721804 0.11750000000000001 0.42857142857142855
1 0.29875 0.5733082706766917 0.10250000000000001 0.37969924812030076
1 0.24875 0.556390977443609 0.10250000000000001 0.37593984962406013
1 0.4575 0.5789473684210527 0.1 0.37593984962406013
1 0.64375 0.6184210526315789 0.1125 0.424812030075188
1 0.62375 0.744360902255639 0.1275 0.47368421052631576
1 0.78 0.5845864661654135 0.115 0.424812030075188
1 0.9400000000000001 0.5451127819548872 0.12 0.47368421052631576
1 0.7212500000000001 0.5507518796992481 0.0975 0.36466165413533835
1 0.8625 0.20300751879699247 0.085 0.3157894736842105
1 0.56875 0.599624060150376 0.0975 0.3571428571428571
1 0.5962500000000001 0.612781954887218 0.10250000000000001 0.38345864661654133
