1 0.8724637681159421 0.5902173913043478 0.08405797101449275 0.31521739130434784
1 0.7905797101449276 0.6021739130434782 0.08550724637681159 0.3130434782608696
1 0.7369565217391304 0.6054347826086957 0.08840579710144927 0.3282608695652174
1 0.6702898550724637 0.5989130434782609 0.09130434782608696 0.341304347826087
1 0.6086956521739131 0.6054347826086957 0.08405797101449275 0.3108695652173913
1 0.5130434782608696 0.6043478260869565 0.08985507246376812 0.33043478260869563
1 0.42536231884057973 0.6086956521739131 0.09130434782608696 0.3347826086956522
1 0.35 0.6043478260869565 0.08550724637681159 0.3130434782608696
1 0.2739130434782609 0.6141304347826088 0.08405797101449275 0.3108695652173913
1 0.21014492753623187 0.6173913043478261 0.08405797101449275 0.30869565217391304
1 0.13260869565217392 0.6173913043478261 0.08550724637681159 0.3173913043478261
1 0.05 0.6228260869565218 0.08550724637681159 0.3108695652173913
1 0.0891304347826087 0.5597826086956522 0.03333333333333333 0.12391304347826088
1 0.1565217391304348 0.55 0.034782608695652174 0.12608695652173912
1 0.020289855072463767 0.5608695652173913 0.034782608695652174 0.13043478260869565
1 0.12681159420289856 0.20543478260869566 0.02753623188405797 0.10652173913043478
1 0.10217391304347827 0.5108695652173914 0.015942028985507246 0.030434782608695653
