1 0.42333333333333334 0.3887795275590551 0.025333333333333333 0.09251968503937008
1 0.5506666666666666 0.39665354330708663 0.026666666666666665 0.10039370078740158
1 0.5766666666666667 0.39370078740157477 0.025333333333333333 0.09448818897637795
1 0.3333333333333333 0.4035433070866142 0.026666666666666665 0.09842519685039369
1 0.30933333333333335 0.41338582677165353 0.029333333333333333 0.11023622047244094
1 0.27066666666666667 0.4232283464566929 0.034666666666666665 0.12598425196850394
1 0.11066666666666666 0.8346456692913385 0.05333333333333333 0.19291338582677164
1 0.12533333333333332 0.7125984251968503 0.042666666666666665 0.15748031496062992
1 0.14933333333333332 0.6220472440944882 0.042666666666666665 0.15354330708661418
1 0.17466666666666666 0.6181102362204725 0.034666666666666665 0.12992125984251968
1 0.18 0.6968503937007874 0.04 0.14960629921259844
1 0.03866666666666667 0.8562992125984252 0.04533333333333333 0.1653543307086614
1 0.192 0.6368110236220472 0.042666666666666665 0.1594488188976378
1 0.23333333333333334 0.5659448818897638 0.04 0.1437007874015748
1 0.25466666666666665 0.5521653543307087 0.04 0.1515748031496063
1 0.192 0.5246062992125984 0.03733333333333333 0.13976377952755906
1 0.208 0.5078740157480315 0.029333333333333333 0.11023622047244094
1 0.22266666666666665 0.5295275590551181 0.032 0.1220472440944882
1 0.252 0.4714566929133858 0.021333333333333333 0.045275590551181105
1 0.08733333333333333 0.9655511811023622 0.044 0.0610236220472441
1 0.126 0.9714566929133858 0.04933333333333333 0.0531496062992126
