1 0.599375 0.6829268292682927 0.14875 0.5440900562851783
1 0.673125 0.648217636022514 0.07875 0.29080675422138835
1 0.71875 0.6303939962476548 0.035 0.13133208255159476
1 0.17125 0.6397748592870544 0.06 0.22138836772983114
1 0.151875 0.6425891181988743 0.05625 0.2045028142589118
1 0.130625 0.6435272045028143 0.06125 0.225140712945591
1 0.1075 0.6425891181988743 0.0625 0.23076923076923078
1 0.065 0.6360225140712945 0.065 0.24390243902439024
1 0.043125000000000004 0.6397748592870544 0.08625000000000001 0.3677298311444653
1 0.02625 0.6444652908067542 0.0525 0.25328330206378985
1 0.02625 0.36866791744840527 0.0225 0.08442776735459662
1 0.043750000000000004 0.3771106941838649 0.02 0.075046904315197
1 0.100625 0.38649155722326456 0.01875 0.07129455909943715
1 0.114375 0.39305816135084426 0.01625 0.06566604127579738
1 0.124375 0.39305816135084426 0.01625 0.06566604127579738
1 0.1675 0.40337711069418386 0.0175 0.0675422138836773
1 0.176875 0.40619136960600377 0.01875 0.06941838649155722
1 0.186875 0.4090056285178236 0.01625 0.06378986866791744
1 0.22875 0.4174484052532833 0.0175 0.06566604127579738
1 0.241875 0.42213883677298314 0.01375 0.05628517823639775
1 0.26625 0.4333958724202627 0.0125 0.04878048780487805
1 0.274375 0.4352720450281426 0.01375 0.04878048780487805
1 0.28625 0.4343339587242026 0.015 0.058161350844277676
1 0.356875 0.6219512195121951 0.02875 0.10694183864915573
1 0.39687500000000003 0.625703564727955 0.03375 0.1294559099437148
1 0.433125 0.6228893058161351 0.02625 0.0975609756097561
1 0.445625 0.624765478424015 0.03125 0.1125703564727955
1 0.455 0.6219512195121951 0.0325 0.12195121951219512
1 0.495 0.6219512195121951 0.0225 0.08818011257035648
1 0.453125 0.4699812382739212 0.01125 0.04690431519699812
1 0.481875 0.4774859287054409 0.01125 0.039399624765478425
1 0.4925 0.4793621013133208 0.01 0.039399624765478425
1 0.519375 0.4878048780487805 0.00875 0.03377110694183865
1 0.620625 0.5121951219512195 0.00875 0.03377110694183865
1 0.535 0.6200750469043151 0.0275 0.09943714821763602
1 0.7925 0.6228893058161351 0.0175 0.06378986866791744
1 0.80875 0.6135084427767354 0.0075 0.03377110694183865
1 0.7675000000000001 0.5309568480300187 0.0075 0.0300187617260788
1 0.76 0.5309568480300187 0.0075 0.0300187617260788
1 0.74875 0.5272045028142589 0.0075 0.0300187617260788
1 0.73875 0.524390243902439 0.0075 0.03189493433395872
1 0.7075 0.5234521575984991 0.0075 0.0300187617260788
1 0.713125 0.5225140712945591 0.00625 0.024390243902439025
1 0.7475 0.6153846153846154 0.0125 0.0450281425891182
1 0.75375 0.6144465290806754 0.01 0.043151969981238276
1 0.775 0.6135084427767354 0.01 0.0375234521575985
1 0.78125 0.6144465290806754 0.01 0.03564727954971857
1 0.78625 0.6153846153846154 0.0075 0.03377110694183865
1 0.798125 0.6181988742964353 0.01375 0.054409005628517824
1 0.8300000000000001 0.6106941838649156 0.01 0.03564727954971857
1 0.9225 0.6088180112570356 0.0075 0.03189493433395872
1 0.9450000000000001 0.6097560975609756 0.0075 0.0300187617260788
1 0.994375 0.6106941838649156 0.00875 0.03189493433395872
1 0.973125 0.6106941838649156 0.00875 0.03189493433395872
1 0.91 0.5534709193245778 0.0075 0.0300187617260788
1 0.785 0.5328330206378987 0.0075 0.03377110694183865
1 0.795 0.5347091932457786 0.0075 0.026266416510318948
1 0.8200000000000001 0.5412757973733584 0.0075 0.03189493433395872
1 0.83625 0.5422138836772983 0.0075 0.03377110694183865
1 0.8725 0.5487804878048781 0.0075 0.028142589118198873
1 0.87875 0.5487804878048781 0.0075 0.028142589118198873
1 0.8875000000000001 0.5487804878048781 0.0075 0.028142589118198873
1 0.655625 0.5196998123827392 0.00625 0.0300187617260788
1 0.6875 0.525328330206379 0.0075 0.0300187617260788
1 0.61125 0.5037523452157598 0.0075 0.020637898686679174
1 0.743125 0.625703564727955 0.01125 0.028142589118198873
1 0.75625 0.6294559099437148 0.0075 0.028142589118198873
1 0.9556250000000001 0.4446529080675422 0.08625000000000001 0.28142589118198874
