1 0.031875 0.550656660412758 0.06375 0.425891181988743
1 0.051250000000000004 0.5159474671669794 0.10250000000000001 0.3789868667917448
1 0.09875 0.524390243902439 0.115 0.425891181988743
1 0.02125 0.12195121951219512 0.0425 0.2326454033771107
1 0.03375 0.13414634146341464 0.06 0.21951219512195122
1 0.051875000000000004 0.14352720450281425 0.058750000000000004 0.21575984990619138
1 0.07 0.14540337711069418 0.0575 0.21200750469043153
1 0.08750000000000001 0.14821763602251406 0.055 0.2026266416510319
1 0.121875 0.15947467166979362 0.051250000000000004 0.18761726078799248
1 0.15687500000000001 0.1697936210131332 0.051250000000000004 0.19324577861163228
1 0.148125 0.5422138836772983 0.13125 0.4803001876172608
1 0.173125 0.5028142589118199 0.10875 0.4052532833020638
1 0.225 0.5272045028142589 0.115 0.42401500938086306
1 0.289375 0.5187617260787992 0.11875000000000001 0.4371482176360225
1 0.33125 0.4981238273921201 0.0925 0.3395872420262664
1 0.366875 0.48686679174484054 0.08625000000000001 0.32082551594746717
1 0.42562500000000003 0.4774859287054409 0.08875 0.324577861163227
1 0.475625 0.49437148217636023 0.10125 0.3771106941838649
1 0.506875 0.50093808630394 0.10625 0.3902439024390244
1 0.58 0.4906191369606004 0.08750000000000001 0.324577861163227
1 0.6375000000000001 0.49437148217636023 0.10250000000000001 0.3808630393996248
1 0.6793750000000001 0.474671669793621 0.09375 0.3452157598499062
1 0.723125 0.49530956848030017 0.10375000000000001 0.3827392120075047
1 0.708125 0.46622889305816134 0.09625 0.3545966228893058
1 0.76875 0.47654784240150094 0.0925 0.3452157598499062
1 0.788125 0.4634146341463415 0.08625000000000001 0.3151969981238274
1 0.854375 0.4849906191369606 0.10625 0.3921200750469043
1 0.8425 0.48874296435272047 0.0925 0.3433395872420263
1 0.84125 0.46153846153846156 0.0925 0.3452157598499062
1 0.8825000000000001 0.47560975609756095 0.095 0.34709193245778613
1 0.93375 0.47654784240150094 0.115 0.4277673545966229
1 0.525 0.44652908067542213 0.065 0.23639774859287055
1 0.615 0.46153846153846156 0.07 0.2589118198874296
1 0.135 0.11913696060037524 0.0325 0.06191369606003752
1 0.24 0.150093808630394 0.0175 0.075046904315197
1 0.1625 0.10881801125703565 0.01 0.0225140712945591
1 0.120625 0.3592870544090056 0.02625 0.04690431519699812
1 0.81875 0.325515947467167 0.0175 0.05065666041275797
1 0.73875 0.32833020637898686 0.0325 0.07129455909943715
1 0.073125 0.3714821763602251 0.01375 0.026266416510318948
