1 0.12125 0.7542213883677298 0.1075 0.3977485928705441
1 0.313125 0.7814258911819888 0.11875000000000001 0.4371482176360225
1 0.408125 0.7954971857410882 0.09875 0.36397748592870544
1 0.405625 0.7833020637898687 0.09375 0.34709193245778613
1 0.501875 0.6557223264540337 0.04125 0.15572232645403378
1 0.5325 0.7908067542213884 0.1 0.3696060037523452
1 0.5437500000000001 0.6444652908067542 0.03 0.11069418386491557
1 0.66125 0.7804878048780488 0.105 0.38649155722326456
1 0.83625 0.799249530956848 0.10250000000000001 0.3789868667917448
1 0.33875 0.5562851782363978 0.03 0.11444652908067542
1 0.355 0.6050656660412758 0.03 0.11444652908067542
1 0.380625 0.5666041275797373 0.02625 0.10131332082551595
1 0.270625 0.5328330206378987 0.02375 0.08630393996247655
1 0.275625 0.5272045028142589 0.01625 0.06378986866791744
1 0.2525 0.524390243902439 0.0175 0.06566604127579738
1 0.238125 0.5215759849906192 0.01875 0.0675422138836773
1 0.23125 0.5215759849906192 0.015 0.0600375234521576
1 0.210625 0.5215759849906192 0.01125 0.0450281425891182
1 0.63375 0.625703564727955 0.0225 0.06941838649155722
1 0.420625 0.5938086303939962 0.03125 0.06191369606003752
1 0.1825 0.6622889305816135 0.055 0.18761726078799248
