1 0.04538690476190476 0.5368550368550369 0.09077380952380952 0.5773955773955773
1 0.12648809523809523 0.5515970515970516 0.14583333333333331 0.5872235872235873
1 0.2150297619047619 0.5147420147420148 0.14732142857142858 0.5921375921375921
1 0.3169642857142857 0.5171990171990172 0.14285714285714285 0.5823095823095823
1 0.4055059523809524 0.5331695331695332 0.13839285714285712 0.5552825552825553
1 0.5014880952380952 0.5442260442260443 0.14285714285714285 0.5773955773955773
1 0.5803571428571428 0.5319410319410319 0.14285714285714285 0.5823095823095823
1 0.681547619047619 0.5257985257985258 0.1369047619047619 0.5601965601965602
1 0.7760416666666666 0.5331695331695332 0.14732142857142858 0.5945945945945946
1 0.8727678571428571 0.5356265356265356 0.14732142857142858 0.5995085995085995
1 0.9300595238095237 0.44471744471744473 0.13095238095238093 0.5307125307125307
1 0.05208333333333333 0.343980343980344 0.08333333333333333 0.343980343980344
1 0.10342261904761904 0.2764127764127764 0.09970238095238095 0.17936117936117935
1 0.15848214285714285 0.2727272727272727 0.07886904761904762 0.15724815724815724
1 0.24181547619047616 0.28992628992628994 0.07291666666666666 0.171990171990172
1 0.290922619047619 0.2665847665847666 0.06398809523809523 0.14496314496314497
1 0.39360119047619047 0.2714987714987715 0.11160714285714285 0.19901719901719903
1 0.5230654761904762 0.24692874692874692 0.06696428571428571 0.1547911547911548
1 0.6644345238095237 0.24692874692874692 0.10863095238095237 0.16953316953316952
1 0.8013392857142857 0.4103194103194103 0.11160714285714285 0.4619164619164619
1 0.8184523809523809 0.2076167076167076 0.050595238095238096 0.12530712530712532
1 0.9523809523809523 0.5282555282555282 0.08630952380952381 0.6584766584766585
