1 0.03865979381443299 0.6671826625386997 0.03608247422680413 0.13312693498452013
1 0.277319587628866 0.6780185758513932 0.04948453608247423 0.18575851393188855
1 0.32989690721649484 0.6424148606811146 0.0288659793814433 0.10526315789473685
1 0.3768041237113402 0.7035603715170279 0.0711340206185567 0.26160990712074306
1 0.40670103092783505 0.6710526315789475 0.0443298969072165 0.1625386996904025
1 0.5561855670103093 0.6756965944272446 0.06288659793814433 0.23065015479876164
1 0.6737113402061856 0.6540247678018576 0.05257731958762887 0.19349845201238391
1 0.8654639175257732 0.6122291021671827 0.029896907216494847 0.10990712074303406
1 0.8829896907216495 0.6099071207430341 0.027835051546391754 0.10526315789473685
1 0.9005154639175258 0.6068111455108359 0.029896907216494847 0.11145510835913314
1 0.9128865979381443 0.6099071207430341 0.029896907216494847 0.10835913312693499
1 0.9309278350515464 0.6137770897832817 0.0288659793814433 0.10990712074303406
1 0.9474226804123712 0.6052631578947368 0.026804123711340208 0.09907120743034056
1 0.965979381443299 0.6044891640866873 0.018556701030927835 0.07275541795665635
1 0.9871134020618557 0.6052631578947368 0.021649484536082474 0.08359133126934985
