1 0.9510000000000001 0.42899408284023666 0.098 0.4378698224852071
1 0.909 0.41715976331360943 0.106 0.3846153846153846
1 0.882 0.143491124260355 0.076 0.27514792899408286
1 0.777 0.3831360946745562 0.11 0.3994082840236686
1 0.726 0.3905325443786982 0.112 0.40828402366863903
1 0.655 0.4452662721893491 0.11800000000000001 0.4349112426035503
1 0.549 0.4230769230769231 0.106 0.3905325443786982
1 0.975 0.14201183431952663 0.05 0.27218934911242604
1 0.137 0.40828402366863903 0.162 0.35502958579881655
1 0.151 0.23668639053254437 0.09 0.15384615384615385
1 0.199 0.33579881656804733 0.094 0.26331360946745563
1 0.269 0.378698224852071 0.11 0.3076923076923077
1 0.368 0.33579881656804733 0.112 0.28698224852071
1 0.356 0.5784023668639053 0.34400000000000003 0.45857988165680474
1 0.47600000000000003 0.27218934911242604 0.096 0.1893491124260355
1 0.5630000000000001 0.2603550295857988 0.058 0.17159763313609466
1 0.58 0.11834319526627218 0.07200000000000001 0.17159763313609466
1 0.608 0.2692307692307692 0.064 0.1893491124260355
1 0.63 0.2692307692307692 0.068 0.11834319526627218
1 0.6880000000000001 0.28106508875739644 0.064 0.16568047337278105
