1 0.9563636363636364 0.43324250681198906 0.02181818181818182 0.08719346049046321
1 0.9409090909090909 0.4659400544959128 0.04181818181818182 0.15803814713896458
1 0.9154545454545454 0.47002724795640327 0.04181818181818182 0.16076294277929154
1 0.889090909090909 0.48365122615803813 0.04727272727272727 0.18256130790190736
1 0.85 0.5 0.056363636363636366 0.20435967302452315
1 0.8145454545454546 0.5081743869209809 0.05454545454545454 0.2098092643051771
1 0.7827272727272727 0.4877384196185286 0.056363636363636366 0.20708446866485014
1 0.7363636363636363 0.5027247956403269 0.06545454545454546 0.23705722070844687
1 0.6436363636363637 0.5245231607629428 0.07272727272727272 0.27520435967302453
1 0.7009090909090909 0.4645776566757493 0.038181818181818185 0.1444141689373297
1 0.6836363636363636 0.4604904632152588 0.03272727272727273 0.11989100817438691
1 0.6718181818181819 0.4659400544959128 0.03090909090909091 0.11444141689373297
1 0.7081818181818181 0.4536784741144414 0.03090909090909091 0.11171662125340599
1 0.9918181818181818 0.43460490463215257 0.016363636363636365 0.07356948228882834
1 0.9827272727272727 0.4209809264305177 0.016363636363636365 0.05722070844686648
1 0.97 0.42370572207084467 0.012727272727272728 0.04632152588555858
1 0.05454545454545454 0.553133514986376 0.08 0.2997275204359673
1 0.028181818181818183 0.555858310626703 0.056363636363636366 0.2779291553133515
1 0.11818181818181818 0.5422343324250681 0.06181818181818182 0.22343324250681199
1 0.14363636363636365 0.547683923705722 0.06545454545454546 0.23978201634877383
1 0.17909090909090908 0.5367847411444141 0.06727272727272728 0.2506811989100817
1 0.22090909090909092 0.5286103542234333 0.056363636363636366 0.2125340599455041
1 0.2409090909090909 0.5231607629427792 0.05272727272727273 0.20163487738419617
1 0.2818181818181818 0.5217983651226158 0.05818181818181818 0.220708446866485
1 0.3236363636363636 0.5190735694822888 0.05090909090909091 0.19346049046321526
1 0.35454545454545455 0.5122615803814714 0.05454545454545454 0.20708446866485014
1 0.3881818181818182 0.5054495912806539 0.05272727272727273 0.19346049046321526
1 0.42363636363636364 0.5054495912806539 0.05090909090909091 0.19346049046321526
1 0.4490909090909091 0.4891008174386921 0.05090909090909091 0.19346049046321526
1 0.48363636363636364 0.49182561307901906 0.05090909090909091 0.19346049046321526
1 0.5018181818181818 0.48365122615803813 0.04727272727272727 0.17166212534059944
1 0.5454545454545454 0.4877384196185286 0.04727272727272727 0.17438692098092642
1 0.5863636363636363 0.4754768392370572 0.04181818181818182 0.16076294277929154
1 0.66 0.45640326975476836 0.03272727272727273 0.12806539509536785
1 0.9081818181818182 0.4019073569482289 0.03090909090909091 0.05722070844686648
1 0.8727272727272727 0.3991825613079019 0.03636363636363636 0.051771117166212535
1 0.8427272727272728 0.39509536784741145 0.023636363636363636 0.043596730245231606
1 0.8118181818181818 0.39373297002724794 0.06727272727272728 0.08446866485013624
1 0.7618181818181818 0.42234332425068116 0.03272727272727273 0.05449591280653951
