1 0.01582278481012658 0.6971014492753623 0.03164556962025316 0.17101449275362318
1 0.07278481012658228 0.6797101449275362 0.044303797468354424 0.14782608695652175
1 0.10654008438818564 0.717391304347826 0.056962025316455694 0.19420289855072465
1 0.18143459915611812 0.7594202898550725 0.07172995780590717 0.23768115942028986
1 0.22046413502109702 0.691304347826087 0.035864978902953586 0.11884057971014493
1 0.24261603375527424 0.6855072463768116 0.02953586497890295 0.10144927536231885
1 0.3143459915611814 0.6739130434782609 0.02953586497890295 0.10144927536231885
1 0.3322784810126582 0.6710144927536232 0.035864978902953586 0.11884057971014493
1 0.38080168776371304 0.6942028985507247 0.03164556962025316 0.1072463768115942
1 0.42721518987341767 0.6768115942028986 0.02742616033755274 0.10144927536231885
1 0.44409282700421937 0.6811594202898551 0.040084388185654005 0.14492753623188406
1 0.45780590717299574 0.6942028985507247 0.04219409282700422 0.14782608695652175
1 0.5527426160337552 0.682608695652174 0.02953586497890295 0.1072463768115942
1 0.6149789029535865 0.6884057971014493 0.03164556962025316 0.1072463768115942
1 0.7099156118143459 0.7260869565217392 0.06118143459915611 0.20579710144927538
1 0.740506329113924 0.6666666666666666 0.02109704641350211 0.07536231884057971
1 0.7679324894514767 0.6710144927536232 0.025316455696202528 0.09565217391304348
1 0.8291139240506329 0.6623188405797101 0.02953586497890295 0.1072463768115942
1 0.970464135021097 0.6420289855072464 0.025316455696202528 0.08405797101449275
1 0.9514767932489451 0.6478260869565218 0.02109704641350211 0.07246376811594203
1 0.8902953586497889 0.6521739130434783 0.025316455696202528 0.0927536231884058
1 0.8734177215189872 0.6492753623188405 0.025316455696202528 0.0927536231884058
1 0.6360759493670886 0.663768115942029 0.02320675105485232 0.08115942028985507
1 0.1561181434599156 0.6159420289855072 0.02953586497890295 0.03768115942028986
1 0.15400843881856538 0.6565217391304348 0.03375527426160337 0.0782608695652174
1 0.5263713080168776 0.6492753623188405 0.018987341772151896 0.0463768115942029
1 0.5253164556962024 0.6014492753623188 0.025316455696202528 0.06086956521739131
1 0.48734177215189867 0.6855072463768116 0.025316455696202528 0.1246376811594203
1 0.5021097046413502 0.6855072463768116 0.025316455696202528 0.13623188405797101
1 0.7995780590717299 0.6318840579710145 0.02109704641350211 0.0463768115942029
1 0.910337552742616 0.6275362318840579 0.02742616033755274 0.05507246376811594
1 0.9345991561181434 0.6275362318840579 0.02109704641350211 0.043478260869565216
1 0.9367088607594936 0.8289855072463769 0.12236286919831223 0.32463768115942027
1 0.7879746835443038 0.8173913043478261 0.19198312236286919 0.33043478260869563
1 0.08544303797468354 0.14057971014492754 0.12869198312236285 0.2811594202898551
1 0.22151898734177214 0.15942028985507248 0.1561181434599156 0.30144927536231886
