1 0.1445578231292517 0.5447368421052632 0.11564625850340135 0.43684210526315786
1 0.23384353741496597 0.5236842105263158 0.12414965986394558 0.47368421052631576
1 0.31632653061224486 0.5263157894736842 0.12244897959183673 0.4631578947368421
1 0.39625850340136054 0.5223684210526316 0.11904761904761904 0.4552631578947368
1 0.48639455782312924 0.5131578947368421 0.1326530612244898 0.5
1 0.5722789115646258 0.5171052631578947 0.1173469387755102 0.44473684210526315
1 0.6547619047619048 0.5105263157894737 0.11904761904761904 0.45789473684210524
1 0.7423469387755102 0.5039473684210526 0.11394557823129252 0.4394736842105263
1 0.8265306122448979 0.5092105263157894 0.12244897959183673 0.46578947368421053
1 0.9098639455782312 0.5013157894736842 0.1292517006802721 0.4921052631578947
1 0.1641156462585034 0.3289473684210526 0.028911564625850338 0.07894736842105263
1 0.358843537414966 0.31842105263157894 0.027210884353741496 0.06842105263157895
1 0.6020408163265306 0.32105263157894737 0.03401360544217687 0.07368421052631578
1 0.7712585034013605 0.3289473684210526 0.03231292517006803 0.07368421052631578
1 0.7933673469387755 0.3078947368421053 0.025510204081632654 0.06842105263157895
1 0.9489795918367346 0.325 0.023809523809523808 0.060526315789473685
1 0.988095238095238 0.325 0.023809523809523808 0.06578947368421052
