1 0.3325 0.8584905660377359 0.04 0.12578616352201258
1 0.47500000000000003 0.8569182389937108 0.05 0.15408805031446543
1 0.51125 0.8474842767295598 0.0475 0.14779874213836477
1 0.5275 0.8553459119496856 0.055 0.17610062893081763
1 0.5575 0.8537735849056605 0.05 0.16037735849056606
1 0.57375 0.8443396226415095 0.0575 0.18553459119496857
1 0.60875 0.8506289308176102 0.0525 0.16037735849056606
1 0.63375 0.8427672955974843 0.0625 0.18867924528301888
1 0.65625 0.8443396226415095 0.0525 0.1729559748427673
1 0.68 0.8427672955974843 0.065 0.20125786163522014
1 0.70375 0.8443396226415095 0.0525 0.16666666666666669
1 0.7425 0.8411949685534592 0.065 0.21069182389937108
1 0.76625 0.839622641509434 0.0625 0.1949685534591195
1 0.81625 0.8301886792452831 0.0725 0.22012578616352202
1 0.90125 0.8223270440251573 0.0725 0.22955974842767296
1 0.875 0.8443396226415095 0.045 0.14150943396226415
1 0.9425 0.8411949685534592 0.05 0.16037735849056606
1 0.86 0.8317610062893083 0.055 0.16666666666666669
1 0.7825 0.7814465408805031 0.03 0.05345911949685535
1 0.80125 0.8616352201257862 0.0525 0.13836477987421383
1 0.85875 0.7688679245283019 0.0425 0.07232704402515723
1 0.9712500000000001 0.7720125786163522 0.0525 0.16037735849056606
1 0.96875 0.8317610062893083 0.0525 0.18553459119496857
