1 0.012727272727272728 0.34823848238482386 0.025454545454545455 0.13279132791327913
1 0.035454545454545454 0.34823848238482386 0.038181818181818185 0.14363143631436315
1 0.05090909090909091 0.3780487804878049 0.02181818181818182 0.08401084010840108
1 0.060909090909090906 0.3089430894308943 0.03090909090909091 0.11924119241192412
1 0.1 0.38346883468834686 0.03272727272727273 0.12195121951219512
1 0.22 0.3780487804878049 0.02909090909090909 0.10569105691056911
1 0.29545454545454547 0.3970189701897019 0.023636363636363636 0.08943089430894309
1 0.3472727272727273 0.34146341463414637 0.03636363636363636 0.13550135501355012
1 0.3463636363636364 0.6707317073170732 0.04909090909090909 0.18157181571815717
1 0.3936363636363636 0.6531165311653117 0.06 0.2222222222222222
1 0.5181818181818182 0.518970189701897 0.04363636363636364 0.15989159891598917
1 0.5927272727272728 0.502710027100271 0.05090909090909091 0.19241192411924118
1 0.14181818181818182 0.3915989159891599 0.03636363636363636 0.051490514905149054
1 0.24181818181818182 0.3943089430894309 0.03272727272727273 0.08401084010840108
1 0.2636363636363636 0.37669376693766937 0.03636363636363636 0.07588075880758807
1 0.3372727272727273 0.3712737127371274 0.04181818181818182 0.10840108401084012
1 0.74 0.38482384823848237 0.05090909090909091 0.10298102981029811
1 0.7736363636363637 0.3780487804878049 0.034545454545454546 0.1002710027100271
1 0.7927272727272727 0.3970189701897019 0.05454545454545454 0.10569105691056911
1 0.7981818181818182 0.3428184281842818 0.03636363636363636 0.06775067750677506
