1 0.067 0.5798192771084337 0.114 0.4246987951807229
1 0.126 0.5903614457831325 0.116 0.427710843373494
1 0.177 0.572289156626506 0.114 0.42168674698795183
1 0.228 0.572289156626506 0.116 0.427710843373494
1 0.271 0.5617469879518072 0.11 0.4126506024096386
1 0.325 0.5768072289156627 0.11 0.4066265060240964
1 0.382 0.5647590361445783 0.128 0.4728915662650603
1 0.599 0.5602409638554218 0.122 0.45180722891566266
1 0.653 0.5662650602409639 0.106 0.391566265060241
1 0.6940000000000001 0.5617469879518072 0.116 0.4307228915662651
1 0.75 0.5542168674698795 0.12 0.43975903614457834
1 0.807 0.5587349397590362 0.11800000000000001 0.4307228915662651
1 0.848 0.5647590361445783 0.108 0.40060240963855426
1 0.896 0.5602409638554218 0.108 0.4036144578313253
1 0.9510000000000001 0.5632530120481928 0.098 0.42168674698795183
1 0.453 0.4066265060240964 0.098 0.1927710843373494
1 0.535 0.43222891566265065 0.078 0.20783132530120482
