1 0.953125 0.528125 0.059375000000000004 0.19791666666666666
1 0.90625 0.5260416666666666 0.05 0.16875
1 0.8601562500000001 0.51875 0.051562500000000004 0.17083333333333334
1 0.82734375 0.5208333333333334 0.045312500000000006 0.14583333333333334
1 0.7984375 0.5166666666666666 0.05 0.1625
1 0.48281250000000003 0.6072916666666667 0.10625000000000001 0.34375
1 0.0578125 0.5427083333333333 0.046875 0.16041666666666665
1 0.0328125 0.5364583333333334 0.046875 0.16041666666666665
1 0.08203125 0.5395833333333333 0.051562500000000004 0.16666666666666666
1 0.1015625 0.525 0.043750000000000004 0.15
1 0.11406250000000001 0.525 0.040625 0.13333333333333333
1 0.13046875 0.5270833333333333 0.0390625 0.125
1 0.16796875 0.490625 0.026562500000000003 0.09375
1 0.76484375 0.5145833333333333 0.045312500000000006 0.15
1 0.784375 0.496875 0.034375 0.11458333333333333
1 0.7390625000000001 0.5083333333333333 0.040625 0.13333333333333333
1 0.7046875 0.50625 0.037500000000000006 0.125
1 0.6687500000000001 0.5104166666666666 0.037500000000000006 0.125
1 0.6468750000000001 0.5020833333333333 0.040625 0.13333333333333333
1 0.61640625 0.4979166666666667 0.0328125 0.10833333333333334
1 0.5984375000000001 0.5010416666666666 0.034375 0.11041666666666666
1 0.57734375 0.5020833333333333 0.029687500000000002 0.1
1 0.56796875 0.5 0.029687500000000002 0.09583333333333333
1 0.54609375 0.4979166666666667 0.026562500000000003 0.09166666666666666
1 0.53125 0.4947916666666667 0.028125 0.09791666666666667
1 0.5171875 0.496875 0.028125 0.09375
1 0.49609375 0.49583333333333335 0.0234375 0.07916666666666666
1 0.4390625 0.4927083333333333 0.028125 0.09375
1 0.42265625 0.490625 0.0203125 0.06458333333333333
1 0.40937500000000004 0.4927083333333333 0.021875000000000002 0.07291666666666667
1 0.38828125 0.4822916666666667 0.0203125 0.07291666666666667
1 0.38046875 0.48541666666666666 0.0171875 0.0625
1 0.36953125000000003 0.4864583333333333 0.0140625 0.04375
1 0.35703125 0.4875 0.0171875 0.0625
1 0.33984375 0.49583333333333335 0.0234375 0.075
1 0.2984375 0.4927083333333333 0.025 0.08125
1 0.2671875 0.4947916666666667 0.028125 0.08958333333333333
1 0.22265625 0.49583333333333335 0.0234375 0.075
1 0.0390625 0.5989583333333334 0.06875 0.16041666666666665
