1 0.9233333333333333 0.57125 0.07333333333333333 0.2775
1 0.9725 0.57375 0.055 0.3175
1 0.8283333333333334 0.59 0.09333333333333334 0.34500000000000003
1 0.8775000000000001 0.555 0.07500000000000001 0.28
1 0.7516666666666667 0.5475 0.060000000000000005 0.225
1 0.7291666666666667 0.54125 0.058333333333333334 0.2175
1 0.6933333333333334 0.54 0.05666666666666667 0.215
1 0.6583333333333333 0.53 0.05666666666666667 0.21
1 0.6216666666666667 0.52375 0.05 0.1825
1 0.5808333333333334 0.525 0.04833333333333334 0.17500000000000002
1 0.55 0.54125 0.05666666666666667 0.2125
1 0.49333333333333335 0.51125 0.04 0.1525
1 0.465 0.52875 0.04666666666666667 0.1775
1 0.4391666666666667 0.52125 0.03166666666666667 0.1225
1 0.42333333333333334 0.505 0.03333333333333333 0.13
1 0.395 0.515 0.043333333333333335 0.16
1 0.32333333333333336 0.51875 0.03666666666666667 0.1375
1 0.3125 0.49875 0.028333333333333335 0.1125
1 0.2725 0.5025000000000001 0.028333333333333335 0.11
1 0.28500000000000003 0.49375 0.030000000000000002 0.11750000000000001
1 0.12916666666666668 0.505 0.025 0.1
1 0.2225 0.50375 0.03166666666666667 0.1225
1 0.050833333333333335 0.51 0.03166666666666667 0.115
1 0.0425 0.515 0.028333333333333335 0.11
1 0.01 0.495 0.02 0.085
1 0.77 0.5325 0.04666666666666667 0.17500000000000002
1 0.48750000000000004 0.34 0.018333333333333333 0.065
1 0.7941666666666667 0.31625000000000003 0.018333333333333333 0.0725
