1 0.10250000000000001 0.749534450651769 0.20500000000000002 0.3780260707635009
1 0.225 0.7048417132216015 0.20500000000000002 0.3743016759776536
1 0.3775 0.7067039106145251 0.17500000000000002 0.3221601489757914
1 0.50875 0.7681564245810056 0.10250000000000001 0.18808193668528864
1 0.68625 0.7932960893854748 0.2025 0.37243947858473
1 0.6012500000000001 0.6219739292364991 0.1575 0.29050279329608936
1 0.45625 0.5800744878957169 0.1675 0.30353817504655495
1 0.7575000000000001 0.6582867783985102 0.185 0.3407821229050279
1 0.8575 0.5297951582867784 0.17 0.31098696461824954
1 0.92 0.7746741154562383 0.16 0.32774674115456237
1 0.95125 0.8472998137802606 0.0975 0.29050279329608936
1 0.6587500000000001 0.5279329608938548 0.1375 0.25512104283054005
1 0.53125 0.4106145251396648 0.11750000000000001 0.21415270018621974
1 0.13875 0.4143389199255121 0.10250000000000001 0.18808193668528864
1 0.22 0.44599627560521415 0.105 0.19180633147113593
1 0.305 0.5 0.145 0.26256983240223464
1 0.62125 0.45344506517690875 0.11750000000000001 0.21415270018621974
1 0.93 0.5726256983240223 0.14 0.15456238361266295
1 0.04625 0.388268156424581 0.08750000000000001 0.09124767225325885
1 0.24 0.34264432029795155 0.045 0.08193668528864059
1 0.305 0.34450651769087526 0.06 0.0670391061452514
1 0.3825 0.3985102420856611 0.095 0.1005586592178771
1 0.4025 0.3361266294227188 0.065 0.05027932960893855
1 0.46375 0.34916201117318435 0.0475 0.061452513966480445
1 0.6425 0.34264432029795155 0.08 0.07076350093109869
1 0.72875 0.3538175046554935 0.0625 0.0670391061452514
1 0.7312500000000001 0.4273743016759777 0.0975 0.12104283054003724
1 0.82625 0.35288640595903165 0.14250000000000002 0.09497206703910614
