1 0.15390625 0.38796296296296295 0.06927083333333334 0.3037037037037037
1 0.20026041666666666 0.3699074074074074 0.0515625 0.225
1 0.23567708333333334 0.35555555555555557 0.0453125 0.1962962962962963
1 0.25286458333333334 0.3476851851851852 0.03802083333333333 0.16574074074074074
1 0.32916666666666666 0.3962962962962963 0.06354166666666666 0.2777777777777778
1 0.4395833333333333 0.3574074074074074 0.041666666666666664 0.18333333333333335
1 0.46432291666666664 0.37222222222222223 0.050520833333333334 0.21851851851851853
1 0.47812499999999997 0.3962962962962963 0.06145833333333333 0.26666666666666666
1 0.5234375 0.34953703703703703 0.036458333333333336 0.16018518518518518
1 0.5479166666666666 0.36388888888888893 0.040625 0.17962962962962964
1 0.5802083333333333 0.37962962962962965 0.04895833333333333 0.21481481481481482
1 0.60390625 0.41064814814814815 0.08177083333333333 0.35462962962962963
1 0.6270833333333333 0.3944444444444445 0.065625 0.2851851851851852
1 0.6776041666666667 0.38287037037037036 0.046875 0.2064814814814815
1 0.69453125 0.35833333333333334 0.033854166666666664 0.15
1 0.71875 0.3675925925925926 0.036458333333333336 0.16111111111111112
1 0.7419270833333333 0.3550925925925926 0.025520833333333333 0.11388888888888889
1 0.7606770833333333 0.39814814814814814 0.05572916666666666 0.2425925925925926
1 0.7927083333333333 0.3893518518518519 0.041666666666666664 0.1824074074074074
1 0.9005208333333333 0.4083333333333333 0.057291666666666664 0.25
1 0.8692708333333333 0.35555555555555557 0.028125 0.12222222222222223
1 0.8510416666666667 0.3550925925925926 0.022916666666666665 0.10092592592592593
1 0.8278645833333333 0.3592592592592593 0.021354166666666667 0.09444444444444444
1 0.7494791666666667 0.3523148148148148 0.028125 0.1212962962962963
1 0.34270833333333334 0.2865740740740741 0.010416666666666666 0.04351851851851852
1 0.3520833333333333 0.2884259259259259 0.010416666666666666 0.03981481481481482
1 0.21562499999999998 0.2865740740740741 0.01875 0.04722222222222222
