1 0.9184615384615384 0.653 0.09230769230769231 0.294
1 0.9 0.66 0.10153846153846154 0.324
1 0.8576923076923076 0.648 0.07230769230769231 0.23600000000000002
1 0.76 0.658 0.09846153846153846 0.316
1 0.7084615384615385 0.634 0.06 0.192
1 0.6815384615384615 0.645 0.06153846153846154 0.202
1 0.6215384615384615 0.639 0.06153846153846154 0.194
1 0.5676923076923077 0.647 0.06461538461538462 0.21
1 0.5876923076923077 0.628 0.05846153846153846 0.184
1 0.5053846153846154 0.659 0.07846153846153846 0.254
1 0.43153846153846154 0.642 0.07846153846153846 0.248
1 0.4 0.639 0.06153846153846154 0.202
1 0.37384615384615383 0.621 0.06461538461538462 0.20600000000000002
1 0.34076923076923077 0.612 0.03538461538461538 0.116
1 0.23615384615384616 0.615 0.04461538461538461 0.14200000000000002
1 0.21076923076923076 0.612 0.04 0.128
1 0.29923076923076924 0.606 0.03538461538461538 0.112
1 0.3223076923076923 0.609 0.03538461538461538 0.11800000000000001
1 0.4746153846153846 0.631 0.06 0.194
1 0.5515384615384615 0.625 0.06 0.19
1 0.16 0.612 0.033846153846153845 0.112
1 0.14846153846153845 0.607 0.03230769230769231 0.106
1 0.11923076923076924 0.603 0.02923076923076923 0.098
1 0.10461538461538461 0.603 0.033846153846153845 0.106
1 0.09076923076923077 0.602 0.027692307692307693 0.088
1 0.07615384615384616 0.603 0.026153846153846153 0.09
1 0.05846153846153846 0.602 0.021538461538461538 0.07200000000000001
1 0.1723076923076923 0.606 0.03692307692307692 0.116
1 0.1946153846153846 0.607 0.03538461538461538 0.11800000000000001
1 0.27692307692307694 0.607 0.03692307692307692 0.11800000000000001
1 0.26 0.608 0.027692307692307693 0.092
1 0.5169230769230769 0.555 0.027692307692307693 0.042
