1 0.04453125 0.5695876288659794 0.0890625 0.5051546391752577
1 0.240625 0.6391752577319587 0.18125000000000002 0.7216494845360825
1 0.38984375000000004 0.6108247422680412 0.18281250000000002 0.7422680412371134
1 0.037500000000000006 0.20618556701030927 0.07187500000000001 0.28865979381443296
1 0.1046875 0.27963917525773196 0.08125 0.327319587628866
1 0.13671875 0.2615979381443299 0.07968750000000001 0.327319587628866
1 0.5015625 0.3917525773195876 0.09375 0.3865979381443299
1 0.58828125 0.5528350515463918 0.1296875 0.5231958762886598
1 0.92890625 0.5695876288659794 0.1421875 0.5876288659793815
1 0.7664062500000001 0.3118556701030928 0.07968750000000001 0.31958762886597936
1 0.69296875 0.28865979381443296 0.0890625 0.36597938144329895
1 0.90546875 0.3337628865979381 0.0890625 0.3634020618556701
1 0.86875 0.17396907216494845 0.05 0.2036082474226804
1 0.7992187500000001 0.16752577319587628 0.0421875 0.17525773195876287
1 0.4390625 0.20489690721649484 0.059375000000000004 0.23969072164948454
1 0.403125 0.2074742268041237 0.053125000000000006 0.2190721649484536
1 0.30234375 0.14561855670103094 0.0484375 0.19329896907216496
1 0.32343750000000004 0.11984536082474227 0.03125 0.13144329896907217
1 0.26406250000000003 0.12371134020618557 0.043750000000000004 0.18041237113402062
1 0.46328125000000003 0.2190721649484536 0.0671875 0.27835051546391754
1 0.5398437500000001 0.23969072164948454 0.060937500000000006 0.24742268041237114
1 0.37421875000000004 0.12886597938144329 0.045312500000000006 0.18556701030927836
