1 0.08333333333333333 0.6484375 0.16666666666666666 0.690625
1 0.14270833333333333 0.628125 0.16458333333333333 0.6000000000000001
1 0.21354166666666666 0.6015625 0.13125 0.484375
1 0.24479166666666666 0.58125 0.09375 0.35000000000000003
1 0.328125 0.5796875 0.15208333333333332 0.5593750000000001
1 0.4979166666666667 0.6671875 0.17083333333333334 0.634375
1 0.5635416666666666 0.6015625 0.12291666666666666 0.453125
1 0.6197916666666666 0.603125 0.11458333333333333 0.43125
1 0.7895833333333333 0.5625 0.1375 0.5125000000000001
1 0.8614583333333333 0.571875 0.11041666666666666 0.41250000000000003
1 0.9208333333333333 0.609375 0.15833333333333333 0.6062500000000001
1 0.9395833333333333 0.6328125 0.12083333333333333 0.7156250000000001
