1 0.014583333333333334 0.9070631970260222 0.029166666666666667 0.16356877323420074
1 0.1 0.8382899628252788 0.07083333333333333 0.30855018587360594
1 0.2 0.8252788104089219 0.07083333333333333 0.31970260223048325
1 0.378125 0.8308550185873605 0.07291666666666667 0.3159851301115241
1 0.6333333333333333 0.7955390334572491 0.041666666666666664 0.1933085501858736
1 0.7447916666666666 0.7732342007434944 0.03125 0.14126394052044608
1 0.7916666666666666 0.7973977695167286 0.041666666666666664 0.1821561338289963
1 0.8260416666666667 0.8308550185873605 0.05625 0.241635687732342
1 0.9510416666666667 0.7100371747211895 0.014583333333333334 0.06691449814126393
1 0.5083333333333333 0.25092936802973975 0.04583333333333333 0.21189591078066913
1 0.553125 0.26765799256505574 0.052083333333333336 0.26022304832713755
