1 0.06818181818181818 0.6182432432432433 0.13636363636363635 0.6351351351351352
1 0.09090909090909091 0.5861486486486487 0.15454545454545454 0.5709459459459459
1 0.1625 0.6114864864864865 0.1568181818181818 0.5675675675675675
1 0.2284090909090909 0.6013513513513514 0.1568181818181818 0.5810810810810811
1 0.2954545454545454 0.5912162162162162 0.13636363636363635 0.5067567567567568
1 0.36022727272727273 0.6114864864864865 0.13863636363636364 0.5135135135135136
1 0.4204545454545454 0.5962837837837838 0.15454545454545454 0.5574324324324325
1 0.49431818181818177 0.6266891891891893 0.1340909090909091 0.4831081081081081
1 0.5352272727272727 0.668918918918919 0.125 0.45270270270270274
1 0.5693181818181818 0.6081081081081081 0.1431818181818182 0.5270270270270271
1 0.6465909090909091 0.5827702702702703 0.15227272727272725 0.5574324324324325
1 0.7124999999999999 0.5844594594594595 0.1431818181818182 0.5270270270270271
1 0.7443181818181818 0.6165540540540541 0.13863636363636364 0.5033783783783784
1 0.7806818181818181 0.5861486486486487 0.1340909090909091 0.4898648648648649
1 0.8613636363636363 0.6351351351351352 0.14545454545454545 0.5337837837837838
1 0.9261363636363636 0.5895270270270271 0.1477272727272727 0.5574324324324325
1 0.3215909090909091 0.3361486486486487 0.038636363636363635 0.08445945945945946
1 0.4534090909090909 0.3597972972972973 0.03409090909090909 0.09121621621621623
1 0.48068181818181815 0.3445945945945946 0.04772727272727272 0.0945945945945946
1 0.5318181818181817 0.36655405405405406 0.049999999999999996 0.07770270270270271
1 0.5943181818181817 0.35135135135135137 0.05227272727272727 0.08108108108108109
