1 0.035 0.6387900355871886 0.054 0.2384341637010676
1 0.105 0.5960854092526691 0.138 0.6014234875444839
1 0.22 0.5836298932384342 0.16 0.697508896797153
1 0.319 0.6120996441281138 0.098 0.43416370106761565
1 0.363 0.6459074733096085 0.062 0.28113879003558717
1 0.462 0.594306049822064 0.176 0.7615658362989324
1 0.518 0.6067615658362989 0.148 0.6512455516014235
1 0.603 0.6423487544483986 0.07 0.30249110320284694
1 0.653 0.6174377224199288 0.114 0.5017793594306049
1 0.705 0.6103202846975089 0.166 0.7295373665480427
1 0.771 0.6281138790035586 0.114 0.5017793594306049
1 0.862 0.6334519572953736 0.076 0.3416370106761566
1 0.9500000000000001 0.6263345195729537 0.1 0.44128113879003555
1 0.97 0.6423487544483986 0.06 0.41637010676156583
