1 0.2876923076923077 0.625866050808314 0.033846153846153845 0.12471131639722864
1 0.3 0.625866050808314 0.03076923076923077 0.12009237875288684
1 0.3223076923076923 0.6270207852193995 0.03230769230769231 0.11778290993071594
1 0.3353846153846154 0.6224018475750577 0.03076923076923077 0.11778290993071594
1 0.3553846153846154 0.6224018475750577 0.033846153846153845 0.12240184757505773
1 0.3669230769230769 0.6212471131639723 0.03230769230769231 0.12009237875288684
1 0.39 0.6212471131639723 0.03538461538461538 0.12933025404157045
1 0.4207692307692308 0.6212471131639723 0.03230769230769231 0.12471131639722864
1 0.4430769230769231 0.6200923787528868 0.03076923076923077 0.11316397228637413
1 0.4546153846153846 0.6200923787528868 0.03230769230769231 0.12702078521939952
1 0.4876923076923077 0.6143187066974596 0.033846153846153845 0.12933025404157045
1 0.5223076923076924 0.6154734411085451 0.03538461538461538 0.13163972286374134
1 0.5607692307692308 0.6189376443418014 0.03538461538461538 0.13394919168591224
1 0.6 0.6143187066974596 0.03076923076923077 0.12009237875288684
1 0.6338461538461538 0.6073903002309469 0.04 0.14780600461893764
1 0.6130769230769231 0.7482678983833718 0.05076923076923077 0.09699769053117782
1 0.5292307692307693 0.74364896073903 0.055384615384615386 0.08775981524249422
1 0.43538461538461537 0.7378752886836027 0.052307692307692305 0.09468822170900693
1 0.7907692307692308 0.7863741339491916 0.043076923076923075 0.12240184757505773
1 0.8253846153846154 0.8025404157043879 0.04153846153846154 0.13163972286374134
1 0.8676923076923077 0.7494226327944573 0.03692307692307692 0.053117782909930716
1 0.8661538461538462 0.7979214780600462 0.046153846153846156 0.08545034642032333
1 0.2 0.7886836027713626 0.03692307692307692 0.10392609699769052
1 0.17307692307692307 0.7967667436489607 0.03538461538461538 0.08775981524249422
1 0.13384615384615384 0.7990762124711316 0.03692307692307692 0.07852193995381063
1 0.10923076923076923 0.7713625866050808 0.027692307692307693 0.05542725173210161
1 0.08384615384615385 0.7852193995381063 0.02 0.06004618937644342
1 0.06923076923076923 0.8314087759815242 0.04 0.07390300230946882
1 0.04846153846153846 0.7967667436489607 0.02923076923076923 0.05542725173210161
1 0.026923076923076925 0.7551963048498845 0.03230769230769231 0.06004618937644342
1 0.012307692307692308 0.8625866050808314 0.024615384615384615 0.07621247113163972
