1 0.089 0.6261261261261262 0.114 0.4174174174174174
1 0.051000000000000004 0.5495495495495496 0.062 0.22822822822822822
1 0.12 0.45345345345345345 0.068 0.25825825825825827
1 0.145 0.5570570570570571 0.074 0.2732732732732733
1 0.23900000000000002 0.5930930930930931 0.098 0.36336336336336333
1 0.302 0.5375375375375375 0.068 0.24624624624624625
1 0.389 0.5555555555555556 0.082 0.3003003003003003
1 0.424 0.6201201201201201 0.136 0.5015015015015015
1 0.511 0.524024024024024 0.074 0.2732732732732733
1 0.612 0.575075075075075 0.096 0.35735735735735735
1 0.809 0.6531531531531531 0.186 0.6876876876876877
1 0.9380000000000001 0.6021021021021021 0.124 0.5195195195195195
1 0.6990000000000001 0.4984984984984985 0.046 0.16816816816816815
1 0.667 0.512012012012012 0.046 0.17717717717717718
1 0.746 0.56006006006006 0.08 0.3033033033033033
1 0.169 0.4804804804804805 0.074 0.27627627627627627
1 0.043000000000000003 0.48648648648648646 0.082 0.3003003003003003
