1 0.865 0.4375 0.0425 0.105
1 0.9087500000000001 0.433125 0.045 0.11125
1 0.755625 0.43062500000000004 0.03625 0.09125
1 0.680625 0.42875 0.03875 0.095
1 0.719375 0.43 0.03625 0.08750000000000001
1 0.595 0.41625 0.03 0.0725
1 0.57125 0.42562500000000003 0.0275 0.06875
1 0.9550000000000001 0.906875 0.015 0.04125
1 0.0425 0.900625 0.045 0.11375
1 0.12375 0.914375 0.0525 0.13125
1 0.17 0.911875 0.0475 0.11875000000000001
1 0.28500000000000003 0.91625 0.0575 0.14250000000000002
1 0.341875 0.916875 0.05375 0.13125
1 0.381875 0.913125 0.06125 0.14875
1 0.56 0.92 0.0475 0.115
1 0.744375 0.901875 0.01875 0.04625
1 0.20500000000000002 0.93375 0.035 0.0725
