1 0.20557598039215685 0.5836956521739131 0.0778186274509804 0.33804347826086956
1 0.3086703431372549 0.5934782608695652 0.06893382352941177 0.29782608695652174
1 0.43596813725490197 0.5809782608695653 0.06801470588235294 0.2956521739130435
1 0.5395220588235294 0.5926630434782609 0.06862745098039216 0.29728260869565215
1 0.5828737745098039 0.5304347826086957 0.033394607843137254 0.14565217391304347
1 0.6087622549019608 0.5157608695652174 0.03553921568627451 0.1532608695652174
1 0.6355698529411765 0.5774456521739131 0.06893382352941177 0.29945652173913045
1 0.733609068627451 0.575 0.08118872549019608 0.35108695652173916
1 0.7723651960784313 0.5709239130434782 0.08946078431372549 0.3875
1 0.9494485294117647 0.6116847826086956 0.10110294117647059 0.49293478260869567
1 0.25765931372549017 0.5296195652173913 0.037377450980392156 0.16358695652173913
