1 0.11796875000000001 0.6990632318501171 0.1015625 0.37236533957845436
1 0.1859375 0.689695550351288 0.1 0.37236533957845436
1 0.23984375000000002 0.7283372365339579 0.07968750000000001 0.29508196721311475
1 0.2921875 0.724824355971897 0.084375 0.3114754098360656
1 0.3484375 0.6920374707259953 0.09375 0.3442622950819672
1 0.39609375 0.7060889929742389 0.0890625 0.3255269320843091
1 0.47500000000000003 0.7435597189695551 0.07500000000000001 0.2786885245901639
1 0.44921875 0.689695550351288 0.09843750000000001 0.3583138173302108
1 0.52265625 0.6873536299765808 0.0921875 0.33489461358313816
1 0.57734375 0.724824355971897 0.0765625 0.28805620608899296
1 0.6328125 0.6920374707259953 0.08750000000000001 0.3255269320843091
1 0.6796875 0.7189695550351288 0.07500000000000001 0.2810304449648712
1 0.71015625 0.7072599531615925 0.07968750000000001 0.29508196721311475
1 0.7703125000000001 0.6932084309133489 0.08750000000000001 0.3185011709601874
1 0.83515625 0.7096018735362998 0.0921875 0.3372365339578454
1 0.8953125000000001 0.7236533957845434 0.084375 0.31381733021077285
1 0.7578125 0.6100702576112412 0.096875 0.3583138173302108
1 0.7093750000000001 0.6323185011709602 0.09062500000000001 0.3325526932084309
1 0.596875 0.6498829039812646 0.08750000000000001 0.32084309133489464
1 0.5625 0.5913348946135831 0.08125 0.30210772833723654
1 0.49765625 0.5971896955503513 0.07968750000000001 0.2903981264637002
1 0.29453125 0.6217798594847775 0.0921875 0.33489461358313816
1 0.34609375000000003 0.6334894613583139 0.08281250000000001 0.30679156908665106
1 0.2484375 0.6147540983606558 0.08750000000000001 0.32084309133489464
1 0.203125 0.6053864168618267 0.09062500000000001 0.33021077283372363
1 0.35781250000000003 0.45784543325526933 0.034375 0.07259953161592506
1 0.4 0.4672131147540984 0.028125 0.053864168618266976
1 0.38593750000000004 0.5140515222482436 0.037500000000000006 0.053864168618266976
1 0.43125 0.49882903981264637 0.034375 0.08899297423887588
1 0.4609375 0.46604215456674475 0.037500000000000006 0.09367681498829039
1 0.6265625 0.4918032786885246 0.040625 0.09367681498829039
1 0.6570312500000001 0.46252927400468385 0.0328125 0.06323185011709602
1 0.6671875 0.5398126463700235 0.034375 0.07259953161592506
1 0.72421875 0.4496487119437939 0.0390625 0.10772833723653395
