1 0.08 0.8125 0.09333333333333334 0.3214285714285714
1 0.16833333333333333 0.7611607142857142 0.09000000000000001 0.29910714285714285
1 0.12166666666666667 0.8169642857142857 0.11 0.3571428571428571
1 0.26166666666666666 0.7544642857142857 0.06333333333333334 0.2232142857142857
1 0.30000000000000004 0.7790178571428571 0.08666666666666667 0.28125
1 0.35833333333333334 0.78125 0.12333333333333334 0.4196428571428571
1 0.5433333333333333 0.765625 0.13333333333333333 0.4508928571428571
1 0.6616666666666667 0.8013392857142857 0.11666666666666667 0.3794642857142857
1 0.8150000000000001 0.8080357142857142 0.11 0.36607142857142855
1 0.9283333333333333 0.8415178571428571 0.07 0.24553571428571427
