1 0.053 0.5924932975871314 0.106 0.3699731903485255
1 0.135 0.5898123324396783 0.122 0.40214477211796246
1 0.216 0.6099195710455764 0.12 0.39946380697050937
1 0.28500000000000003 0.6126005361930295 0.134 0.43699731903485256
1 0.381 0.6085790884718498 0.134 0.4450402144772118
1 0.441 0.6179624664879356 0.146 0.48525469168900803
1 0.525 0.6353887399463807 0.15 0.49865951742627346
1 0.635 0.6474530831099196 0.154 0.5067024128686327
1 0.708 0.6943699731903485 0.168 0.546916890080429
1 0.8250000000000001 0.6943699731903485 0.182 0.5951742627345845
1 0.928 0.7117962466487936 0.14400000000000002 0.5603217158176944
