1 0.07 0.7344444444444445 0.030000000000000002 0.09555555555555556
1 0.010833333333333334 0.7355555555555555 0.021666666666666667 0.10666666666666666
1 0.09083333333333334 0.7277777777777777 0.03166666666666667 0.10888888888888888
1 0.11 0.75 0.05 0.16666666666666666
1 0.20333333333333334 0.76 0.060000000000000005 0.19555555555555557
1 0.24000000000000002 0.7466666666666667 0.04666666666666667 0.16
1 0.2775 0.7666666666666667 0.06833333333333334 0.22666666666666666
1 0.3716666666666667 0.7455555555555555 0.05666666666666667 0.18444444444444444
1 0.3975 0.77 0.08833333333333333 0.2866666666666667
1 0.5 0.7422222222222222 0.07 0.22666666666666666
1 0.5233333333333333 0.7266666666666667 0.043333333333333335 0.14666666666666667
1 0.41833333333333333 0.7033333333333334 0.01 0.03333333333333333
1 0.3216666666666667 0.7 0.016666666666666666 0.057777777777777775
1 0.35250000000000004 0.7222222222222222 0.025 0.08444444444444445
1 0.5975 0.7711111111111111 0.11166666666666668 0.36444444444444446
1 0.66 0.7566666666666667 0.08333333333333334 0.2688888888888889
1 0.5566666666666668 0.7366666666666667 0.05 0.16666666666666666
1 0.685 0.7177777777777777 0.043333333333333335 0.14666666666666667
1 0.7375 0.7411111111111112 0.06166666666666667 0.20222222222222222
1 0.6258333333333334 0.7122222222222222 0.018333333333333333 0.06444444444444444
1 0.8516666666666667 0.6677777777777778 0.006666666666666667 0.028888888888888888
1 0.7833333333333334 0.7122222222222222 0.043333333333333335 0.14
1 0.765 0.7255555555555555 0.05 0.16666666666666666
1 0.009166666666666667 0.7433333333333333 0.015000000000000001 0.08666666666666667
1 0.02416666666666667 0.7444444444444445 0.018333333333333333 0.09333333333333334
1 0.0475 0.7455555555555555 0.03166666666666667 0.08222222222222222
1 0.04916666666666667 0.6922222222222222 0.018333333333333333 0.024444444444444446
1 0.14083333333333334 0.7466666666666667 0.028333333333333335 0.08
1 0.16666666666666669 0.7455555555555555 0.023333333333333334 0.08666666666666667
1 0.9775 0.7166666666666667 0.03833333333333334 0.11777777777777777
1 0.9341666666666667 0.7144444444444444 0.035 0.11333333333333333
1 0.9025000000000001 0.7155555555555555 0.028333333333333335 0.1111111111111111
1 0.8758333333333334 0.7133333333333334 0.025 0.1111111111111111
1 0.8441666666666667 0.7155555555555555 0.025 0.08888888888888889
1 0.8216666666666668 0.7177777777777777 0.023333333333333334 0.08444444444444445
