1 0.240234375 0.486328125 0.103515625 0.3372395833333333
1 0.3544921875 0.47916666666666663 0.083984375 0.27604166666666663
1 0.55078125 0.49088541666666663 0.12109375 0.3984375
1 0.65625 0.42578125 0.080078125 0.2630208333333333
1 0.73974609375 0.48111979166666663 0.0791015625 0.2591145833333333
1 0.845703125 0.4407552083333333 0.083984375 0.27213541666666663
1 0.97900390625 0.3919270833333333 0.0419921875 0.25260416666666663
1 0.9560546875 0.39322916666666663 0.072265625 0.23958333333333331
1 0.89404296875 0.3977864583333333 0.0654296875 0.21484375
1 0.9697265625 0.38346354166666663 0.060546875 0.23567708333333331
1 0.93798828125 0.390625 0.0712890625 0.23177083333333331
1 0.84033203125 0.3828125 0.0673828125 0.21875
1 0.78759765625 0.390625 0.0595703125 0.19791666666666666
1 0.74072265625 0.38151041666666663 0.0595703125 0.19270833333333331
1 0.7119140625 0.38346354166666663 0.0625 0.20442708333333331
1 0.630859375 0.38932291666666663 0.060546875 0.20052083333333331
1 0.580078125 0.3216145833333333 0.013671875 0.04427083333333333
1 0.685546875 0.384765625 0.0546875 0.17838541666666666
1 0.82080078125 0.36588541666666663 0.0693359375 0.22916666666666666
1 0.69091796875 0.3684895833333333 0.0595703125 0.19791666666666666
1 0.51513671875 0.3821614583333333 0.0458984375 0.14973958333333331
1 0.48779296875 0.3802083333333333 0.0439453125 0.14583333333333331
1 0.50634765625 0.3606770833333333 0.0400390625 0.1328125
1 0.45166015625 0.37369791666666663 0.0439453125 0.14583333333333331
1 0.48486328125 0.369140625 0.0498046875 0.16276041666666666
1 0.5546875 0.38541666666666663 0.0546875 0.1796875
1 0.470703125 0.3684895833333333 0.048828125 0.15885416666666666
1 0.4345703125 0.3782552083333333 0.0390625 0.13151041666666666
1 0.41162109375 0.35221354166666663 0.0283203125 0.09244791666666666
1 0.3876953125 0.3509114583333333 0.025390625 0.08203125
1 0.36474609375 0.3450520833333333 0.0205078125 0.0703125
1 0.34716796875 0.37760416666666663 0.0419921875 0.13541666666666666
1 0.328125 0.373046875 0.0390625 0.12890625
1 0.31640625 0.37369791666666663 0.037109375 0.12239583333333333
1 0.2919921875 0.3743489583333333 0.037109375 0.12109375
1 0.27734375 0.34765625 0.017578125 0.05989583333333333
1 0.2666015625 0.33984375 0.013671875 0.049479166666666664
1 0.2119140625 0.36002604166666663 0.04296875 0.14453125
1 0.1455078125 0.36979166666666663 0.033203125 0.10677083333333333
1 0.16357421875 0.37369791666666663 0.0322265625 0.10677083333333333
1 0.17724609375 0.37174479166666663 0.0341796875 0.11328125
1 0.1318359375 0.36979166666666663 0.033203125 0.10677083333333333
1 0.09814453125 0.40234375 0.0517578125 0.16927083333333331
1 0.04296875 0.3997395833333333 0.0546875 0.18229166666666666
1 0.07958984375 0.39908854166666663 0.0498046875 0.16276041666666666
1 0.0634765625 0.3899739583333333 0.052734375 0.17317708333333331
1 0.025390625 0.3958333333333333 0.05078125 0.17447916666666666
1 0.01806640625 0.396484375 0.0361328125 0.17057291666666666
1 0.22119140625 0.3704427083333333 0.0380859375 0.12369791666666666
1 0.96337890625 0.2578125 0.0205078125 0.020833333333333332
1 0.98974609375 0.26627604166666663 0.0087890625 0.037760416666666664
1 0.90869140625 0.28125 0.0166015625 0.0390625
1 0.9248046875 0.2688802083333333 0.017578125 0.029947916666666664
1 0.88671875 0.271484375 0.0234375 0.03255208333333333
1 0.85302734375 0.271484375 0.0185546875 0.03515625
1 0.8701171875 0.3079427083333333 0.017578125 0.03515625
1 0.75 0.2890625 0.017578125 0.03645833333333333
1 0.65625 0.2805989583333333 0.01953125 0.029947916666666664
1 0.58544921875 0.28515625 0.0166015625 0.026041666666666664
1 0.60546875 0.3359375 0.017578125 0.03125
1 0.724609375 0.2942708333333333 0.013671875 0.03125
1 0.76953125 0.3040364583333333 0.013671875 0.037760416666666664
1 0.60986328125 0.29752604166666663 0.0166015625 0.03515625
1 0.30712890625 0.306640625 0.0126953125 0.016927083333333332
1 0.3193359375 0.2962239583333333 0.013671875 0.02734375
1 0.40087890625 0.314453125 0.0146484375 0.024739583333333332
1 0.47998046875 0.2766927083333333 0.0146484375 0.022135416666666664
1 0.4208984375 0.302734375 0.009765625 0.022135416666666664
1 0.43212890625 0.298828125 0.0126953125 0.024739583333333332
