1 0.023706896551724137 0.5282131661442006 0.04741379310344827 0.30407523510971785
1 0.03807471264367816 0.5329153605015674 0.05028735632183908 0.2695924764890282
1 0.07040229885057471 0.5329153605015674 0.048850574712643674 0.2695924764890282
1 0.11925287356321838 0.5846394984326019 0.07471264367816091 0.39811912225705326
1 0.3189655172413793 0.5752351097178683 0.06321839080459771 0.335423197492163
1 0.11350574712643678 0.5156739811912225 0.05747126436781609 0.30407523510971785
1 0.20833333333333334 0.512539184952978 0.048850574712643674 0.2664576802507837
1 0.1896551724137931 0.46551724137931033 0.04597701149425287 0.25391849529780564
1 0.2693965517241379 0.5094043887147335 0.04741379310344827 0.25391849529780564
1 0.319683908045977 0.396551724137931 0.018678160919540228 0.10971786833855798
1 0.14798850574712644 0.49843260188087773 0.048850574712643674 0.26332288401253917
1 0.16522988505747127 0.46081504702194354 0.048850574712643674 0.2695924764890282
1 0.08045977011494253 0.445141065830721 0.022988505747126436 0.12539184952978055
1 0.15589080459770116 0.47492163009404387 0.05028735632183908 0.2664576802507837
1 0.2600574712643678 0.5015673981191222 0.048850574712643674 0.26332288401253917
1 0.24568965517241378 0.4952978056426332 0.04597701149425287 0.2445141065830721
1 0.23491379310344826 0.48589341692789967 0.041666666666666664 0.23197492163009403
1 0.2995689655172414 0.40909090909090906 0.033045977011494254 0.1786833855799373
1 0.3563218390804598 0.47962382445141066 0.040229885057471264 0.225705329153605
1 0.3814655172413793 0.47962382445141066 0.041666666666666664 0.225705329153605
1 0.4015804597701149 0.47648902821316613 0.041666666666666664 0.21943573667711597
1 0.3426724137931034 0.47021943573667707 0.04741379310344827 0.25705329153605017
1 0.22270114942528735 0.3683385579937304 0.014367816091954023 0.08463949843260188
1 0.45977011494252873 0.6316614420062696 0.08045977011494253 0.43573667711598746
1 0.5804597701149425 0.567398119122257 0.06034482758620689 0.32601880877742945
1 0.6185344827586207 0.5313479623824451 0.05316091954022988 0.2915360501567398
1 0.7722701149425287 0.6253918495297806 0.07614942528735633 0.4169278996865204
1 0.8714080459770115 0.561128526645768 0.06752873563218391 0.36363636363636365
1 0.7514367816091954 0.5141065830721003 0.05459770114942529 0.2946708463949843
1 0.9906609195402298 0.41379310344827586 0.018678160919540228 0.1128526645768025
1 0.9640804597701149 0.4561128526645768 0.031609195402298854 0.17241379310344826
1 0.9461206896551724 0.44200626959247646 0.035919540229885055 0.19435736677115986
1 0.9288793103448276 0.4482758620689655 0.033045977011494254 0.18181818181818182
1 0.9137931034482758 0.44984326018808773 0.034482758620689655 0.18495297805642633
1 0.8915229885057471 0.44670846394984326 0.03879310344827586 0.2037617554858934
1 0.8556034482758621 0.4294670846394984 0.024425287356321837 0.13793103448275862
1 0.8405172413793104 0.4623824451410658 0.037356321839080456 0.2037617554858934
1 0.8211206896551724 0.46394984326018807 0.035919540229885055 0.2006269592476489
1 0.7966954022988506 0.4623824451410658 0.035919540229885055 0.1974921630094044
1 0.7823275862068966 0.3887147335423197 0.021551724137931036 0.1128526645768025
1 0.7191091954022989 0.4670846394984326 0.03879310344827586 0.21316614420062696
1 0.7033045977011494 0.47492163009404387 0.03879310344827586 0.21630094043887146
1 0.6637931034482758 0.47648902821316613 0.040229885057471264 0.225705329153605
1 0.6329022988505747 0.4811912225705329 0.03879310344827586 0.21630094043887146
1 0.5581896551724138 0.47648902821316613 0.035919540229885055 0.2006269592476489
1 0.5258620689655172 0.48746081504702193 0.040229885057471264 0.21630094043887146
1 0.5050287356321839 0.4670846394984326 0.04741379310344827 0.25705329153605017
1 0.46264367816091956 0.3996865203761755 0.022988505747126436 0.12852664576802508
1 0.8060344827586207 0.44984326018808773 0.040229885057471264 0.21630094043887146
1 0.7306034482758621 0.45141065830721 0.04454022988505747 0.23824451410658307
1 0.5431034482758621 0.4670846394984326 0.04597701149425287 0.2445141065830721
1 0.6903735632183908 0.4843260188087774 0.035919540229885055 0.1974921630094044
1 0.014367816091954023 0.5235109717868338 0.028735632183908046 0.30094043887147337
1 0.05818965517241379 0.3605015673981191 0.021551724137931036 0.050156739811912224
1 0.09554597701149425 0.3824451410658307 0.01293103448275862 0.05642633228840125
1 0.9806034482758621 0.48746081504702193 0.033045977011494254 0.11598746081504702
1 0.7708333333333334 0.34326018808777425 0.01293103448275862 0.034482758620689655
1 0.6709770114942528 0.3463949843260188 0.014367816091954023 0.04075235109717868
1 0.6487068965517241 0.3510971786833856 0.01293103448275862 0.050156739811912224
1 0.6307471264367815 0.3573667711598746 0.011494252873563218 0.03761755485893417
1 0.610632183908046 0.390282131661442 0.011494252873563218 0.04075235109717868
1 0.5833333333333334 0.3934169278996865 0.011494252873563218 0.04702194357366771
1 0.5905172413793104 0.3620689655172414 0.011494252873563218 0.04075235109717868
1 0.5574712643678161 0.3620689655172414 0.014367816091954023 0.0219435736677116
1 0.47485632183908044 0.3667711598746081 0.010057471264367816 0.03761755485893417
1 0.48275862068965514 0.34326018808777425 0.011494252873563218 0.034482758620689655
1 0.49353448275862066 0.3448275862068965 0.010057471264367816 0.025078369905956112
1 0.4906609195402299 0.37617554858934166 0.015804597701149427 0.03134796238244514
1 0.4489942528735632 0.3557993730407523 0.01293103448275862 0.05329153605015674
1 0.4382183908045977 0.3667711598746081 0.011494252873563218 0.0438871473354232
1 0.42169540229885055 0.34169278996865204 0.015804597701149427 0.03761755485893417
1 0.3714080459770115 0.3495297805642633 0.010057471264367816 0.04075235109717868
1 0.3318965517241379 0.36520376175548586 0.011494252873563218 0.028213166144200625
1 0.2916666666666667 0.35893416927899685 0.014367816091954023 0.028213166144200625
