1 0.1691666666666667 0.5437500000000001 0.035 0.1275
1 0.1275 0.5375 0.035 0.13
1 0.3408333333333334 0.54875 0.021666666666666667 0.08750000000000001
1 0.41000000000000003 0.56625 0.043333333333333335 0.1675
1 0.38333333333333336 0.5475 0.023333333333333334 0.095
1 0.5808333333333334 0.57625 0.03166666666666667 0.11750000000000001
1 0.6308333333333334 0.5700000000000001 0.025 0.1
1 0.5316666666666667 0.57625 0.02666666666666667 0.10250000000000001
1 0.4791666666666667 0.5700000000000001 0.028333333333333335 0.105
1 0.7400000000000001 0.57125 0.023333333333333334 0.08750000000000001
1 0.8016666666666667 0.5750000000000001 0.02 0.075
1 0.8225 0.5750000000000001 0.021666666666666667 0.085
1 0.9900000000000001 0.55875 0.016666666666666666 0.0625
1 0.9241666666666667 0.56875 0.011666666666666667 0.0475
1 0.8958333333333334 0.56375 0.011666666666666667 0.0475
1 0.88 0.5625 0.01 0.045
