1 0.9490000000000001 0.7192192192192192 0.10200000000000001 0.45945945945945943
1 0.845 0.7312312312312312 0.11800000000000001 0.44144144144144143
1 0.755 0.7327327327327328 0.11 0.4144144144144144
1 0.683 0.7432432432432432 0.106 0.38738738738738737
1 0.612 0.7357357357357357 0.1 0.37237237237237236
1 0.546 0.7492492492492493 0.092 0.34534534534534533
1 0.49 0.7417417417417418 0.092 0.3483483483483483
1 0.445 0.7417417417417418 0.08600000000000001 0.3183183183183183
1 0.404 0.7672672672672672 0.076 0.27927927927927926
1 0.35100000000000003 0.7492492492492493 0.11800000000000001 0.43543543543543545
1 0.252 0.7462462462462462 0.076 0.27927927927927926
1 0.28800000000000003 0.7492492492492493 0.07200000000000001 0.26726726726726724
1 0.319 0.7567567567567568 0.074 0.2702702702702703
1 0.11800000000000001 0.6996996996996997 0.04 0.14414414414414414
