1 0.23768115942028986 0.6488833746898263 0.16521739130434782 0.6972704714640199
1 0.38405797101449274 0.6898263027295285 0.14202898550724638 0.5955334987593052
1 0.48985507246376814 0.6997518610421837 0.1391304347826087 0.5856079404466501
1 0.527536231884058 0.6612903225806451 0.13043478260869565 0.5483870967741935
1 0.6260869565217392 0.684863523573201 0.14782608695652175 0.6153846153846154
1 0.691304347826087 0.641439205955335 0.13043478260869565 0.5533498759305211
1 0.777536231884058 0.6439205955334988 0.16666666666666666 0.7022332506203474
1 0.9528985507246377 0.6315136476426799 0.09420289855072464 0.6029776674937966
1 0.9311594202898551 0.5086848635235732 0.05652173913043478 0.24317617866004962
1 0.8586956521739131 0.5049627791563276 0.059420289855072465 0.2506203473945409
1 0.8420289855072464 0.5955334987593052 0.11594202898550725 0.48635235732009924
1 0.07971014492753624 0.6141439205955335 0.04057971014492753 0.1761786600496278
1 0.04927536231884058 0.6290322580645161 0.028985507246376812 0.12158808933002481
1 0.031159420289855074 0.6129032258064516 0.03333333333333333 0.14392059553349876
