1 0.02890625 0.48717948717948717 0.0578125 0.22377622377622378
1 0.07578125000000001 0.6048951048951049 0.09531250000000001 0.3473193473193473
1 0.12265625000000001 0.6596736596736597 0.1234375 0.4522144522144522
1 0.16796875 0.6515151515151515 0.1484375 0.5431235431235432
1 0.234375 0.5979020979020979 0.1 0.3706293706293706
1 0.32578125 0.5885780885780886 0.1078125 0.3939393939393939
1 0.4578125 0.5221445221445221 0.096875 0.3543123543123543
1 0.5281250000000001 0.6072261072261073 0.12187500000000001 0.44988344988344986
1 0.54140625 0.7167832167832168 0.15156250000000002 0.5524475524475524
1 0.6484375 0.5396270396270396 0.09375 0.3473193473193473
1 0.71796875 0.6666666666666666 0.1796875 0.6526806526806527
1 0.8835937500000001 0.5734265734265734 0.1171875 0.4289044289044289
1 0.9539062500000001 0.32167832167832167 0.0703125 0.26107226107226106
1 0.890625 0.32051282051282054 0.07187500000000001 0.2680652680652681
1 0.8460937500000001 0.3135198135198135 0.060937500000000006 0.22144522144522144
1 0.765625 0.3135198135198135 0.0625 0.23543123543123542
1 0.690625 0.32167832167832167 0.059375000000000004 0.22377622377622378
1 0.62265625 0.32517482517482516 0.060937500000000006 0.22144522144522144
1 0.50546875 0.32867132867132864 0.0578125 0.2097902097902098
1 0.46875 0.32867132867132864 0.05 0.1864801864801865
1 0.371875 0.337995337995338 0.046875 0.17715617715617715
1 0.5375 0.3613053613053613 0.059375000000000004 0.10722610722610723
1 0.5765625 0.31934731934731936 0.040625 0.09324009324009325
1 0.6203125 0.7773892773892774 0.1 0.351981351981352
