1 0.066 0.6762820512820512 0.076 0.30128205128205127
1 0.022 0.610576923076923 0.036000000000000004 0.14423076923076922
1 0.045 0.6025641025641025 0.038 0.16025641025641024
1 0.11800000000000001 0.6810897435897436 0.07200000000000001 0.28525641025641024
1 0.169 0.6442307692307692 0.054 0.21153846153846154
1 0.156 0.6442307692307692 0.048 0.1987179487179487
1 0.22 0.6266025641025641 0.044 0.17628205128205127
1 0.252 0.641025641025641 0.052000000000000005 0.21153846153846154
1 0.334 0.6266025641025641 0.044 0.16987179487179488
1 0.304 0.5913461538461539 0.024 0.09294871794871795
1 0.363 0.6298076923076923 0.05 0.20192307692307693
1 0.381 0.6378205128205128 0.046 0.1858974358974359
1 0.422 0.7003205128205128 0.07200000000000001 0.28525641025641024
1 0.456 0.625 0.04 0.15384615384615385
1 0.47700000000000004 0.6169871794871795 0.034 0.13141025641025642
1 0.502 0.6025641025641025 0.028 0.10897435897435898
1 0.52 0.6041666666666666 0.028 0.11217948717948717
1 0.539 0.5881410256410257 0.018000000000000002 0.08012820512820512
1 0.5750000000000001 0.6794871794871795 0.074 0.2948717948717949
1 0.609 0.6939102564102564 0.066 0.266025641025641
1 0.661 0.6442307692307692 0.038 0.16025641025641024
1 0.8200000000000001 0.717948717948718 0.07200000000000001 0.28846153846153844
1 0.852 0.703525641025641 0.076 0.30448717948717946
1 0.928 0.6714743589743589 0.052000000000000005 0.20833333333333331
1 0.9390000000000001 0.6618589743589743 0.042 0.17628205128205127
1 0.97 0.6169871794871795 0.028 0.11858974358974358
1 0.805 0.6875 0.066 0.266025641025641
