1 0.05819774718397998 0.6872623574144486 0.11639549436795996 0.6178707224334601
1 0.0969962453066333 0.5826996197718631 0.07884856070087609 0.2984790874524715
1 0.2265331664580726 0.6787072243346007 0.1677096370463079 0.623574144486692
1 0.30037546933667086 0.5893536121673004 0.0951188986232791 0.3574144486692015
1 0.46996245306633294 0.6511406844106464 0.15143929912390489 0.5608365019011406
1 0.509386733416771 0.5979087452471483 0.11264080100125157 0.41634980988593157
1 0.6357947434292867 0.6844106463878327 0.16520650813516896 0.6159695817490495
1 0.755944931163955 0.6349809885931559 0.1276595744680851 0.4752851711026616
1 0.8854818523153942 0.5931558935361216 0.11639549436795996 0.43346007604562736
1 0.9555694618272841 0.6511406844106464 0.08886107634543179 0.5304182509505704
1 0.35294117647058826 0.5674904942965779 0.04505632040050063 0.16539923954372623
1 0.40362953692115144 0.561787072243346 0.04130162703379224 0.15779467680608364
1 0.3516896120150188 0.5304182509505704 0.05506883604505632 0.20532319391634982
1 0.13892365456821026 0.5399239543726235 0.057571964956195244 0.21673003802281368
1 0.8322903629536922 0.5190114068441065 0.06007509386733417 0.22813688212927757
1 0.8548185231539425 0.5199619771863118 0.06007509386733417 0.2224334600760456
1 0.7853566958698374 0.5171102661596958 0.058823529411764705 0.22053231939163498
1 0.5732165206508135 0.5209125475285171 0.057571964956195244 0.22053231939163498
1 0.5569461827284106 0.5503802281368821 0.04505632040050063 0.16920152091254753
