1 0.159 0.5180180180180181 0.254 0.933933933933934
1 0.488 0.5705705705705706 0.228 0.8348348348348348
1 0.722 0.527027027027027 0.18 0.6696696696696697
1 0.8130000000000001 0.4924924924924925 0.138 0.5105105105105106
1 0.899 0.46846846846846846 0.11800000000000001 0.43243243243243246
1 0.9560000000000001 0.4444444444444444 0.088 0.3843843843843844
1 0.303 0.45945945945945943 0.186 0.6786786786786787
1 0.427 0.45645645645645644 0.114 0.42042042042042044
1 0.368 0.4249249249249249 0.108 0.3993993993993994
1 0.578 0.41291291291291293 0.1 0.36336336336336333
1 0.637 0.45795795795795796 0.11 0.4114114114114114
1 0.613 0.4024024024024024 0.094 0.3483483483483483
1 0.775 0.4219219219219219 0.11800000000000001 0.44144144144144143
1 0.226 0.2777777777777778 0.04 0.12312312312312312
1 0.528 0.26126126126126126 0.056 0.17417417417417416
