1 0.88125 0.6833333333333333 0.14250000000000002 0.4666666666666667
1 0.93625 0.6000000000000001 0.0825 0.26666666666666666
1 0.77 0.6050000000000001 0.095 0.3166666666666667
1 0.8275 0.5616666666666666 0.06 0.19666666666666668
1 0.74 0.5733333333333334 0.07 0.24000000000000002
1 0.65625 0.5950000000000001 0.0975 0.32333333333333336
1 0.5975 0.5783333333333334 0.075 0.2566666666666667
1 0.50875 0.6000000000000001 0.08750000000000001 0.29333333333333333
1 0.3425 0.5950000000000001 0.105 0.3433333333333334
1 0.14 0.5950000000000001 0.11 0.36333333333333334
1 0.02375 0.5650000000000001 0.0475 0.27
1 0.0425 0.5383333333333333 0.07 0.23
1 0.1975 0.5383333333333333 0.07 0.23
1 0.165 0.5366666666666667 0.075 0.25333333333333335
1 0.23 0.525 0.06 0.19666666666666668
1 0.26 0.51 0.05 0.16666666666666669
