1 0.1075 0.6898496240601504 0.11 0.4022556390977443
1 0.1675 0.6804511278195489 0.1 0.3684210526315789
1 0.22625 0.631578947368421 0.1125 0.41353383458646614
1 0.28250000000000003 0.6334586466165413 0.1 0.3721804511278195
1 0.34625 0.612781954887218 0.1125 0.41353383458646614
1 0.40875 0.599624060150376 0.1075 0.39473684210526316
1 0.48625 0.5582706766917293 0.1125 0.4172932330827067
1 0.58875 0.5827067669172932 0.11750000000000001 0.44360902255639095
1 0.6687500000000001 0.5639097744360901 0.1125 0.41353383458646614
1 0.72875 0.5545112781954887 0.1125 0.4172932330827067
1 0.8200000000000001 0.5488721804511278 0.115 0.43609022556390975
1 0.87375 0.5695488721804511 0.11750000000000001 0.4323308270676691
