1 0.01884057971014493 0.913926499032882 0.03768115942028986 0.1528046421663443
1 0.06594202898550725 0.7901353965183753 0.0391304347826087 0.12572533849129594
1 0.12536231884057972 0.7427466150870407 0.02753623188405797 0.09671179883945842
1 0.009420289855072464 0.5454545454545454 0.01884057971014493 0.061895551257253385
1 0.026086956521739132 0.5425531914893617 0.020289855072463767 0.06769825918762089
1 0.09420289855072464 0.52321083172147 0.011594202898550725 0.04061895551257253
1 0.12536231884057972 0.5309477756286267 0.015942028985507246 0.05609284332688588
1 0.1492753623188406 0.5203094777562862 0.017391304347826087 0.058027079303675046
1 0.19927536231884058 0.5415860735009671 0.01884057971014493 0.06576402321083172
1 0.2391304347826087 0.5319148936170213 0.020289855072463767 0.06963249516441006
1 0.26231884057971017 0.6586073500967118 0.028985507246376812 0.09864603481624758
1 0.2992753623188406 0.6276595744680851 0.02463768115942029 0.0793036750483559
1 0.3159420289855073 0.632495164410058 0.02318840579710145 0.07736943907156674
1 0.35507246376811596 0.6402321083172147 0.02318840579710145 0.08123791102514506
1 0.32971014492753625 0.6083172147001934 0.01884057971014493 0.06769825918762089
1 0.30579710144927535 0.5696324951644101 0.017391304347826087 0.059961315280464215
1 0.2847826086956522 0.5145067698259188 0.015942028985507246 0.05029013539651837
1 0.30144927536231886 0.5077369439071566 0.017391304347826087 0.059961315280464215
1 0.263768115942029 0.4796905222437137 0.011594202898550725 0.03868471953578337
1 0.31376811594202897 0.4758220502901354 0.010144927536231883 0.03868471953578337
1 0.33043478260869563 0.5522243713733076 0.014492753623188406 0.05222437137330754
1 0.34710144927536235 0.5473887814313346 0.01884057971014493 0.06576402321083172
1 0.35942028985507246 0.5483558994197292 0.017391304347826087 0.06382978723404255
1 0.7579710144927536 0.7137330754352031 0.034782608695652174 0.11605415860735009
1 0.7840579710144928 0.7098646034816247 0.03188405797101449 0.10831721470019343
1 0.7992753623188406 0.776595744680851 0.03333333333333333 0.11411992263056094
1 0.8123188405797102 0.7514506769825919 0.036231884057971016 0.1218568665377176
1 0.8239130434782609 0.7214700193423598 0.036231884057971016 0.11605415860735009
1 0.8818840579710145 0.6972920696324951 0.03333333333333333 0.11411992263056094
1 0.9007246376811594 0.7166344294003868 0.030434782608695653 0.10638297872340426
1 0.9173913043478261 0.7611218568665378 0.03768115942028986 0.1218568665377176
1 0.9681159420289855 0.7282398452611218 0.03768115942028986 0.12572533849129594
1 0.9869565217391304 0.5996131528046422 0.02318840579710145 0.07736943907156674
1 0.9804347826086957 0.5676982591876208 0.01884057971014493 0.059961315280464215
1 0.8775362318840579 0.5918762088974855 0.021739130434782608 0.07736943907156674
1 0.7811594202898551 0.6431334622823984 0.02318840579710145 0.0793036750483559
1 0.8050724637681159 0.6334622823984526 0.02463768115942029 0.08704061895551257
1 0.6456521739130435 0.5164410058027079 0.013043478260869566 0.04642166344294004
1 0.6115942028985507 0.5251450676982592 0.017391304347826087 0.06382978723404255
1 0.5905797101449275 0.5067698259187621 0.010144927536231883 0.03868471953578337
1 0.6195652173913043 0.4690522243713733 0.015942028985507246 0.05609284332688588
1 0.6057971014492753 0.46518375241779497 0.014492753623188406 0.05222437137330754
1 0.7246376811594203 0.7901353965183753 0.017391304347826087 0.08317214700193423
1 0.744927536231884 0.8036750483558994 0.03188405797101449 0.10251450676982592
