1 0.1875 0.52125 0.15166666666666667 0.5625
1 0.6275000000000001 0.47125 0.11166666666666668 0.41250000000000003
1 0.7691666666666667 0.5375 0.13166666666666668 0.485
1 0.6941666666666667 0.41375 0.065 0.23750000000000002
1 0.4141666666666667 0.3975 0.06833333333333334 0.25
1 0.0675 0.395 0.055 0.20500000000000002
1 0.12250000000000001 0.41000000000000003 0.05166666666666667 0.195
1 0.2391666666666667 0.4025 0.055 0.21
1 0.2575 0.40875 0.045000000000000005 0.1675
1 0.315 0.41250000000000003 0.05 0.185
1 0.3741666666666667 0.40875 0.055 0.20750000000000002
1 0.4516666666666667 0.385 0.04666666666666667 0.17500000000000002
1 0.5341666666666667 0.3775 0.05166666666666667 0.19
1 0.81 0.42 0.04666666666666667 0.18
1 0.8425 0.42875 0.045000000000000005 0.17250000000000001
1 0.8641666666666667 0.4325 0.05166666666666667 0.19
1 0.8975000000000001 0.435 0.04166666666666667 0.16
1 0.9291666666666667 0.42875 0.04833333333333334 0.1825
1 0.9741666666666667 0.43125 0.05166666666666667 0.1875
