1 0.187 0.5945945945945946 0.07 0.26426426426426425
1 0.20700000000000002 0.6006006006006006 0.066 0.24624624624624625
1 0.253 0.6051051051051051 0.062 0.23123123123123124
1 0.314 0.6156156156156156 0.056 0.21021021021021022
1 0.4 0.6096096096096096 0.068 0.25225225225225223
1 0.456 0.6096096096096096 0.064 0.23423423423423423
1 0.508 0.6111111111111112 0.064 0.23723723723723725
1 0.531 0.6006006006006006 0.07 0.25825825825825827
1 0.5730000000000001 0.6186186186186187 0.058 0.2222222222222222
1 0.619 0.6081081081081081 0.066 0.24324324324324323
1 0.667 0.6156156156156156 0.062 0.23423423423423423
1 0.708 0.6156156156156156 0.064 0.23423423423423423
