1 0.9284420289855072 0.6292270531400966 0.1431159420289855 0.4903381642512077
1 0.7717391304347826 0.6183574879227053 0.16666666666666666 0.5458937198067633
1 0.8568840579710145 0.6147342995169082 0.13043478260869565 0.4323671497584541
1 0.6730072463768116 0.6280193236714976 0.1503623188405797 0.48792270531400966
1 0.5606884057971014 0.6219806763285024 0.14673913043478262 0.48067632850241543
1 0.4945652173913044 0.6014492753623188 0.15217391304347827 0.49275362318840576
1 0.4230072463768116 0.608695652173913 0.1431159420289855 0.4685990338164251
1 0.3632246376811594 0.605072463768116 0.1358695652173913 0.4468599033816425
1 0.28894927536231885 0.6135265700483091 0.125 0.4154589371980676
1 0.22192028985507248 0.6074879227053139 0.1213768115942029 0.39855072463768115
1 0.16847826086956522 0.5917874396135265 0.11956521739130435 0.3961352657004831
1 0.1068840579710145 0.5881642512077294 0.11231884057971014 0.3647342995169082
1 0.022644927536231884 0.5 0.034420289855072464 0.12077294685990338
1 0.6231884057971014 0.4359903381642512 0.06884057971014493 0.12801932367149757
1 0.713768115942029 0.4601449275362319 0.057971014492753624 0.09420289855072464
1 0.06340579710144928 0.5277777777777778 0.028985507246376812 0.07004830917874395
