1 0.91625 0.8366666666666667 0.08750000000000001 0.29333333333333333
1 0.79 0.7716666666666667 0.115 0.3766666666666667
1 0.72375 0.7166666666666667 0.11750000000000001 0.3866666666666667
1 0.67375 0.7783333333333334 0.0825 0.27666666666666667
1 0.61875 0.7333333333333334 0.1075 0.3466666666666667
1 0.5437500000000001 0.745 0.0975 0.3166666666666667
1 0.5700000000000001 0.5833333333333334 0.14 0.46
1 0.47750000000000004 0.765 0.1 0.33
1 0.40625 0.7833333333333334 0.0975 0.32666666666666666
1 0.31875000000000003 0.7766666666666667 0.11750000000000001 0.39333333333333337
1 0.23750000000000002 0.7683333333333334 0.11 0.36333333333333334
1 0.145 0.8150000000000001 0.105 0.35000000000000003
1 0.04125 0.8333333333333334 0.0825 0.2866666666666667
1 0.05375 0.45833333333333337 0.0625 0.21000000000000002
1 0.97875 0.41500000000000004 0.0425 0.18333333333333335
1 0.93875 0.34500000000000003 0.0325 0.11
1 0.15625 0.44 0.0325 0.14666666666666667
1 0.22625 0.38833333333333336 0.0525 0.10333333333333335
1 0.28250000000000003 0.4366666666666667 0.045 0.14666666666666667
1 0.3325 0.4416666666666667 0.045 0.16333333333333333
1 0.3925 0.4366666666666667 0.05 0.14666666666666667
1 0.675 0.45 0.06 0.12000000000000001
