1 0.028 0.5026666666666666 0.056 0.30133333333333334
1 0.166 0.488 0.08 0.2613333333333333
1 0.23900000000000002 0.46266666666666667 0.038 0.13066666666666665
1 0.364 0.49066666666666664 0.056 0.18133333333333332
1 0.6970000000000001 0.492 0.058 0.19466666666666665
1 0.728 0.48 0.056 0.18666666666666665
1 0.808 0.488 0.04 0.13866666666666666
1 0.897 0.48533333333333334 0.046 0.15466666666666667
1 0.915 0.49466666666666664 0.058 0.18933333333333333
1 0.935 0.4973333333333333 0.054 0.17333333333333334
1 0.96 0.484 0.052000000000000005 0.16799999999999998
1 0.058 0.4533333333333333 0.028 0.09066666666666666
