1 0.04733333333333333 0.669 0.08399999999999999 0.31
1 0.11533333333333333 0.678 0.08133333333333333 0.304
1 0.18 0.682 0.088 0.32
1 0.2373333333333333 0.684 0.096 0.352
1 0.27599999999999997 0.669 0.088 0.322
1 0.3313333333333333 0.644 0.06266666666666666 0.232
1 0.39666666666666667 0.679 0.10266666666666667 0.374
1 0.45799999999999996 0.6980000000000001 0.14266666666666666 0.528
1 0.5553333333333333 0.6960000000000001 0.10533333333333333 0.388
1 0.63 0.6950000000000001 0.13999999999999999 0.514
1 0.6646666666666666 0.682 0.08933333333333333 0.332
1 0.7913333333333333 0.681 0.108 0.398
1 0.8733333333333333 0.71 0.09066666666666666 0.336
1 0.9373333333333334 0.706 0.12533333333333332 0.516
1 0.15 0.678 0.06533333333333333 0.24
