1 0.17333333333333334 0.6675 0.17 0.62
1 0.27 0.6925 0.14666666666666667 0.545
1 0.3416666666666667 0.69375 0.15666666666666668 0.5775
1 0.4041666666666667 0.70125 0.16166666666666668 0.5925
1 0.49583333333333335 0.68625 0.165 0.6025
1 0.5783333333333334 0.67125 0.16 0.5925
1 0.6833333333333333 0.6775 0.16666666666666669 0.61
1 0.77 0.67125 0.17333333333333334 0.6425
1 0.8775000000000001 0.655 0.18500000000000003 0.685
1 0.8966666666666667 0.32375 0.07333333333333333 0.2725
1 0.9766666666666667 0.35375 0.04666666666666667 0.2775
1 0.34500000000000003 0.33 0.04 0.15
1 0.3075 0.405 0.08833333333333333 0.19
1 0.4058333333333334 0.3875 0.10500000000000001 0.195
1 0.49083333333333334 0.39375 0.07500000000000001 0.17250000000000001
1 0.5825 0.3775 0.05166666666666667 0.11
1 0.7266666666666667 0.37 0.060000000000000005 0.155
1 0.8183333333333334 0.36125 0.06333333333333334 0.1075
1 0.8133333333333334 0.28125 0.06666666666666667 0.1475
1 0.8600000000000001 0.25625 0.05666666666666667 0.0925
1 0.5233333333333333 0.3225 0.03333333333333333 0.11
1 0.5791666666666667 0.28875 0.021666666666666667 0.0475
1 0.6191666666666668 0.32 0.06166666666666667 0.13
