1 0.14492753623188406 0.8191489361702128 0.03188405797101449 0.10251450676982592
1 0.2992753623188406 0.8916827852998066 0.059420289855072465 0.19729206963249515
1 0.38768115942028986 0.8868471953578336 0.06521739130434782 0.218568665377176
1 0.4579710144927536 0.874274661508704 0.07246376811594203 0.23984526112185686
1 0.4934782608695652 0.8926499032882012 0.059420289855072465 0.195357833655706
1 0.5565217391304348 0.8462282398452611 0.052173913043478265 0.17601547388781433
1 0.6898550724637681 0.8423597678916828 0.026086956521739132 0.09090909090909091
1 0.7144927536231884 0.816247582205029 0.026086956521739132 0.0851063829787234
1 0.7355072463768116 0.8152804642166345 0.02463768115942029 0.08317214700193423
1 0.7673913043478261 0.7998065764023211 0.015942028985507246 0.05609284332688588
1 0.7992753623188406 0.8500967117988395 0.0391304347826087 0.13346228239845262
1 0.8565217391304348 0.8201160541586073 0.028985507246376812 0.10058027079303675
1 0.9094202898550725 0.8810444874274661 0.0391304347826087 0.12959381044487428
1 0.977536231884058 0.8597678916827853 0.04492753623188406 0.18762088974854932
1 0.5036231884057971 0.36847195357833656 0.09710144927536232 0.3114119922630561
