1 0.038 0.49251497005988026 0.028 0.10479041916167665
1 0.013000000000000001 0.5089820359281437 0.026000000000000002 0.125748502994012
1 0.171 0.6616766467065869 0.094 0.3413173652694611
1 0.194 0.690119760479042 0.1 0.36227544910179643
1 0.241 0.5523952095808383 0.058 0.218562874251497
1 0.326 0.5044910179640719 0.044 0.15868263473053892
1 0.40700000000000003 0.48652694610778446 0.038 0.1407185628742515
1 0.48 0.5404191616766467 0.056 0.2065868263473054
1 0.498 0.4820359281437126 0.032 0.125748502994012
1 0.578 0.45808383233532934 0.028 0.11377245508982037
1 0.604 0.44910179640718567 0.028 0.10778443113772455
1 0.613 0.5748502994011977 0.058 0.2155688622754491
1 0.653 0.561377245508982 0.074 0.2724550898203593
1 0.682 0.4895209580838324 0.048 0.17664670658682635
1 0.714 0.4476047904191617 0.028 0.11077844311377247
1 0.8190000000000001 0.5808383233532934 0.08600000000000001 0.31137724550898205
1 0.866 0.594311377245509 0.076 0.2844311377245509
