1 0.096 0.6864161849710982 0.136 0.48843930635838145
1 0.148 0.6806358381502889 0.14 0.5
1 0.385 0.6401734104046243 0.122 0.43641618497109824
1 0.444 0.684971098265896 0.136 0.48554913294797686
1 0.495 0.6748554913294798 0.122 0.430635838150289
1 0.548 0.6907514450867052 0.132 0.4682080924855491
1 0.604 0.6864161849710982 0.14 0.49421965317919075
1 0.676 0.6936416184971098 0.14400000000000002 0.5086705202312138
1 0.769 0.7109826589595375 0.138 0.4913294797687861
1 0.86 0.6734104046242774 0.112 0.3988439306358381
1 0.933 0.7052023121387283 0.126 0.4508670520231214
1 0.075 0.7861271676300577 0.138 0.3988439306358381
1 0.179 0.7803468208092486 0.08600000000000001 0.3236994219653179
1 0.242 0.7673410404624277 0.076 0.30346820809248554
1 0.312 0.6965317919075145 0.088 0.21387283236994217
1 0.392 0.6936416184971098 0.08 0.19653179190751444
1 0.47000000000000003 0.684971098265896 0.092 0.1907514450867052
1 0.543 0.6979768786127167 0.08600000000000001 0.17630057803468208
1 0.599 0.7095375722543352 0.078 0.15317919075144507
1 0.678 0.7239884393063584 0.08 0.17052023121387283
1 0.769 0.741329479768786 0.07 0.18786127167630057
1 0.836 0.7716763005780346 0.088 0.3236994219653179
1 0.212 0.5592485549132947 0.06 0.21098265895953755
1 0.262 0.5361271676300577 0.06 0.18786127167630057
1 0.312 0.5491329479768786 0.07200000000000001 0.20231213872832368
1 0.361 0.47687861271676296 0.034 0.06936416184971098
1 0.468 0.47687861271676296 0.044 0.09248554913294797
1 0.535 0.48843930635838145 0.058 0.12716763005780346
1 0.627 0.48410404624277453 0.03 0.0722543352601156
1 0.718 0.495664739884393 0.06 0.08959537572254335
1 0.808 0.5722543352601156 0.064 0.21965317919075145
