1 0.43 0.6845574387947269 0.095 0.352165725047081
1 0.498125 0.7033898305084746 0.10125 0.3785310734463277
1 0.645 0.6459510357815442 0.0725 0.2711864406779661
1 0.7468750000000001 0.6770244821092278 0.08125 0.3032015065913371
1 0.263125 0.6384180790960452 0.04125 0.1544256120527307
1 0.244375 0.6384180790960452 0.03875 0.14689265536723164
1 0.225 0.6365348399246704 0.03 0.1167608286252354
1 0.209375 0.6440677966101694 0.02875 0.10546139359698681
1 0.18937500000000002 0.6525423728813559 0.03375 0.1224105461393597
1 0.17250000000000001 0.6308851224105461 0.03 0.11299435028248588
1 0.149375 0.6506591337099812 0.03375 0.1261770244821092
1 0.135 0.64030131826742 0.03 0.1167608286252354
1 0.12375 0.6327683615819208 0.0325 0.12429378531073446
1 0.10250000000000001 0.6252354048964218 0.0275 0.10546139359698681
1 0.093125 0.6299435028248588 0.02625 0.10357815442561205
1 0.37875000000000003 0.5574387947269303 0.015 0.05649717514124294
