1 0.04583333333333333 0.5347222222222222 0.09166666666666666 0.3027777777777778
1 0.022916666666666665 0.5305555555555556 0.04583333333333333 0.26666666666666666
1 0.08645833333333333 0.5166666666666667 0.06041666666666667 0.20555555555555557
1 0.13229166666666667 0.5305555555555556 0.08125 0.26666666666666666
1 0.16145833333333334 0.5 0.05625 0.18333333333333335
1 0.23124999999999998 0.5027777777777778 0.0625 0.20555555555555557
1 0.30416666666666664 0.5972222222222222 0.15416666666666667 0.5111111111111112
1 0.35625 0.5680555555555555 0.15833333333333333 0.513888888888889
1 0.43645833333333334 0.5875 0.14791666666666667 0.4861111111111111
1 0.47812499999999997 0.6263888888888889 0.14375 0.47500000000000003
1 0.56875 0.638888888888889 0.1625 0.5333333333333333
1 0.6416666666666666 0.6361111111111112 0.16666666666666666 0.5444444444444445
1 0.7260416666666667 0.6111111111111112 0.18125 0.5944444444444444
1 0.8614583333333333 0.5111111111111112 0.05625 0.18888888888888888
1 0.9572916666666667 0.5125000000000001 0.06458333333333333 0.20833333333333334
1 0.4979166666666667 0.38472222222222224 0.07916666666666666 0.11388888888888889
1 0.553125 0.35555555555555557 0.06041666666666667 0.07777777777777778
1 0.609375 0.38333333333333336 0.05625 0.10555555555555556
