1 0.07192737430167598 0.6843575418994413 0.11592178770949721 0.3780260707635009
1 0.16829608938547486 0.6722532588454376 0.09078212290502793 0.297951582867784
1 0.24022346368715083 0.7001862197392924 0.11452513966480447 0.37243947858473
1 0.3687150837988827 0.7178770949720671 0.1340782122905028 0.4376163873370577
1 0.43435754189944137 0.7048417132216015 0.11452513966480447 0.3780260707635009
1 0.532122905027933 0.702048417132216 0.10335195530726257 0.33519553072625696
1 0.5970670391061452 0.6973929236499069 0.12150837988826817 0.40037243947858475
1 0.6424581005586593 0.7299813780260708 0.11452513966480447 0.37243947858473
1 0.7653631284916201 0.7150837988826816 0.09776536312849163 0.3165735567970205
1 0.8058659217877095 0.7001862197392924 0.08379888268156425 0.27932960893854747
1 0.29329608938547486 0.7271880819366853 0.07262569832402235 0.14338919925512103
1 0.973463687150838 0.8184357541899441 0.05307262569832402 0.18435754189944134
