1 0.2007042253521127 0.6199294532627866 0.20657276995305165 0.7601410934744268
1 0.3251173708920188 0.6455026455026455 0.19248826291079812 0.708994708994709
1 0.465962441314554 0.644620811287478 0.1596244131455399 0.5908289241622575
1 0.5410798122065728 0.6340388007054674 0.14788732394366197 0.5414462081128748
1 0.6156103286384976 0.6296296296296295 0.1279342723004695 0.4691358024691358
1 0.6813380281690141 0.6164021164021164 0.11150234741784038 0.4144620811287478
1 0.7165492957746479 0.6216931216931216 0.09272300469483569 0.3403880070546737
1 0.784037558685446 0.599647266313933 0.09154929577464789 0.3386243386243386
1 0.8755868544600939 0.5925925925925926 0.04460093896713615 0.1657848324514991
1 0.926056338028169 0.5731922398589064 0.0539906103286385 0.20105820105820105
1 0.9671361502347418 0.5767195767195767 0.06572769953051644 0.2716049382716049
1 0.7394366197183099 0.5405643738977072 0.03990610328638498 0.08994708994708994
