1 0.07166666666666667 0.27875 0.07666666666666667 0.28250000000000003
1 0.09333333333333334 0.27625 0.06666666666666667 0.2525
1 0.13833333333333334 0.2125 0.04 0.145
1 0.15333333333333335 0.21875 0.03666666666666667 0.1375
1 0.17416666666666666 0.2225 0.04166666666666667 0.15
1 0.12416666666666668 0.74125 0.058333333333333334 0.2175
1 0.155 0.68 0.023333333333333334 0.09
1 0.1716666666666667 0.68125 0.030000000000000002 0.1075
1 0.21333333333333335 0.75125 0.08 0.2925
1 0.34 0.74 0.07333333333333333 0.275
1 0.28583333333333333 0.6975 0.03833333333333334 0.14
1 0.24416666666666667 0.69125 0.028333333333333335 0.1125
1 0.2991666666666667 0.68125 0.021666666666666667 0.0825
1 0.38333333333333336 0.6625 0.013333333333333334 0.055
1 0.3983333333333334 0.66125 0.01 0.0425
1 0.8491666666666667 0.50625 0.055 0.20750000000000002
1 0.9066666666666667 0.4225 0.02666666666666667 0.1
1 0.7100000000000001 0.49875 0.060000000000000005 0.2225
1 0.5816666666666667 0.47500000000000003 0.05333333333333334 0.195
1 0.805 0.44 0.03666666666666667 0.135
1 0.7441666666666668 0.41125 0.021666666666666667 0.08750000000000001
1 0.5441666666666667 0.4325 0.025 0.09
1 0.26416666666666666 0.2975 0.14166666666666666 0.27
1 0.24583333333333335 0.15 0.035 0.07
1 0.2841666666666667 0.15625 0.03166666666666667 0.0575
1 0.6216666666666667 0.51375 0.06666666666666667 0.1875
1 0.7658333333333334 0.56125 0.055 0.2125
1 0.7358333333333333 0.47875 0.021666666666666667 0.1075
