1 0.3 0.5433579335793358 0.136 0.61070110701107
1 0.3905 0.529520295202952 0.11900000000000001 0.5387453874538746
1 0.4985 0.49815498154981547 0.135 0.6088560885608856
1 0.5700000000000001 0.518450184501845 0.124 0.5571955719557196
1 0.662 0.5710332103321033 0.158 0.7140221402214022
1 0.833 0.4225092250922509 0.068 0.3062730627306273
1 0.7925 0.38837638376383765 0.043000000000000003 0.1974169741697417
1 0.8105 0.3929889298892989 0.039 0.17712177121771217
1 0.927 0.570110701107011 0.146 0.7490774907749077
1 0.747 0.3459409594095941 0.02 0.09040590405904059
1 0.686 0.4022140221402214 0.046 0.2103321033210332
1 0.712 0.33579335793357934 0.014 0.07011070110701106
1 0.213 0.6872693726937269 0.214 0.503690036900369
1 0.622 0.3118081180811808 0.03 0.05904059040590406
