1 0.0675 0.7033333333333334 0.05 0.22444444444444445
1 0.09375 0.7144444444444444 0.035 0.15777777777777777
1 0.37875000000000003 0.6944444444444444 0.1375 0.5977777777777777
1 0.45875 0.7688888888888888 0.105 0.4577777777777778
1 0.48625 0.6977777777777778 0.0475 0.20444444444444446
1 0.525625 0.7033333333333334 0.043750000000000004 0.19333333333333333
1 0.55 0.7022222222222222 0.05 0.21777777777777776
1 0.603125 0.6966666666666667 0.05625 0.2511111111111111
1 0.651875 0.7077777777777777 0.04625 0.20222222222222222
1 0.71125 0.6877777777777778 0.045 0.20222222222222222
1 0.803125 0.6855555555555556 0.07625 0.33555555555555555
1 0.935625 0.7222222222222222 0.12625 0.5555555555555556
