1 0.9075907590759076 0.7921615201900238 0.0627062706270627 0.22565320665083136
1 0.8556105610561057 0.6864608076009502 0.07425742574257425 0.2612826603325416
1 0.801980198019802 0.652019002375297 0.052805280528052806 0.19239904988123516
1 0.7095709570957096 0.6045130641330166 0.0429042904290429 0.15439429928741094
1 0.6872937293729373 0.7078384798099763 0.05115511551155116 0.18527315914489312
1 0.716996699669967 0.8064133016627079 0.07095709570957096 0.25415676959619954
1 0.5008250825082509 0.818289786223278 0.06765676567656766 0.24465558194774348
1 0.5305280528052805 0.6983372921615202 0.057755775577557754 0.20427553444180524
1 0.5618811881188119 0.6900237529691212 0.05115511551155116 0.17814726840855108
1 0.5891089108910891 0.6603325415676959 0.04620462046204621 0.17102137767220904
1 0.5288778877887789 0.5320665083135392 0.034653465346534656 0.12826603325415678
1 0.45957095709570955 0.652019002375297 0.057755775577557754 0.20190023752969122
1 0.41914191419141916 0.6187648456057008 0.04620462046204621 0.16864608076009502
1 0.3811881188118812 0.657957244655582 0.052805280528052806 0.18527315914489312
1 0.36056105610561057 0.6900237529691212 0.05115511551155116 0.18764845605700714
1 0.35148514851485146 0.7802850356294537 0.066006600660066 0.23515439429928742
1 0.18894389438943895 0.7719714964370546 0.07095709570957096 0.25653206650831356
1 0.18894389438943895 0.6971496437054632 0.057755775577557754 0.20665083135391926
1 0.06848184818481848 0.7790973871733967 0.06435643564356436 0.2327790973871734
1 0.019801980198019802 0.6828978622327792 0.039603960396039604 0.19239904988123516
1 0.06683168316831684 0.649643705463183 0.054455445544554455 0.19239904988123516
1 0.08085808580858087 0.6104513064133017 0.039603960396039604 0.1472684085510689
1 0.20874587458745875 0.6365795724465558 0.04785478547854786 0.166270783847981
1 0.3069306930693069 0.6223277909738718 0.039603960396039604 0.1472684085510689
1 0.028877887788778877 0.4631828978622328 0.02145214521452145 0.08076009501187649
1 0.6303630363036303 0.3919239904988124 0.009900990099009901 0.03800475059382423
1 0.6377887788778878 0.3919239904988124 0.011551155115511552 0.04275534441805226
