1 0.8453125 0.5614583333333333 0.09062500000000001 0.29791666666666666
1 0.60078125 0.5208333333333334 0.08281250000000001 0.275
1 0.56484375 0.5197916666666667 0.060937500000000006 0.20208333333333334
1 0.47890625000000003 0.53125 0.060937500000000006 0.2
1 0.3953125 0.5322916666666666 0.06875 0.22291666666666665
1 0.371875 0.528125 0.046875 0.15625
1 0.32656250000000003 0.5270833333333333 0.059375000000000004 0.19583333333333333
1 0.2921875 0.528125 0.046875 0.16041666666666665
1 0.2421875 0.5239583333333333 0.046875 0.16041666666666665
1 0.215625 0.5239583333333333 0.046875 0.16041666666666665
1 0.13046875 0.5125 0.0421875 0.1375
1 0.16171875000000002 0.5104166666666666 0.045312500000000006 0.14583333333333334
1 0.19140625 0.5135416666666667 0.0421875 0.14375
1 0.10703125000000001 0.5104166666666666 0.0421875 0.1375
1 0.07890625000000001 0.5072916666666667 0.0390625 0.13125
1 0.05078125 0.5 0.0390625 0.125
1 0.234375 0.3333333333333333 0.009375000000000001 0.03333333333333333
1 0.421875 0.4583333333333333 0.015625 0.05416666666666667
1 0.69140625 0.44895833333333335 0.0140625 0.04791666666666666
1 0.7000000000000001 0.45625 0.0125 0.041666666666666664
1 0.71875 0.44687499999999997 0.0125 0.04791666666666666
1 0.7273437500000001 0.44895833333333335 0.0140625 0.04791666666666666
1 0.7734375 0.44895833333333335 0.015625 0.052083333333333336
1 0.7914062500000001 0.44687499999999997 0.0140625 0.04375
1 0.80234375 0.45 0.010937500000000001 0.0375
1 0.8265625000000001 0.44895833333333335 0.0125 0.03958333333333333
1 0.9320312500000001 0.44479166666666664 0.0140625 0.04375
1 0.9390625 0.44479166666666664 0.0125 0.04375
1 0.9617187500000001 0.4427083333333333 0.0140625 0.04375
1 0.9796875 0.440625 0.0125 0.03958333333333333
1 0.98828125 0.4427083333333333 0.0140625 0.04375
1 0.17890625000000002 0.5104166666666666 0.0203125 0.14166666666666666
