1 0.231 0.4 0.13 0.4835820895522388
1 0.326 0.3402985074626866 0.096 0.3522388059701493
1 0.424 0.2985074626865672 0.084 0.3044776119402985
1 0.489 0.2835820895522388 0.07 0.25671641791044775
1 0.5750000000000001 0.27761194029850744 0.05 0.191044776119403
1 0.622 0.2462686567164179 0.044 0.1701492537313433
1 0.707 0.23880597014925373 0.038 0.14328358208955225
1 0.779 0.2417910447761194 0.034 0.13134328358208955
1 0.91 0.22985074626865673 0.032 0.1253731343283582
1 0.975 0.23134328358208955 0.034 0.12835820895522387
1 0.916 0.2701492537313433 0.036000000000000004 0.0746268656716418
1 0.97 0.27611940298507465 0.056 0.06865671641791045
1 0.968 0.21044776119402986 0.028 0.12238805970149254
