1 0.6391666666666667 0.6671052631578948 0.04833333333333334 0.19210526315789472
1 0.6725000000000001 0.65 0.05166666666666667 0.19999999999999998
1 0.8241666666666667 0.75 0.125 0.4842105263157895
1 0.9083333333333334 0.7763157894736842 0.11 0.43157894736842106
1 0.9750000000000001 0.6815789473684211 0.05 0.28421052631578947
1 0.8633333333333334 0.6697368421052632 0.07666666666666667 0.29736842105263156
1 0.0775 0.8013157894736842 0.09833333333333334 0.3763157894736842
1 0.11666666666666667 0.7644736842105263 0.060000000000000005 0.2394736842105263
1 0.22 0.8486842105263158 0.07666666666666667 0.29736842105263156
1 0.30583333333333335 0.7657894736842105 0.11833333333333335 0.4631578947368421
1 0.36250000000000004 0.7026315789473684 0.07500000000000001 0.2894736842105263
1 0.15666666666666668 0.6157894736842106 0.023333333333333334 0.08947368421052632
1 0.18500000000000003 0.6144736842105263 0.02 0.08157894736842106
1 0.20833333333333334 0.6105263157894737 0.02 0.08421052631578947
1 0.24166666666666667 0.6552631578947369 0.043333333333333335 0.17368421052631577
1 0.9716666666666667 0.5723684210526315 0.04 0.15526315789473683
1 0.028333333333333335 0.6328947368421053 0.03333333333333333 0.12894736842105262
1 0.6133333333333334 0.6210526315789473 0.03666666666666667 0.14210526315789473
1 0.385 0.8052631578947368 0.07 0.17368421052631577
1 0.49000000000000005 0.4776315789473684 0.12333333333333334 0.48157894736842105
