1 0.10362318840579711 0.5712694877505567 0.11739130434782609 0.43875278396436523
1 0.1927536231884058 0.4732739420935412 0.03188405797101449 0.12694877505567928
1 0.22246376811594204 0.4821826280623608 0.0391304347826087 0.15367483296213807
1 0.26159420289855073 0.47216035634743875 0.036231884057971016 0.13363028953229397
1 0.2782608695652174 0.47995545657015587 0.05507246376811594 0.20712694877505566
1 0.3681159420289855 0.5545657015590201 0.09565217391304348 0.35634743875278396
1 0.40507246376811595 0.5211581291759465 0.07971014492753624 0.3028953229398664
1 0.4579710144927536 0.4899777282850779 0.0463768115942029 0.17817371937639198
1 0.5 0.4988864142538975 0.06666666666666667 0.25835189309576834
1 0.5869565217391305 0.6514476614699332 0.17101449275362318 0.6391982182628062
1 0.722463768115942 0.6336302895322939 0.13768115942028986 0.5189309576837416
1 0.7717391304347826 0.5356347438752783 0.1144927536231884 0.4298440979955456
1 0.8652173913043478 0.5935412026726058 0.15942028985507248 0.5991091314031181
1 0.9246376811594204 0.5812917594654788 0.13333333333333333 0.4988864142538975
1 0.6275362318840579 0.4688195991091314 0.052173913043478265 0.26057906458797325
1 0.6681159420289855 0.4309576837416481 0.052173913043478265 0.14476614699331847
1 0.8101449275362319 0.5389755011135857 0.04927536231884058 0.37861915367483295
1 0.967391304347826 0.443207126948775 0.04492753623188406 0.22271714922048996
