1 0.4870967741935484 0.748730964467005 0.08387096774193549 0.31979695431472077
1 0.33064516129032256 0.6573604060913705 0.08709677419354839 0.350253807106599
1 0.5709677419354838 0.6421319796954315 0.08387096774193549 0.3299492385786802
1 0.482258064516129 0.5786802030456852 0.06129032258064516 0.25380710659898476
1 0.7241935483870968 0.5177664974619289 0.06774193548387097 0.2639593908629441
1 0.8596774193548387 0.5076142131979695 0.06129032258064516 0.23350253807106597
1 0.027419354838709678 0.5786802030456852 0.054838709677419356 0.3045685279187817
1 0.6451612903225806 0.5177664974619289 0.0967741935483871 0.25380710659898476
1 0.9629032258064516 0.4746192893401015 0.06129032258064516 0.17766497461928932
1 0.4596774193548387 0.4644670050761421 0.0935483870967742 0.17766497461928932
1 0.11774193548387096 0.6065989847715736 0.11290322580645161 0.2182741116751269
1 0.19032258064516128 0.6649746192893401 0.08387096774193549 0.22335025380710657
