1 0.0903846153846154 0.547550432276657 0.1807692307692308 0.8069164265129682
1 0.14711538461538462 0.5634005763688761 0.225 0.8213256484149856
1 0.2932692307692308 0.5259365994236311 0.16346153846153846 0.6080691642651297
1 0.3932692307692308 0.5129682997118156 0.16730769230769232 0.6109510086455331
1 0.4673076923076923 0.5057636887608069 0.14615384615384616 0.5389048991354467
1 0.5182692307692308 0.49855907780979825 0.14423076923076925 0.5244956772334294
1 0.6028846153846155 0.44956772334293943 0.12115384615384617 0.44956772334293943
1 0.6403846153846154 0.48703170028818443 0.13461538461538464 0.4899135446685879
1 0.7115384615384616 0.45965417867435154 0.13076923076923078 0.47550432276657056
1 0.7519230769230769 0.48703170028818443 0.10384615384615385 0.3861671469740634
1 0.7836538461538461 0.43948126801152737 0.11346153846153847 0.42363112391930835
1 0.8625 0.45821325648414984 0.12115384615384617 0.4438040345821325
1 0.8230769230769232 0.4178674351585014 0.07307692307692308 0.27665706051873196
1 0.9413461538461539 0.44812680115273773 0.10961538461538461 0.40057636887608067
1 0.43846153846153846 0.28097982708933716 0.03076923076923077 0.07780979827089336
1 0.5538461538461539 0.292507204610951 0.03461538461538462 0.04322766570605187
