1 0.5064516129032258 0.47008547008547014 0.11290322580645161 0.3632478632478633
1 0.34758064516129034 0.5929487179487181 0.09516129032258064 0.3055555555555556
1 0.46048387096774196 0.4262820512820513 0.10161290322580645 0.3354700854700855
1 0.5790322580645161 0.38141025641025644 0.054838709677419356 0.18162393162393164
1 0.6919354838709677 0.38354700854700857 0.05161290322580645 0.1730769230769231
1 0.7475806451612903 0.38141025641025644 0.0532258064516129 0.17735042735042736
1 0.21048387096774193 0.3856837606837607 0.07258064516129033 0.24145299145299148
1 0.3548387096774194 0.3653846153846154 0.03870967741935484 0.12393162393162395
1 0.32661290322580644 0.3493589743589744 0.037096774193548385 0.1217948717948718
1 0.30806451612903224 0.36111111111111116 0.03870967741935484 0.13247863247863248
1 0.04758064516129032 0.34829059829059833 0.024193548387096774 0.08547008547008547
1 0.09516129032258064 0.3301282051282052 0.01935483870967742 0.07051282051282053
1 0.7653225806451613 0.3728632478632479 0.04032258064516129 0.13461538461538464
