1 0.17666666666666667 0.6233333333333333 0.22666666666666668 0.7355555555555555
1 0.6075 0.6333333333333333 0.22166666666666668 0.72
1 0.05166666666666667 0.46444444444444444 0.10333333333333335 0.4488888888888889
1 0.7075 0.47 0.18166666666666667 0.5888888888888889
1 0.09666666666666668 0.3011111111111111 0.03333333333333333 0.11333333333333333
1 0.9708333333333334 0.2 0.03833333333333334 0.1288888888888889
1 0.9291666666666667 0.19777777777777777 0.04166666666666667 0.13777777777777778
1 0.9783333333333334 0.35555555555555557 0.043333333333333335 0.27555555555555555
1 0.5108333333333334 0.3488888888888889 0.035 0.2088888888888889
1 0.55 0.2688888888888889 0.05333333333333334 0.09777777777777778
