1 0.16183035714285712 0.5669642857142857 0.22098214285714285 0.7291666666666666
1 0.25334821428571425 0.4255952380952381 0.171875 0.5654761904761905
1 0.2823660714285714 0.3586309523809524 0.140625 0.4672619047619047
1 0.32366071428571425 0.22767857142857142 0.08482142857142856 0.27678571428571425
1 0.3872767857142857 0.2232142857142857 0.08705357142857142 0.2857142857142857
1 0.3683035714285714 0.19047619047619047 0.07142857142857142 0.23809523809523808
1 0.6015625 0.5342261904761905 0.234375 0.7708333333333333
1 0.5345982142857143 0.4255952380952381 0.16741071428571427 0.5476190476190476
1 0.5044642857142857 0.34226190476190477 0.13839285714285712 0.4583333333333333
1 0.8995535714285714 0.5 0.1919642857142857 0.6309523809523809
1 0.8191964285714285 0.39732142857142855 0.1294642857142857 0.431547619047619
1 0.9575892857142857 0.29166666666666663 0.08482142857142856 0.33928571428571425
