1 0.01 0.8102678571428571 0.02 0.12053571428571427
1 0.02416666666666667 0.7723214285714285 0.028333333333333335 0.09821428571428571
1 0.04666666666666667 0.7645089285714285 0.023333333333333334 0.08258928571428571
1 0.06666666666666667 0.7767857142857142 0.030000000000000002 0.09821428571428571
1 0.12166666666666667 0.8147321428571428 0.03333333333333333 0.11160714285714285
1 0.14083333333333334 0.8292410714285714 0.035 0.11383928571428571
1 0.24333333333333335 0.7477678571428571 0.02666666666666667 0.09375
1 0.2725 0.7243303571428571 0.028333333333333335 0.09151785714285714
1 0.29750000000000004 0.7131696428571428 0.021666666666666667 0.078125
1 0.33916666666666667 0.7053571428571428 0.025 0.08482142857142856
1 0.36083333333333334 0.7131696428571428 0.021666666666666667 0.078125
1 0.6125 0.7823660714285714 0.03166666666666667 0.109375
1 0.2941666666666667 0.9252232142857142 0.03833333333333334 0.13169642857142858
1 0.2541666666666667 0.9453125 0.028333333333333335 0.09598214285714285
1 0.6416666666666667 0.7901785714285714 0.030000000000000002 0.10267857142857142
1 0.6683333333333333 0.7957589285714285 0.030000000000000002 0.09598214285714285
1 0.6325000000000001 0.9386160714285714 0.03166666666666667 0.109375
1 0.7616666666666667 0.9787946428571428 0.03333333333333333 0.03794642857142857
1 0.9375000000000001 0.96875 0.065 0.05803571428571428
