1 0.23697916666666666 0.6574803149606299 0.06770833333333333 0.25196850393700787
1 0.2747395833333333 0.6220472440944882 0.06510416666666666 0.25196850393700787
1 0.3255208333333333 0.6929133858267716 0.06770833333333333 0.25196850393700787
1 0.3880208333333333 0.6594488188976377 0.07291666666666666 0.2795275590551181
1 0.31640625 0.6318897637795275 0.0703125 0.27165354330708663
1 0.45182291666666663 0.3799212598425197 0.049479166666666664 0.18503937007874016
1 0.19661458333333331 0.3248031496062992 0.028645833333333332 0.1062992125984252
1 0.4765625 0.547244094488189 0.057291666666666664 0.2125984251968504
1 0.5026041666666666 0.5590551181102362 0.05208333333333333 0.2047244094488189
1 0.52734375 0.5669291338582677 0.0546875 0.2125984251968504
1 0.5677083333333333 0.5787401574803149 0.0625 0.23622047244094488
1 0.59765625 0.5905511811023622 0.05989583333333333 0.22834645669291337
1 0.6432291666666666 0.6003937007874016 0.0625 0.24015748031496062
1 0.6783854166666666 0.6161417322834646 0.0703125 0.2559055118110236
1 0.7265625 0.6437007874015748 0.06770833333333333 0.24803149606299213
1 0.7682291666666666 0.6181102362204725 0.06770833333333333 0.25196850393700787
1 0.8046875 0.6043307086614174 0.0625 0.24015748031496062
1 0.84375 0.5748031496062992 0.0625 0.2440944881889764
1 0.8763020833333333 0.562992125984252 0.06510416666666666 0.2440944881889764
1 0.8997395833333333 0.5492125984251969 0.06510416666666666 0.24015748031496062
1 0.9244791666666666 0.5393700787401575 0.0625 0.23622047244094488
1 0.9622395833333333 0.39370078740157477 0.049479166666666664 0.1889763779527559
1 0.20833333333333331 0.7460629921259843 0.09375 0.16929133858267717
1 0.796875 0.3425196850393701 0.026041666666666664 0.08661417322834646
1 0.83984375 0.3425196850393701 0.028645833333333332 0.09448818897637795
1 0.87890625 0.35039370078740156 0.033854166666666664 0.07874015748031496
