1 0.8212389380530973 0.535377358490566 0.09911504424778761 0.32075471698113206
1 0.8787610619469026 0.44811320754716977 0.023008849557522124 0.08018867924528301
1 0.9088495575221239 0.44811320754716977 0.019469026548672566 0.07075471698113207
1 0.9283185840707965 0.4375 0.02654867256637168 0.09198113207547169
1 0.9610619469026549 0.4445754716981132 0.02831858407079646 0.09198113207547169
1 0.947787610619469 0.44693396226415094 0.023008849557522124 0.07783018867924528
1 0.1831858407079646 0.5813679245283019 0.08672566371681416 0.285377358490566
1 0.24690265486725663 0.5731132075471698 0.0831858407079646 0.27358490566037735
1 0.315929203539823 0.5412735849056604 0.0831858407079646 0.27594339622641506
1 0.36194690265486723 0.535377358490566 0.07610619469026549 0.25471698113207547
1 0.41858407079646015 0.5306603773584906 0.06548672566371681 0.21698113207547168
1 0.4654867256637168 0.5200471698113207 0.07079646017699115 0.23820754716981132
1 0.5504424778761062 0.508254716981132 0.06371681415929203 0.21462264150943394
1 0.034513274336283185 0.5813679245283019 0.06902654867256637 0.3089622641509434
1 0.1079646017699115 0.5672169811320754 0.08141592920353982 0.2665094339622641
1 0.14513274336283186 0.5742924528301887 0.08495575221238938 0.28066037735849053
1 0.6707964601769911 0.6403301886792453 0.1592920353982301 0.28066037735849053
1 0.7769911504424779 0.6096698113207547 0.07079646017699115 0.27594339622641506
1 0.8185840707964601 0.5294811320754716 0.061946902654867256 0.16745283018867924
1 0.911504424778761 0.5507075471698113 0.06017699115044248 0.1721698113207547
