1 0.52880859375 0.78671875 0.0615234375 0.24531250000000002
1 0.62451171875 0.7429687500000001 0.0693359375 0.2734375
1 0.677734375 0.69453125 0.029296875 0.1171875
1 0.69482421875 0.67890625 0.0205078125 0.0859375
1 0.712890625 0.68515625 0.0234375 0.0921875
1 0.74853515625 0.6960937500000001 0.0302734375 0.1171875
1 0.7734375 0.6921875000000001 0.033203125 0.13125
1 0.822265625 0.7132812500000001 0.052734375 0.2109375
1 0.1083984375 0.2703125 0.10546875 0.421875
1 0.80224609375 0.37031250000000004 0.0341796875 0.059375000000000004
1 0.77294921875 0.39609375 0.0263671875 0.06406250000000001
1 0.822265625 0.47109375000000003 0.03515625 0.0734375
1 0.77490234375 0.4765625 0.0224609375 0.040625
1 0.71484375 0.553125 0.02734375 0.08750000000000001
1 0.6982421875 0.603125 0.015625 0.043750000000000004
