1 0.23800000000000002 0.7056962025316456 0.148 0.5759493670886076
1 0.332 0.7325949367088608 0.132 0.5094936708860759
1 0.722 0.7009493670886076 0.128 0.49683544303797467
1 0.8300000000000001 0.7088607594936709 0.124 0.4810126582278481
1 0.919 0.7041139240506329 0.094 0.3639240506329114
1 0.674 0.6819620253164557 0.1 0.38924050632911394
1 0.04 0.3876582278481013 0.064 0.25
1 0.112 0.3860759493670886 0.06 0.23417721518987342
1 0.17400000000000002 0.38924050632911394 0.06 0.23417721518987342
1 0.229 0.3829113924050633 0.058 0.23417721518987342
1 0.279 0.4003164556962025 0.058 0.22468354430379747
1 0.327 0.3971518987341772 0.058 0.2310126582278481
1 0.35000000000000003 0.4003164556962025 0.056 0.21835443037974683
1 0.401 0.43196202531645567 0.046 0.18037974683544303
1 0.491 0.4810126582278481 0.038 0.1518987341772152
1 0.129 0.4699367088607595 0.046 0.11075949367088607
1 0.16 0.45569620253164556 0.04 0.10759493670886076
