1 0.8953333333333333 0.7322064056939501 0.15866666666666665 0.5177935943060498
1 0.7326666666666667 0.7153024911032028 0.11599999999999999 0.37722419928825623
1 0.7173333333333333 0.693950177935943 0.104 0.3416370106761566
1 0.6786666666666666 0.6948398576512456 0.096 0.3113879003558719
1 0.5753333333333334 0.7277580071174377 0.11866666666666666 0.3879003558718861
1 0.6226666666666666 0.6743772241992882 0.08533333333333333 0.28113879003558717
1 0.5233333333333333 0.7135231316725978 0.10533333333333333 0.34519572953736655
1 0.44866666666666666 0.6441281138790035 0.06 0.199288256227758
1 0.41333333333333333 0.641459074733096 0.05333333333333333 0.17615658362989323
1 0.39799999999999996 0.641459074733096 0.04666666666666666 0.1583629893238434
1 0.37066666666666664 0.6316725978647687 0.056 0.18861209964412812
1 0.32066666666666666 0.6343416370106761 0.04666666666666666 0.1583629893238434
1 0.2853333333333333 0.6556939501779359 0.072 0.23309608540925267
1 0.218 0.6877224199288255 0.07866666666666666 0.2580071174377224
1 0.06 0.6886120996441281 0.08 0.2597864768683274
1 0.14933333333333332 0.6316725978647687 0.04533333333333333 0.14590747330960854
1 0.18733333333333332 0.6218861209964412 0.04666666666666666 0.15480427046263345
1 0.11666666666666667 0.6138790035587188 0.028 0.09608540925266904
1 0.03866666666666667 0.603202846975089 0.03733333333333333 0.12099644128113879
1 0.18533333333333332 0.7766903914590747 0.03733333333333333 0.13345195729537365
1 0.148 0.7784697508896796 0.03733333333333333 0.14768683274021352
1 0.2886666666666667 0.8923487544483986 0.07333333333333333 0.20818505338078291
1 0.222 0.9074733096085409 0.06 0.17437722419928825
1 0.3213333333333333 0.7998220640569395 0.050666666666666665 0.1690391459074733
1 0.37266666666666665 0.8220640569395017 0.04933333333333333 0.1708185053380783
1 0.4086666666666667 0.8176156583629893 0.04666666666666666 0.1868327402135231
