1 0.34125 0.8026315789473684 0.0625 0.22932330827067668
1 0.665 0.8157894736842105 0.065 0.24060150375939848
1 0.15 0.5864661654135338 0.04 0.15789473684210525
1 0.25 0.5902255639097744 0.045 0.16541353383458646
1 0.33 0.5112781954887218 0.04 0.15037593984962405
1 0.42875 0.5206766917293233 0.0425 0.15413533834586465
1 0.5575 0.5902255639097744 0.045 0.17293233082706766
1 0.66 0.5902255639097744 0.05 0.18045112781954886
1 0.7212500000000001 0.5056390977443609 0.0425 0.16165413533834586
1 0.81625 0.5112781954887218 0.0425 0.16541353383458646
1 0.86625 0.42105263157894735 0.0375 0.14285714285714285
1 0.91125 0.49248120300751874 0.0375 0.15037593984962405
1 0.76 0.23872180451127817 0.03 0.10902255639097744
1 0.69125 0.20300751879699247 0.0275 0.11278195488721804
1 0.62125 0.14849624060150374 0.0325 0.13157894736842105
1 0.5675 0.14285714285714285 0.03 0.11278195488721804
1 0.51 0.19360902255639095 0.03 0.10902255639097744
1 0.44875 0.23308270676691728 0.0275 0.10526315789473684
