1 0.7420289855072464 0.5918762088974855 0.2463768115942029 0.8007736943907157
1 0.2782608695652174 0.6634429400386848 0.14782608695652175 0.4835589941972921
1 0.41304347826086957 0.5174081237911026 0.0782608695652174 0.2572533849129594
1 0.4405797101449275 0.47388781431334626 0.06376811594202898 0.20889748549323017
1 0.4623188405797102 0.39748549323017407 0.03768115942028986 0.12572533849129594
1 0.49927536231884057 0.3539651837524178 0.015942028985507246 0.058027079303675046
1 0.2942028985507246 0.43036750483558994 0.03768115942028986 0.12959381044487428
1 0.20434782608695654 0.4071566731141199 0.02318840579710145 0.0793036750483559
1 0.10217391304347827 0.4381044487427466 0.01884057971014493 0.06382978723404255
1 0.572463768115942 0.33268858800773693 0.011594202898550725 0.03868471953578337
1 0.1746376811594203 0.6692456479690523 0.11739130434782609 0.17408123791102514
