1 0.01627906976744186 0.5121951219512195 0.03255813953488372 0.18118466898954705
1 0.04534883720930233 0.4912891986062718 0.044186046511627906 0.17421602787456447
1 0.08255813953488372 0.45818815331010454 0.03953488372093023 0.14285714285714285
1 0.10930232558139535 0.4268292682926829 0.03255813953488372 0.12195121951219512
1 0.14534883720930233 0.41986062717770034 0.02558139534883721 0.09407665505226481
1 0.13953488372093023 0.5174216027874564 0.05116279069767442 0.18466898954703834
1 0.07093023255813953 0.6097560975609756 0.06744186046511627 0.24390243902439024
1 0.22209302325581395 0.3902439024390244 0.020930232558139535 0.07665505226480836
1 0.24651162790697673 0.38153310104529614 0.023255813953488372 0.09407665505226481
1 0.2802325581395349 0.3606271777003484 0.02558139534883721 0.09407665505226481
1 0.30465116279069765 0.35365853658536583 0.023255813953488372 0.08710801393728224
1 0.3267441860465116 0.34843205574912894 0.020930232558139535 0.08362369337979095
1 0.3441860465116279 0.33797909407665505 0.023255813953488372 0.08362369337979095
1 0.3523255813953488 0.33797909407665505 0.020930232558139535 0.07665505226480836
1 0.3709302325581395 0.33797909407665505 0.020930232558139535 0.08362369337979095
1 0.38372093023255816 0.3327526132404181 0.023255813953488372 0.09407665505226481
1 0.3941860465116279 0.34494773519163763 0.020930232558139535 0.08362369337979095
1 0.4069767441860465 0.34494773519163763 0.023255813953488372 0.08362369337979095
1 0.43953488372093025 0.33797909407665505 0.023255813953488372 0.08362369337979095
1 0.44883720930232557 0.3310104529616725 0.018604651162790697 0.07665505226480836
1 0.48023255813953486 0.32752613240418116 0.020930232558139535 0.08362369337979095
1 0.49302325581395345 0.34494773519163763 0.023255813953488372 0.09059233449477352
1 0.5232558139534884 0.34494773519163763 0.023255813953488372 0.08362369337979095
1 0.5116279069767442 0.32926829268292684 0.018604651162790697 0.08013937282229965
1 0.5337209302325582 0.32578397212543553 0.020930232558139535 0.08013937282229965
1 0.55 0.3362369337979094 0.020930232558139535 0.08013937282229965
1 0.5604651162790698 0.32926829268292684 0.018604651162790697 0.07317073170731707
1 0.5813953488372093 0.32578397212543553 0.018604651162790697 0.07317073170731707
1 0.6290697674418605 0.367595818815331 0.03488372093023256 0.1289198606271777
1 0.6534883720930232 0.34146341463414637 0.023255813953488372 0.08362369337979095
1 0.6662790697674419 0.34146341463414637 0.02558139534883721 0.09059233449477352
1 0.6941860465116279 0.3641114982578397 0.02558139534883721 0.10104529616724739
1 0.7151162790697674 0.34494773519163763 0.01627906976744186 0.06968641114982578
1 0.677906976744186 0.3310104529616725 0.01627906976744186 0.06968641114982578
1 0.9011627906976744 0.4878048780487805 0.03953488372093023 0.15331010452961671
1 0.9697674418604652 0.4738675958188153 0.04186046511627907 0.15331010452961671
1 0.7767441860465116 0.3989547038327526 0.018604651162790697 0.08013937282229965
1 0.7930232558139535 0.40418118466898956 0.023255813953488372 0.08362369337979095
1 0.813953488372093 0.3989547038327526 0.018604651162790697 0.06620209059233449
1 0.9686046511627907 0.7282229965156795 0.06279069767441861 0.3205574912891986
1 0.8651162790697674 0.6149825783972126 0.06976744186046512 0.2613240418118467
1 0.8151162790697675 0.5470383275261324 0.05813953488372093 0.2229965156794425
1 0.7546511627906977 0.4878048780487805 0.053488372093023255 0.20209059233449478
1 0.7174418604651163 0.7282229965156795 0.09069767441860466 0.3344947735191638
1 0.6348837209302326 0.7125435540069687 0.09302325581395349 0.33797909407665505
1 0.686046511627907 0.6114982578397212 0.07441860465116279 0.28222996515679444
1 0.6 0.5923344947735192 0.06511627906976744 0.23693379790940766
1 0.5593023255813954 0.5418118466898955 0.05813953488372093 0.21254355400696864
1 0.6604651162790698 0.5400696864111498 0.05581395348837209 0.21602787456445993
1 0.6476744186046511 0.48606271777003485 0.04883720930232558 0.17770034843205576
1 0.5430232558139535 0.47735191637630664 0.044186046511627906 0.1602787456445993
1 0.3732558139534884 0.735191637630662 0.09069767441860466 0.34146341463414637
1 0.3941860465116279 0.6202090592334495 0.07674418604651162 0.2857142857142857
1 0.4174418604651163 0.5470383275261324 0.06744186046511627 0.24390243902439024
1 0.4267441860465116 0.4634146341463415 0.03953488372093023 0.14634146341463414
1 0.3395348837209302 0.524390243902439 0.05581395348837209 0.21254355400696864
1 0.32325581395348835 0.4895470383275261 0.05116279069767442 0.18466898954703834
1 0.2895348837209302 0.6097560975609756 0.06744186046511627 0.2508710801393728
1 0.21511627906976744 0.4965156794425087 0.04883720930232558 0.17770034843205576
1 0.16511627906976745 0.41986062717770034 0.027906976744186046 0.10801393728222997
1 0.1744186046511628 0.7264808362369338 0.08837209302325581 0.3240418118466899
