1 0.3892857142857143 0.5300429184549357 0.11285714285714285 0.41630901287553645
1 0.3292857142857143 0.4645922746781116 0.04428571428571428 0.16523605150214593
1 0.5314285714285715 0.5171673819742489 0.09428571428571429 0.34334763948497854
1 0.7207142857142858 0.5622317596566524 0.11857142857142858 0.43776824034334766
1 0.7071428571428572 0.2982832618025751 0.02 0.07296137339055794
1 0.013571428571428571 0.48283261802575106 0.027142857142857142 0.19742489270386265
1 0.01 0.16952789699570817 0.02 0.12875536480686695
1 0.235 0.16952789699570817 0.007142857142857143 0.030042918454935622
1 0.295 0.19206008583690987 0.012857142857142857 0.0536480686695279
1 0.325 0.19527896995708155 0.012857142857142857 0.05150214592274678
1 0.35428571428571426 0.20493562231759657 0.014285714285714285 0.05793991416309013
1 0.38 0.2113733905579399 0.014285714285714285 0.0536480686695279
1 0.40785714285714286 0.2145922746781116 0.015714285714285715 0.055793991416309016
1 0.4342857142857143 0.21888412017167383 0.014285714285714285 0.055793991416309016
1 0.4635714285714286 0.23068669527896996 0.012857142857142857 0.04935622317596566
1 0.48857142857142855 0.2349785407725322 0.011428571428571429 0.04935622317596566
1 0.5164285714285715 0.23819742489270387 0.012857142857142857 0.047210300429184546
1 0.5664285714285714 0.2521459227467811 0.01 0.0407725321888412
1 0.5942857142857143 0.2553648068669528 0.011428571428571429 0.04291845493562232
1 0.6171428571428571 0.2607296137339056 0.011428571428571429 0.0407725321888412
1 0.6814285714285714 0.48175965665236054 0.03142857142857143 0.11373390557939914
1 0.6928571428571428 0.48605150214592274 0.02857142857142857 0.10515021459227468
1 0.6507142857142857 0.47639484978540775 0.027142857142857142 0.1072961373390558
1 0.6378571428571429 0.48283261802575106 0.027142857142857142 0.10300429184549356
1 0.6257142857142857 0.47854077253218885 0.02857142857142857 0.1072961373390558
1 0.6114285714285714 0.4796137339055794 0.02857142857142857 0.10515021459227468
1 0.5978571428571429 0.47746781115879827 0.03 0.11802575107296137
1 0.52 0.47746781115879827 0.03142857142857143 0.11802575107296137
1 0.5092857142857142 0.47854077253218885 0.03 0.11587982832618025
1 0.58 0.4796137339055794 0.02857142857142857 0.10944206008583691
1 0.49 0.47639484978540775 0.03428571428571429 0.12446351931330472
1 0.47 0.47639484978540775 0.03142857142857143 0.12017167381974249
1 0.4492857142857143 0.47317596566523606 0.032857142857142856 0.1223175965665236
1 0.8821428571428571 0.34012875536480686 0.018571428571428572 0.06652360515021459
1 0.895 0.34549356223175964 0.015714285714285715 0.06437768240343347
1 0.9264285714285714 0.33905579399141633 0.015714285714285715 0.06437768240343347
1 0.9435714285714286 0.34549356223175964 0.018571428571428572 0.07296137339055794
1 0.2621428571428571 0.23283261802575106 0.032857142857142856 0.1223175965665236
