1 0.03833333333333334 0.305 0.07666666666666667 0.28
1 0.07166666666666667 0.2025 0.023333333333333334 0.095
1 0.16166666666666668 0.5275 0.25 0.925
1 0.25333333333333335 0.435 0.19333333333333336 0.72
1 0.305 0.3675 0.14333333333333334 0.535
1 0.37833333333333335 0.385 0.14333333333333334 0.54
1 0.4683333333333334 0.355 0.16333333333333333 0.61
1 0.5316666666666667 0.4 0.15000000000000002 0.55
1 0.675 0.52 0.25 0.92
1 0.8033333333333333 0.5275 0.24000000000000002 0.875
1 0.9166666666666667 0.3825 0.16666666666666669 0.665
1 0.5700000000000001 0.375 0.14 0.53
1 0.42000000000000004 0.265 0.06666666666666667 0.25
1 0.9800000000000001 0.29 0.04 0.26
1 0.3466666666666667 0.3175 0.1 0.375
