1 0.018544935805991442 0.8605527638190955 0.037089871611982884 0.24874371859296482
1 0.09700427960057062 0.8706030150753769 0.05135520684736092 0.228643216080402
1 0.07560627674750357 0.8467336683417086 0.06562054208273894 0.2814070351758794
1 0.1761768901569187 0.8542713567839196 0.06134094151212554 0.271356783919598
1 0.29101283880171186 0.7261306532663316 0.04850213980028531 0.21105527638190955
1 0.5477888730385164 0.771356783919598 0.042796005706134094 0.18592964824120603
1 0.5399429386590585 0.7324120603015075 0.03851640513552069 0.17336683417085427
1 0.9707560627674751 0.800251256281407 0.05848787446504993 0.37939698492462315
1 0.9044222539229673 0.8153266331658292 0.07988587731811697 0.3492462311557789
1 0.9336661911554922 0.707286432160804 0.04136947218259629 0.18341708542713567
1 0.9657631954350927 0.7487437185929648 0.06562054208273894 0.2814070351758794
1 0.7895863052781741 0.8190954773869347 0.07845934379457918 0.33668341708542715
1 0.7025677603423681 0.8291457286432161 0.06990014265335236 0.30150753768844224
1 0.7261055634807418 0.7801507537688442 0.08273894436519258 0.3542713567839196
1 0.8380884450784594 0.7035175879396985 0.03566333808844508 0.15577889447236182
1 0.8716119828815977 0.7537688442211056 0.05706134094151213 0.24623115577889448
1 0.8858773181169758 0.7889447236180904 0.06562054208273894 0.2914572864321608
1 0.9500713266761769 0.6947236180904522 0.039942938659058486 0.17336683417085427
1 0.6262482168330956 0.7223618090452262 0.05135520684736092 0.2185929648241206
1 0.6426533523537803 0.714824120603015 0.04136947218259629 0.18341708542713567
1 0.6569186875891584 0.8015075376884422 0.03281027104136947 0.1407035175879397
1 0.674037089871612 0.7248743718592965 0.047075606276747506 0.2085427135678392
1 0.5877318116975749 0.7135678391959799 0.04850213980028531 0.20603015075376885
1 0.5670470756062768 0.7010050251256281 0.047075606276747506 0.20100502512562815
1 0.5206847360912982 0.7010050251256281 0.037089871611982884 0.16080402010050251
1 0.6854493580599145 0.6972361809045227 0.0442225392296719 0.1934673366834171
1 0.5035663338088445 0.699748743718593 0.037089871611982884 0.15829145728643215
1 0.4893009985734665 0.6871859296482412 0.028530670470756064 0.12311557788944724
1 0.6105563480741798 0.6821608040201005 0.028530670470756064 0.12311557788944724
1 0.019971469329529243 0.6268844221105527 0.011412268188302425 0.04773869346733668
1 0.03281027104136947 0.6306532663316583 0.011412268188302425 0.05527638190954774
1 0.004992867332382311 0.6331658291457286 0.007132667617689016 0.04020100502512563
1 0.46576319543509276 0.7198492462311558 0.03851640513552069 0.15326633165829145
1 0.609129814550642 0.7889447236180904 0.037089871611982884 0.09045226130653267
1 0.8081312410841655 0.6231155778894473 0.015691868758915834 0.035175879396984924
1 0.8473609129814551 0.6180904522613065 0.019971469329529243 0.04020100502512563
1 0.4322396576319544 0.7010050251256281 0.02282453637660485 0.12060301507537688
1 0.41084165477888734 0.7022613065326633 0.02282453637660485 0.12311557788944724
1 0.38730385164051356 0.6959798994974874 0.024251069900142655 0.12060301507537688
1 0.36590584878744653 0.6758793969849246 0.021398002853067047 0.07035175879396985
1 0.3388017118402283 0.6821608040201005 0.024251069900142655 0.09296482412060302
1 0.3131241084165478 0.657035175879397 0.015691868758915834 0.04773869346733668
1 0.20399429386590587 0.6758793969849246 0.02567760342368046 0.09547738693467336
1 0.18045649072753212 0.6545226130653267 0.021398002853067047 0.0678391959798995
1 0.15834522111269617 0.6557788944723618 0.019971469329529243 0.04522613065326633
1 0.08345221112696148 0.6494974874371859 0.015691868758915834 0.03768844221105528
1 0.09985734664764623 0.6482412060301508 0.014265335235378032 0.035175879396984924
1 0.1369472182596291 0.6545226130653267 0.02282453637660485 0.05778894472361809
1 0.11626248216833096 0.6545226130653267 0.018544935805991442 0.052763819095477386
1 0.23109843081312412 0.6507537688442211 0.014265335235378032 0.05527638190954774
1 0.24893009985734665 0.6633165829145728 0.018544935805991442 0.08040201005025126
1 0.27246790299572043 0.6733668341708543 0.02282453637660485 0.09045226130653267
