1 0.08333333333333333 0.6791666666666667 0.16666666666666666 0.6316666666666667
1 0.19111111111111112 0.7016666666666667 0.15777777777777777 0.5766666666666667
1 0.2861111111111111 0.6983333333333334 0.16333333333333333 0.5966666666666667
1 0.425 0.6858333333333334 0.16777777777777778 0.615
1 0.4816666666666667 0.6775 0.17222222222222222 0.635
1 0.22722222222222221 0.5575 0.12777777777777777 0.4683333333333334
1 0.3561111111111111 0.4216666666666667 0.052222222222222225 0.19333333333333336
1 0.5627777777777778 0.5750000000000001 0.11 0.4066666666666667
1 0.7211111111111111 0.7375 0.14 0.5116666666666667
1 0.9411111111111111 0.7300000000000001 0.11777777777777777 0.5233333333333333
1 0.8944444444444445 0.7075 0.13111111111111112 0.48500000000000004
1 0.6183333333333333 0.4575 0.05 0.18166666666666667
1 0.6505555555555556 0.4141666666666667 0.03222222222222222 0.11833333333333335
1 0.7705555555555555 0.42583333333333334 0.034444444444444444 0.125
1 0.6766666666666666 0.35000000000000003 0.02 0.07666666666666667
1 0.7227777777777777 0.3541666666666667 0.014444444444444444 0.05166666666666667
1 0.6888888888888889 0.42333333333333334 0.022222222222222223 0.08666666666666667
1 0.3111111111111111 0.5758333333333334 0.11333333333333333 0.41833333333333333
1 0.2461111111111111 0.39916666666666667 0.034444444444444444 0.13166666666666668
1 0.8133333333333334 0.5341666666666667 0.07333333333333333 0.14166666666666666
1 0.3211111111111111 0.33416666666666667 0.03111111111111111 0.06833333333333334
1 0.275 0.3666666666666667 0.027777777777777776 0.04666666666666667
1 0.041666666666666664 0.3216666666666667 0.021111111111111112 0.03666666666666667
1 0.175 0.3416666666666667 0.01888888888888889 0.05
1 0.1288888888888889 0.37083333333333335 0.02 0.04833333333333334
1 0.0077777777777777776 0.38083333333333336 0.015555555555555555 0.058333333333333334
