1 0.5063176895306859 0.5869565217391305 0.12454873646209387 0.4956521739130435
1 0.02256317689530686 0.5159420289855072 0.04512635379061372 0.2782608695652174
1 0.04422382671480145 0.5101449275362319 0.0631768953068592 0.25507246376811593
1 0.11462093862815885 0.5434782608695652 0.09566787003610108 0.3739130434782609
1 0.15072202166064982 0.5492753623188406 0.0776173285198556 0.3101449275362319
1 0.18953068592057762 0.5231884057971015 0.07942238267148015 0.3101449275362319
1 0.2120938628158845 0.5130434782608696 0.0703971119133574 0.28405797101449276
1 0.24458483754512636 0.5028985507246377 0.06678700361010831 0.263768115942029
1 0.33935018050541516 0.5536231884057972 0.08664259927797835 0.34782608695652173
1 0.37274368231046934 0.5463768115942029 0.0812274368231047 0.3159420289855073
1 0.3925992779783394 0.5130434782608696 0.08483754512635379 0.33043478260869563
1 0.41787003610108303 0.5144927536231884 0.0703971119133574 0.2753623188405797
1 0.43592057761732855 0.5072463768115942 0.0631768953068592 0.25507246376811593
1 0.5523465703971119 0.5507246376811594 0.08303249097472924 0.336231884057971
1 0.575812274368231 0.5449275362318841 0.07942238267148015 0.31884057971014496
1 0.5929602888086642 0.527536231884058 0.0740072202166065 0.2898550724637681
1 0.7400722021660651 0.5072463768115942 0.06137184115523466 0.2492753623188406
1 0.7707581227436824 0.5507246376811594 0.09025270758122744 0.3536231884057971
1 0.9377256317689531 0.5246376811594203 0.06678700361010831 0.26666666666666666
1 0.9133574007220217 0.4985507246376812 0.06859205776173286 0.26666666666666666
1 0.9765342960288809 0.5391304347826087 0.04693140794223827 0.32463768115942027
1 0.9729241877256318 0.527536231884058 0.05415162454873646 0.3072463768115942
