1 0.041935483870967745 0.5415094339622641 0.03655913978494624 0.16226415094339622
1 0.07204301075268817 0.5188679245283019 0.03655913978494624 0.15471698113207547
1 0.09247311827956989 0.5754716981132075 0.03870967741935484 0.16981132075471697
1 0.0978494623655914 0.5566037735849056 0.03655913978494624 0.16226415094339622
1 0.13978494623655913 0.5377358490566038 0.025806451612903226 0.12452830188679245
1 0.15913978494623657 0.5754716981132075 0.03870967741935484 0.17735849056603772
1 0.1913978494623656 0.5037735849056604 0.012903225806451613 0.05660377358490566
1 0.3817204301075269 0.620754716981132 0.04086021505376344 0.1849056603773585
1 0.43870967741935485 0.6018867924528302 0.043010752688172046 0.19245283018867926
1 0.46774193548387094 0.6188679245283019 0.023655913978494623 0.10566037735849057
1 0.4978494623655914 0.5962264150943396 0.03655913978494624 0.1660377358490566
1 0.33763440860215055 0.4830188679245283 0.017204301075268817 0.07547169811320754
1 0.46236559139784944 0.49056603773584906 0.012903225806451613 0.06792452830188679
1 0.5204301075268817 0.4962264150943396 0.017204301075268817 0.07924528301886792
1 0.5408602150537635 0.49245283018867925 0.01935483870967742 0.07924528301886792
1 0.5698924731182796 0.5037735849056604 0.012903225806451613 0.06415094339622641
1 0.6655913978494624 0.5490566037735849 0.023655913978494623 0.1018867924528302
1 0.5913978494623656 0.5226415094339623 0.025806451612903226 0.06415094339622641
1 0.9849462365591398 0.5358490566037736 0.025806451612903226 0.06037735849056604
