1 0.07938388625592417 0.37755102040816324 0.011848341232227489 0.04081632653061224
1 0.10071090047393366 0.3656462585034013 0.007109004739336493 0.03741496598639456
1 0.13744075829383887 0.3333333333333333 0.009478672985781991 0.04081632653061224
1 0.15165876777251186 0.3333333333333333 0.009478672985781991 0.03401360544217687
1 0.1646919431279621 0.3282312925170068 0.007109004739336493 0.03741496598639456
1 0.2061611374407583 0.32653061224489793 0.009478672985781991 0.04081632653061224
1 0.3139810426540285 0.5901360544217686 0.016587677725118485 0.057823129251700675
1 0.29976303317535546 0.5918367346938775 0.011848341232227489 0.05442176870748299
1 0.23815165876777253 0.5238095238095238 0.007109004739336493 0.03401360544217687
1 0.3364928909952607 0.6003401360544217 0.018957345971563982 0.06462585034013606
1 0.3246445497630332 0.6615646258503401 0.014218009478672987 0.057823129251700675
1 0.3649289099526067 0.6683673469387755 0.018957345971563982 0.06462585034013606
1 0.4786729857819906 0.5663265306122449 0.018957345971563982 0.07142857142857142
1 0.4964454976303318 0.5748299319727891 0.016587677725118485 0.06802721088435373
1 0.5746445497630333 0.5187074829931972 0.011848341232227489 0.04421768707482993
1 0.5213270142180095 0.5697278911564626 0.014218009478672987 0.057823129251700675
1 0.6291469194312796 0.5221088435374149 0.011848341232227489 0.05102040816326531
1 0.6540284360189574 0.7534013605442177 0.028436018957345974 0.10544217687074829
1 0.6303317535545024 0.7568027210884354 0.023696682464454978 0.09183673469387754
1 0.6255924170616114 0.6989795918367346 0.014218009478672987 0.057823129251700675
1 0.6018957345971564 0.75 0.028436018957345974 0.11224489795918367
1 0.5770142180094787 0.7772108843537414 0.03080568720379147 0.11904761904761904
1 0.5355450236966826 0.7108843537414966 0.023696682464454978 0.08163265306122448
1 0.5592417061611374 0.6632653061224489 0.023696682464454978 0.08843537414965986
1 0.5509478672985783 0.6496598639455782 0.02132701421800948 0.07482993197278912
1 0.5011848341232228 0.6870748299319728 0.026066350710900476 0.08843537414965986
1 0.4632701421800948 0.6768707482993197 0.02132701421800948 0.08163265306122448
1 0.48104265402843605 0.6632653061224489 0.018957345971563982 0.06802721088435373
1 0.4407582938388626 0.5816326530612245 0.009478672985781991 0.04081632653061224
1 0.7855450236966826 0.6666666666666666 0.007109004739336493 0.03401360544217687
1 0.7357819905213271 0.641156462585034 0.011848341232227489 0.05102040816326531
1 0.7026066350710901 0.6785714285714285 0.016587677725118485 0.057823129251700675
1 0.7037914691943129 0.7431972789115646 0.014218009478672987 0.05102040816326531
1 0.6990521327014219 0.8401360544217686 0.028436018957345974 0.10884353741496598
1 0.7476303317535545 0.858843537414966 0.03554502369668247 0.1326530612244898
1 0.8080568720379148 0.8316326530612245 0.018957345971563982 0.0782312925170068
1 0.20497630331753555 0.6377551020408163 0.016587677725118485 0.057823129251700675
1 0.2571090047393365 0.6241496598639455 0.02132701421800948 0.0782312925170068
1 0.2523696682464455 0.9030612244897959 0.03080568720379147 0.11904761904761904
1 0.1943127962085308 0.9506802721088435 0.023696682464454978 0.08503401360544217
1 0.21682464454976305 0.945578231292517 0.026066350710900476 0.08843537414965986
1 0.27725118483412325 0.9506802721088435 0.023696682464454978 0.08503401360544217
1 0.44194312796208535 0.8129251700680272 0.03080568720379147 0.11564625850340135
1 0.42061611374407587 0.8214285714285714 0.026066350710900476 0.09183673469387754
1 0.40165876777251186 0.7670068027210885 0.02132701421800948 0.08503401360544217
1 0.40758293838862564 0.6989795918367346 0.028436018957345974 0.09863945578231292
1 0.4443127962085308 0.70578231292517 0.02132701421800948 0.0782312925170068
1 0.3305687203791469 0.5561224489795918 0.011848341232227489 0.04421768707482993
1 0.37440758293838866 0.9319727891156462 0.03317535545023697 0.1292517006802721
1 0.4454976303317536 0.9523809523809523 0.023696682464454978 0.08163265306122448
1 0.4561611374407583 0.9387755102040816 0.03080568720379147 0.11564625850340135
1 0.523696682464455 0.9421768707482993 0.028436018957345974 0.10884353741496598
1 0.5734597156398105 0.9387755102040816 0.028436018957345974 0.10884353741496598
1 0.6587677725118484 0.9438775510204082 0.028436018957345974 0.09863945578231292
1 0.7002369668246446 0.9489795918367346 0.026066350710900476 0.08843537414965986
1 0.4040284360189574 0.95578231292517 0.02132701421800948 0.07482993197278912
1 0.34478672985781994 0.8044217687074829 0.03080568720379147 0.11224489795918367
1 0.36137440758293843 0.7908163265306122 0.03554502369668247 0.12585034013605442
1 0.3803317535545024 0.8027210884353742 0.026066350710900476 0.08843537414965986
1 0.3459715639810427 0.7108843537414966 0.014218009478672987 0.047619047619047616
1 0.42535545023696686 0.6921768707482993 0.026066350710900476 0.09863945578231292
1 0.8092417061611376 0.9608843537414966 0.02132701421800948 0.07142857142857142
1 0.8613744075829385 0.9574829931972789 0.02132701421800948 0.0782312925170068
1 0.9419431279620853 0.9591836734693877 0.02132701421800948 0.07482993197278912
1 0.9834123222748816 0.9710884353741496 0.009478672985781991 0.04421768707482993
1 0.9632701421800949 0.6717687074829932 0.011848341232227489 0.04421768707482993
1 0.6575829383886257 0.5833333333333333 0.011848341232227489 0.05102040816326531
1 0.6670616113744077 0.6156462585034014 0.011848341232227489 0.04081632653061224
1 0.6611374407582938 0.6853741496598639 0.018957345971563982 0.06462585034013606
1 0.6244075829383887 0.6360544217687074 0.011848341232227489 0.047619047619047616
1 0.590047393364929 0.6836734693877551 0.023696682464454978 0.09523809523809523
1 0.5734597156398105 0.6071428571428571 0.014218009478672987 0.05102040816326531
1 0.7571090047393365 0.6445578231292517 0.026066350710900476 0.057823129251700675
