1 0.03944773175542406 0.7593516209476309 0.07889546351084813 0.4613466334164588
1 0.06410256410256411 0.7817955112219451 0.12820512820512822 0.42643391521197005
1 0.13313609467455623 0.7855361596009975 0.13214990138067062 0.4089775561097257
1 0.2366863905325444 0.7905236907730673 0.13412228796844183 0.4139650872817955
1 0.1913214990138067 0.7668329177057357 0.13412228796844183 0.4164588528678304
1 0.33826429980276135 0.7930174563591023 0.12820512820512822 0.3940149625935162
1 0.41321499013806706 0.7892768079800498 0.12820512820512822 0.39650872817955113
1 0.45266272189349116 0.7830423940149626 0.13214990138067062 0.4089775561097257
1 0.485207100591716 0.773067331670823 0.1222879684418146 0.3790523690773067
1 0.6439842209072979 0.786783042394015 0.13214990138067062 0.40648379052369077
1 0.7850098619329389 0.7992518703241895 0.126232741617357 0.3915211970074813
1 0.92603550295858 0.8042394014962593 0.1203155818540434 0.371571072319202
1 0.9566074950690335 0.7680798004987531 0.08678500986193294 0.3690773067331671
1 0.6834319526627219 0.7618453865336658 0.12426035502958581 0.3915211970074813
1 0.5424063116370809 0.740648379052369 0.10256410256410257 0.3192019950124688
1 0.5147928994082841 0.7518703241895262 0.1183431952662722 0.36658354114713215
1 0.5710059171597633 0.726932668329177 0.09664694280078896 0.30673316708229426
1 0.9516765285996056 0.5336658354114713 0.013806706114398423 0.04987531172069826
1 0.854043392504931 0.5311720698254364 0.01183431952662722 0.04488778054862843
1 0.5710059171597633 0.5187032418952618 0.02958579881656805 0.0399002493765586
