1 0.025 0.6581632653061223 0.05 0.28061224489795916
1 0.037500000000000006 0.6084183673469388 0.058333333333333334 0.21683673469387754
1 0.06583333333333334 0.6211734693877551 0.06166666666666667 0.23214285714285712
1 0.09666666666666668 0.6364795918367346 0.06333333333333334 0.23724489795918366
1 0.13166666666666668 0.572704081632653 0.043333333333333335 0.1607142857142857
1 0.15833333333333335 0.5778061224489796 0.043333333333333335 0.17091836734693877
1 0.18500000000000003 0.5841836734693877 0.04666666666666667 0.17346938775510204
1 0.22083333333333335 0.5956632653061223 0.045000000000000005 0.17602040816326528
1 0.255 0.6058673469387754 0.05 0.18622448979591835
1 0.28500000000000003 0.6135204081632653 0.04666666666666667 0.18112244897959182
1 0.19583333333333336 0.5178571428571428 0.018333333333333333 0.07142857142857142
1 0.2325 0.5765306122448979 0.04166666666666667 0.1530612244897959
1 0.30000000000000004 0.5880102040816326 0.04 0.15561224489795916
1 0.33333333333333337 0.5956632653061223 0.043333333333333335 0.16581632653061223
1 0.35000000000000003 0.5816326530612245 0.04 0.14795918367346939
1 0.385 0.5854591836734694 0.04 0.15561224489795916
1 0.4025 0.6058673469387754 0.045000000000000005 0.17091836734693877
1 0.42083333333333334 0.5994897959183673 0.03833333333333334 0.14285714285714285
1 0.4708333333333334 0.5790816326530612 0.03166666666666667 0.12755102040816327
1 0.45583333333333337 0.5331632653061225 0.03166666666666667 0.1173469387755102
1 0.5133333333333334 0.5905612244897959 0.030000000000000002 0.11989795918367346
1 0.5025000000000001 0.5625 0.035 0.1301020408163265
1 0.315 0.5752551020408163 0.03666666666666667 0.13520408163265304
1 0.36833333333333335 0.5459183673469388 0.02666666666666667 0.1020408163265306
1 0.4366666666666667 0.548469387755102 0.030000000000000002 0.11224489795918366
1 0.4866666666666667 0.5408163265306122 0.023333333333333334 0.09693877551020408
1 0.5391666666666667 0.5688775510204082 0.03166666666666667 0.1173469387755102
1 0.5333333333333333 0.5548469387755102 0.030000000000000002 0.11479591836734693
1 0.5583333333333333 0.5752551020408163 0.03333333333333333 0.12499999999999999
1 0.6041666666666667 0.5701530612244897 0.035 0.14030612244897958
1 0.5858333333333333 0.5676020408163265 0.03166666666666667 0.11989795918367346
1 0.6308333333333334 0.5676020408163265 0.028333333333333335 0.11479591836734693
1 0.6425000000000001 0.5548469387755102 0.025 0.09438775510204081
1 0.6658333333333334 0.5599489795918366 0.025 0.09438775510204081
1 0.6558333333333334 0.5433673469387754 0.018333333333333333 0.07653061224489795
1 0.6183333333333334 0.5548469387755102 0.02666666666666667 0.09948979591836733
1 0.6841666666666667 0.5471938775510203 0.018333333333333333 0.07397959183673469
1 0.6950000000000001 0.5573979591836734 0.023333333333333334 0.08928571428571427
1 0.7158333333333334 0.5497448979591836 0.021666666666666667 0.08418367346938775
1 0.7308333333333333 0.548469387755102 0.025 0.1020408163265306
1 0.7566666666666667 0.5471938775510203 0.02 0.08418367346938775
1 0.7416666666666667 0.5395408163265306 0.02 0.08418367346938775
1 0.7833333333333334 0.5395408163265306 0.02 0.07908163265306122
1 0.7725000000000001 0.5382653061224489 0.018333333333333333 0.07653061224489795
1 0.8008333333333334 0.5395408163265306 0.021666666666666667 0.07908163265306122
1 0.8175 0.5382653061224489 0.015000000000000001 0.061224489795918366
1 0.8275 0.5357142857142857 0.018333333333333333 0.06632653061224489
1 0.8366666666666667 0.5306122448979591 0.016666666666666666 0.06632653061224489
1 0.8600000000000001 0.5331632653061225 0.016666666666666666 0.061224489795918366
1 0.8791666666666668 0.5369897959183673 0.028333333333333335 0.11479591836734693
1 0.8958333333333334 0.524234693877551 0.018333333333333333 0.07397959183673469
1 0.9125000000000001 0.6007653061224489 0.03833333333333334 0.15051020408163265
1 0.93 0.5803571428571428 0.043333333333333335 0.1607142857142857
