1 0.12 0.4978991596638655 0.1 0.36554621848739494
1 0.2621428571428571 0.4453781512605042 0.08714285714285715 0.31932773109243695
1 0.785 0.5388655462184874 0.1357142857142857 0.4936974789915966
1 0.635 0.5966386554621849 0.17857142857142858 0.6470588235294117
1 0.055 0.3676470588235294 0.047142857142857146 0.1680672268907563
1 0.9578571428571429 0.34138655462184875 0.04428571428571428 0.15756302521008403
1 0.945 0.3361344537815126 0.04428571428571428 0.15966386554621848
1 0.9085714285714286 0.34663865546218486 0.04285714285714286 0.15546218487394958
1 0.8828571428571429 0.3403361344537815 0.04 0.15126050420168066
1 0.805 0.1407563025210084 0.02142857142857143 0.08403361344537814
1 0.5728571428571428 0.3676470588235294 0.05142857142857143 0.18907563025210083
1 0.5342857142857143 0.3445378151260504 0.02857142857142857 0.1092436974789916
1 0.5042857142857143 0.33508403361344535 0.03142857142857143 0.11974789915966386
1 0.4857142857142857 0.3487394957983193 0.02 0.07983193277310924
1 0.46785714285714286 0.3403361344537815 0.027142857142857142 0.09663865546218486
1 0.45714285714285713 0.3434873949579832 0.025714285714285714 0.09453781512605042
1 0.4407142857142857 0.3329831932773109 0.03 0.11134453781512604
1 0.42857142857142855 0.3329831932773109 0.025714285714285714 0.09033613445378151
1 0.37142857142857144 0.35504201680672265 0.03428571428571429 0.13025210084033612
1 0.3028571428571429 0.3602941176470588 0.037142857142857144 0.13655462184873948
1 0.22071428571428572 0.3560924369747899 0.03 0.11134453781512604
1 0.1757142857142857 0.3592436974789916 0.03142857142857143 0.1134453781512605
1 0.08928571428571429 0.33928571428571425 0.015714285714285715 0.03571428571428571
1 0.2 0.34243697478991597 0.017142857142857144 0.04201680672268907
1 0.335 0.3371848739495798 0.012857142857142857 0.031512605042016806
1 0.35214285714285715 0.3371848739495798 0.015714285714285715 0.03571428571428571
1 0.39714285714285713 0.3371848739495798 0.02 0.052521008403361345
1 0.7192857142857143 0.3319327731092437 0.032857142857142856 0.05042016806722689
1 0.04 0.36554621848739494 0.02 0.04621848739495798
1 0.15857142857142856 0.31092436974789917 0.017142857142857144 0.037815126050420166
1 0.195 0.31092436974789917 0.018571428571428572 0.03361344537815126
1 0.24214285714285713 0.31092436974789917 0.015714285714285715 0.025210084033613446
1 0.3492857142857143 0.31092436974789917 0.018571428571428572 0.029411764705882353
1 0.1 0.3214285714285714 0.02857142857142857 0.04621848739495798
1 0.07714285714285714 0.3119747899159664 0.02 0.03571428571428571
1 0.02214285714285714 0.3319327731092437 0.02142857142857143 0.0546218487394958
1 0.041428571428571426 0.3182773109243697 0.014285714285714285 0.04831932773109243
