1 0.032 0.5645756457564576 0.052000000000000005 0.24354243542435425
1 0.124 0.6217712177121771 0.076 0.3505535055350553
1 0.25 0.5682656826568265 0.052000000000000005 0.24354243542435425
1 0.34600000000000003 0.544280442804428 0.036000000000000004 0.17343173431734316
1 0.386 0.577490774907749 0.048 0.2177121771217712
1 0.514 0.5166051660516605 0.056 0.2656826568265683
1 0.58 0.5959409594095941 0.07200000000000001 0.3284132841328413
1 0.649 0.6070110701107011 0.074 0.34317343173431736
1 0.731 0.5479704797047971 0.066 0.3062730627306273
1 0.771 0.5885608856088561 0.062 0.28413284132841327
1 0.9500000000000001 0.5977859778597786 0.08 0.36162361623616235
1 0.459 0.5867158671586715 0.054 0.25092250922509224
1 0.317 0.5553505535055351 0.042 0.2029520295202952
