1 0.3524590163934426 0.49511002444987773 0.029508196721311476 0.1100244498777506
1 0.369672131147541 0.4963325183374083 0.03114754098360656 0.11735941320293398
1 0.3877049180327869 0.4963325183374083 0.02459016393442623 0.097799511002445
1 0.4139344262295082 0.5819070904645477 0.047540983606557376 0.17603911980440098
1 0.4598360655737705 0.578239608801956 0.03770491803278689 0.14425427872860636
1 0.5516393442622951 0.6075794621026895 0.06721311475409836 0.2469437652811736
1 0.6040983606557377 0.5745721271393643 0.047540983606557376 0.18092909535452323
1 0.8204918032786885 0.5806845965770171 0.04426229508196721 0.16381418092909536
1 0.7868852459016393 0.5293398533007335 0.019672131147540982 0.07579462102689487
1 0.7532786885245901 0.5268948655256723 0.021311475409836064 0.07579462102689487
1 0.7385245901639345 0.530562347188264 0.018032786885245903 0.07334963325183375
1 0.7172131147540983 0.5281173594132029 0.021311475409836064 0.08312958435207823
1 0.6959016393442623 0.5366748166259169 0.021311475409836064 0.07579462102689487
1 0.6844262295081968 0.5317848410757946 0.021311475409836064 0.07579462102689487
1 0.8557377049180328 0.5048899755501223 0.006557377049180328 0.02689486552567237
1 0.8680327868852459 0.5048899755501223 0.00819672131147541 0.03178484107579462
1 0.8786885245901639 0.5 0.006557377049180328 0.02689486552567237
1 0.9827868852459016 0.5550122249388753 0.03442622950819672 0.1466992665036675
1 0.9647540983606557 0.5134474327628362 0.011475409836065573 0.0488997555012225
1 0.9573770491803278 0.511002444987775 0.01639344262295082 0.06845965770171149
1 0.04016393442622951 0.5696821515892421 0.060655737704918035 0.2396088019559902
1 0.10245901639344263 0.5709046454767727 0.06721311475409836 0.2469437652811736
1 0.969672131147541 0.5819070904645477 0.03114754098360656 0.06845965770171149
1 0.5 0.45843520782396086 0.013114754098360656 0.04156479217603912
1 0.5180327868852459 0.460880195599022 0.013114754098360656 0.03667481662591687
1 0.530327868852459 0.4621026894865526 0.00819672131147541 0.034229828850855744
