1 0.4488888888888889 0.721875 0.37777777777777777 0.51875
1 0.04111111111111111 0.539375 0.05555555555555555 0.07625
1 0.10333333333333333 0.545625 0.04666666666666667 0.06875
1 0.2 0.54 0.044444444444444446 0.0625
1 0.22777777777777777 0.544375 0.042222222222222223 0.06125
1 0.24555555555555555 0.540625 0.042222222222222223 0.06125
1 0.2822222222222222 0.533125 0.04 0.058750000000000004
1 0.3211111111111111 0.5425 0.042222222222222223 0.0575
1 0.3522222222222222 0.536875 0.03333333333333333 0.04875
1 0.07 0.531875 0.051111111111111114 0.07375
1 0.5944444444444444 0.52375 0.028888888888888888 0.04
1 0.5688888888888889 0.52625 0.022222222222222223 0.03
1 0.6166666666666667 0.52625 0.024444444444444446 0.035
1 0.7144444444444444 0.55875 0.03777777777777778 0.055
1 0.7455555555555555 0.544375 0.06 0.08375
1 0.8422222222222222 0.5437500000000001 0.06222222222222222 0.08750000000000001
1 0.8688888888888889 0.544375 0.057777777777777775 0.08125
1 0.16444444444444445 0.536875 0.035555555555555556 0.04875
1 0.24666666666666667 0.508125 0.017777777777777778 0.00625
1 0.5766666666666667 0.50625 0.015555555555555555 0.01
1 0.7211111111111111 0.514375 0.02 0.01625
