1 0.019375 0.6172607879924953 0.01625 0.06378986866791744
1 0.033125 0.6163227016885553 0.01625 0.06566604127579738
1 0.04625 0.6135084427767354 0.0125 0.052532833020637895
1 0.0575 0.6181988742964353 0.0125 0.05065666041275797
1 0.068125 0.6153846153846154 0.01375 0.052532833020637895
1 0.079375 0.6135084427767354 0.01125 0.04127579737335835
1 0.09375 0.6172607879924953 0.0175 0.0675422138836773
1 0.10125 0.6106941838649156 0.015 0.058161350844277676
1 0.10875 0.6125703564727955 0.015 0.058161350844277676
1 0.11625 0.6153846153846154 0.015 0.05628517823639775
1 0.12687500000000002 0.6425891181988743 0.02625 0.10318949343339587
1 0.13875 0.6407129455909943 0.03 0.11069418386491557
1 0.148125 0.6472795497185742 0.03375 0.12382739212007504
1 0.1675 0.651031894934334 0.04 0.14634146341463414
1 0.175625 0.6547842401500938 0.043750000000000004 0.1651031894934334
1 0.18875 0.6557223264540337 0.0475 0.17823639774859287
1 0.208125 0.6575984990619137 0.05625 0.20825515947467166
1 0.28500000000000003 0.6941838649155723 0.1 0.3714821763602251
1 0.36375 0.6529080675422139 0.06 0.225140712945591
1 0.491875 0.7054409005628518 0.13125 0.4803001876172608
1 0.52625 0.6979362101313321 0.095 0.34896810506566606
1 0.558125 0.6041275797373359 0.00875 0.0375234521575985
1 0.43875000000000003 0.651031894934334 0.05 0.18761726078799248
1 0.39625 0.6360225140712945 0.0325 0.1200750469043152
1 0.38 0.650093808630394 0.045 0.17073170731707318
1 0.33 0.6435272045028143 0.0375 0.13883677298311445
1 0.1575 0.6407129455909943 0.015 0.12195121951219512
1 0.21875 0.5928705440900562 0.0125 0.026266416510318948
1 0.225625 0.6435272045028143 0.01625 0.15384615384615385
1 0.260625 0.6547842401500938 0.04625 0.1801125703564728
1 0.310625 0.5966228893058161 0.02125 0.05628517823639775
1 0.33875 0.6022514071294559 0.02 0.04878048780487805
1 0.429375 0.6416510318949343 0.02625 0.14634146341463414
1 0.531875 0.5872420262664165 0.02625 0.0675422138836773
