1 0.081 0.6826666666666666 0.11800000000000001 0.384
1 0.167 0.6973333333333334 0.11800000000000001 0.39199999999999996
1 0.301 0.7013333333333334 0.146 0.4746666666666666
1 0.649 0.6373333333333333 0.11 0.35733333333333334
1 0.535 0.6213333333333333 0.09 0.29866666666666664
1 0.487 0.612 0.074 0.248
1 0.404 0.612 0.07200000000000001 0.23199999999999998
1 0.9 0.6466666666666666 0.1 0.328
1 0.966 0.7013333333333334 0.068 0.33599999999999997
1 0.714 0.5866666666666667 0.068 0.21866666666666665
1 0.431 0.616 0.062 0.20266666666666666
1 0.187 0.5613333333333334 0.074 0.11466666666666667
1 0.243 0.5013333333333333 0.038 0.09066666666666666
