1 0.24921875000000002 0.6229166666666667 0.13593750000000002 0.45
1 0.06171875 0.534375 0.0859375 0.28125
1 0.28750000000000003 0.5541666666666667 0.08750000000000001 0.2875
1 0.40390625 0.6145833333333334 0.1484375 0.48333333333333334
1 0.465625 0.5479166666666666 0.1 0.325
1 0.61640625 0.596875 0.1421875 0.46458333333333335
1 0.84296875 0.5875 0.1328125 0.43333333333333335
1 0.7609375 0.50625 0.0625 0.20416666666666666
1 0.6953125 0.5270833333333333 0.07500000000000001 0.24583333333333332
1 0.9437500000000001 0.55 0.084375 0.275
