1 0.135 0.40540540540540543 0.10200000000000001 0.3843843843843844
1 0.181 0.42792792792792794 0.114 0.42342342342342343
1 0.274 0.44744744744744747 0.132 0.48648648648648646
1 0.332 0.484984984984985 0.164 0.6036036036036035
1 0.395 0.4249249249249249 0.11800000000000001 0.4294294294294294
1 0.517 0.509009009009009 0.198 0.7357357357357357
1 0.5680000000000001 0.4189189189189189 0.112 0.4174174174174174
1 0.683 0.466966966966967 0.158 0.5795795795795796
1 0.755 0.43093093093093093 0.126 0.46546546546546547
1 0.794 0.4084084084084084 0.10400000000000001 0.3783783783783784
1 0.8310000000000001 0.3738738738738739 0.10200000000000001 0.37537537537537535
1 0.877 0.36036036036036034 0.09 0.3303303303303303
1 0.974 0.2987987987987988 0.044 0.16516516516516516
1 0.9390000000000001 0.2987987987987988 0.046 0.17117117117117117
1 0.913 0.3063063063063063 0.042 0.16216216216216217
1 0.082 0.34384384384384387 0.056 0.2072072072072072
1 0.025 0.34684684684684686 0.05 0.2132132132132132
1 0.059000000000000004 0.34534534534534533 0.058 0.21021021021021022
1 0.44 0.36336336336336333 0.036000000000000004 0.16816816816816815
1 0.458 0.22372372372372373 0.024 0.04504504504504504
1 0.6 0.35735735735735735 0.016 0.0960960960960961
1 0.221 0.36186186186186187 0.03 0.14114114114114115
1 0.038 0.26426426426426425 0.02 0.04804804804804805
1 0.009000000000000001 0.23423423423423423 0.018000000000000002 0.024024024024024024
1 0.993 0.35735735735735735 0.01 0.1981981981981982
1 0.711 0.3708708708708709 0.022 0.10510510510510511
