1 0.650278293135436 0.6821192052980133 0.14285714285714285 0.6225165562913907
1 0.8228200371057514 0.7003311258278145 0.1280148423005566 0.5596026490066225
1 0.7569573283858998 0.6307947019867549 0.137291280148423 0.6059602649006622
1 0.9137291280148423 0.6423841059602649 0.13543599257884972 0.5960264900662252
1 0.5139146567717996 0.6307947019867549 0.16697588126159554 0.7251655629139073
1 0.1808905380333952 0.6572847682119205 0.15398886827458255 0.6788079470198676
1 0.075139146567718 0.6705298013245033 0.150278293135436 0.6589403973509934
1 0.2829313543599258 0.6887417218543046 0.13543599257884972 0.5960264900662252
1 0.4007421150278293 0.4735099337748344 0.1038961038961039 0.45695364238410596
1 0.3534322820037106 0.5198675496688742 0.09461966604823747 0.41721854304635764
1 0.2977736549165121 0.5298013245033113 0.11317254174397032 0.5033112582781457
1 0.5825602968460112 0.42218543046357615 0.059369202226345084 0.2682119205298013
1 0.7068645640074211 0.4370860927152318 0.06307977736549165 0.2847682119205298
1 0.2690166975881262 0.3509933774834437 0.059369202226345084 0.18543046357615894
1 0.34137291280148424 0.2980132450331126 0.04081632653061225 0.09271523178807947
1 0.18274582560296845 0.27980132450331124 0.05009276437847866 0.08940397350993377
1 0.14656771799628943 0.28642384105960267 0.04081632653061225 0.076158940397351
1 0.8469387755102041 0.326158940397351 0.05009276437847866 0.11589403973509933
1 0.7968460111317255 0.34933774834437087 0.0575139146567718 0.09602649006622517
1 0.036178107606679034 0.3923841059602649 0.0686456400742115 0.19536423841059603
