1 0.056 0.496 0.056 0.18666666666666665
1 0.14100000000000001 0.5053333333333333 0.066 0.216
1 0.199 0.4493333333333333 0.042 0.14133333333333334
1 0.292 0.5213333333333333 0.07200000000000001 0.2373333333333333
1 0.382 0.5773333333333334 0.088 0.2853333333333333
1 0.342 0.472 0.052000000000000005 0.17066666666666666
1 0.487 0.5293333333333333 0.078 0.25866666666666666
1 0.457 0.45466666666666666 0.038 0.12533333333333332
1 0.55 0.6093333333333333 0.096 0.3173333333333333
1 0.609 0.5226666666666666 0.07 0.23466666666666666
1 0.785 0.42933333333333334 0.026000000000000002 0.08533333333333333
1 0.871 0.42666666666666664 0.026000000000000002 0.08533333333333333
1 0.89 0.432 0.024 0.08
1 0.9460000000000001 0.472 0.04 0.13866666666666666
1 0.98 0.5266666666666666 0.04 0.17866666666666667
1 0.8270000000000001 0.416 0.018000000000000002 0.058666666666666666
1 0.65 0.49866666666666665 0.056 0.18133333333333332
1 0.37 0.40399999999999997 0.032 0.06666666666666667
1 0.522 0.42133333333333334 0.036000000000000004 0.08
