1 0.24 0.8026315789473684 0.05 0.19172932330827067
1 0.3675 0.8157894736842105 0.05 0.18796992481203006
1 0.07 0.706766917293233 0.035 0.12781954887218044
1 0.10625 0.6917293233082706 0.0275 0.10526315789473684
1 0.14875 0.6842105263157894 0.0275 0.09774436090225563
1 0.16375 0.6973684210526315 0.0225 0.07894736842105263
1 0.34 0.68796992481203 0.015 0.06766917293233082
1 0.3975 0.6635338345864661 0.015 0.06390977443609022
1 0.41500000000000004 0.7105263157894737 0.025 0.09022556390977443
1 0.44875 0.6710526315789473 0.0175 0.07142857142857142
1 0.095 0.7951127819548872 0.07 0.13909774436090225
1 0.19375 0.7969924812030075 0.0525 0.12781954887218044
1 0.3375 0.8007518796992481 0.025 0.03759398496240601
1 0.52125 0.7988721804511277 0.0425 0.06390977443609022
1 0.6 0.7819548872180451 0.035 0.05263157894736842
1 0.9237500000000001 0.9248120300751879 0.10250000000000001 0.12781954887218044
1 0.89125 0.8176691729323308 0.0525 0.10902255639097744
1 0.92 0.7819548872180451 0.045 0.10526315789473684
1 0.97 0.7913533834586466 0.04 0.07894736842105263
1 0.71125 0.9511278195488722 0.08750000000000001 0.06766917293233082
1 0.75125 0.9154135338345865 0.0725 0.15413533834586465
1 0.77125 0.8402255639097744 0.0775 0.11654135338345864
1 0.41125 0.8007518796992481 0.0525 0.13533834586466165
1 0.47500000000000003 0.7575187969924811 0.035 0.11654135338345864
1 0.56875 0.7462406015037594 0.0325 0.10902255639097744
1 0.7325 0.7011278195488722 0.04 0.07142857142857142
1 0.765 0.7142857142857142 0.025 0.06766917293233082
1 0.7975 0.7105263157894737 0.035 0.06015037593984962
1 0.8475 0.6917293233082706 0.03 0.05263157894736842
