1 0.038 0.7259136212624585 0.076 0.4950166112956811
1 0.052000000000000005 0.6993355481727574 0.1 0.4152823920265781
1 0.169 0.659468438538206 0.09 0.36877076411960136
1 0.23 0.6229235880398671 0.08 0.3222591362126246
1 0.35100000000000003 0.6777408637873754 0.066 0.27906976744186046
1 0.267 0.6245847176079734 0.078 0.31893687707641194
1 0.428 0.5996677740863787 0.08 0.3289036544850498
1 0.386 0.6212624584717608 0.068 0.27906976744186046
1 0.463 0.574750830564784 0.058 0.23255813953488372
1 0.507 0.5996677740863787 0.054 0.22259136212624586
1 0.5680000000000001 0.5863787375415282 0.068 0.27574750830564787
1 0.658 0.6046511627906976 0.06 0.24584717607973422
1 0.74 0.5764119601328904 0.06 0.2425249169435216
1 0.725 0.584717607973422 0.062 0.25913621262458475
1 0.126 0.6561461794019934 0.084 0.34219269102990035
1 0.058 0.47674418604651164 0.068 0.1362126245847176
1 0.373 0.5049833887043189 0.038 0.10631229235880399
1 0.341 0.4966777408637874 0.054 0.14285714285714285
