1 0.45875 0.5964566929133858 0.1925 0.7519685039370079
1 0.60375 0.4625984251968504 0.1225 0.484251968503937
1 0.88625 0.5551181102362205 0.1825 0.7086614173228346
1 0.29875 0.47834645669291337 0.1325 0.515748031496063
1 0.24 0.4251968503937008 0.11 0.4251968503937008
1 0.18625 0.3838582677165354 0.0925 0.35826771653543305
1 0.16 0.37401574803149606 0.08 0.31496062992125984
1 0.11750000000000001 0.33661417322834647 0.06 0.23228346456692914
1 0.79 0.26771653543307083 0.03 0.11811023622047244
1 0.36375 0.3720472440944882 0.0775 0.2952755905511811
1 0.7575000000000001 0.2618110236220472 0.025 0.09842519685039369
1 0.7425 0.2618110236220472 0.025 0.09842519685039369
1 0.70875 0.26771653543307083 0.0275 0.11023622047244094
1 0.96125 0.2736220472440945 0.0375 0.14566929133858267
1 0.935 0.2755905511811024 0.03 0.12598425196850394
1 0.9875 0.25984251968503935 0.025 0.11811023622047244
1 0.55125 0.27165354330708663 0.0275 0.11023622047244094
1 0.53 0.26968503937007876 0.025 0.1062992125984252
