1 0.02076923076923077 0.6766743648960739 0.04153846153846154 0.3002309468822171
1 0.052307692307692305 0.6755196304849884 0.07692307692307693 0.28868360277136257
1 0.09615384615384616 0.6778290993071593 0.08461538461538462 0.3117782909930716
1 0.963076923076923 0.6524249422632794 0.07384615384615384 0.3533487297921478
1 0.8976923076923077 0.6431870669745958 0.0876923076923077 0.325635103926097
1 0.9246153846153846 0.6558891454965358 0.08307692307692308 0.3094688221709007
1 0.14923076923076922 0.7575057736720554 0.05846153846153846 0.18475750577367206
1 0.22 0.7713625866050808 0.06153846153846154 0.18475750577367206
1 0.2815384615384615 0.7713625866050808 0.06769230769230769 0.18937644341801385
1 0.33692307692307694 0.7759815242494226 0.04923076923076923 0.18013856812933024
1 0.3953846153846154 0.7852193995381063 0.06461538461538462 0.20785219399538105
1 0.4592307692307692 0.7782909930715936 0.06307692307692307 0.19861431870669746
1 0.5153846153846153 0.7840646651270208 0.07076923076923076 0.19630484988452657
1 0.5661538461538461 0.7748267898383372 0.06461538461538462 0.20554272517321015
1 0.6130769230769231 0.76905311778291 0.07230769230769231 0.20323325635103925
1 0.6838461538461539 0.7817551963048499 0.07230769230769231 0.19168591224018475
1 0.7392307692307692 0.7829099307159353 0.07538461538461538 0.19399538106235564
1 0.7992307692307692 0.7771362586605081 0.07846153846153846 0.21016166281755197
1 0.8869230769230769 0.7505773672055427 0.11846153846153847 0.23556581986143188
1 0.8246153846153846 0.6501154734411085 0.046153846153846156 0.08083140877598152
1 0.7530769230769231 0.6501154734411085 0.07846153846153846 0.09468822170900693
1 0.6984615384615385 0.661662817551963 0.052307692307692305 0.08545034642032333
1 0.6438461538461538 0.6593533487297921 0.038461538461538464 0.057736720554272515
1 0.6007692307692307 0.6570438799076213 0.05384615384615385 0.07621247113163972
1 0.546923076923077 0.6501154734411085 0.06923076923076923 0.08545034642032333
1 0.4930769230769231 0.6535796766743649 0.05384615384615385 0.07390300230946882
1 0.44153846153846155 0.6651270207852193 0.07692307692307693 0.09237875288683603
1 0.3776923076923077 0.6720554272517321 0.07230769230769231 0.09699769053117782
1 0.31153846153846154 0.6466512702078522 0.06307692307692307 0.07390300230946882
1 0.27076923076923076 0.6581986143187066 0.06153846153846154 0.06928406466512702
1 0.21076923076923076 0.6454965357967667 0.055384615384615386 0.06235565819861432
1 0.16153846153846155 0.674364896073903 0.05846153846153846 0.09237875288683603
1 0.21923076923076923 0.5277136258660508 0.04461538461538461 0.053117782909930716
1 0.12923076923076923 0.5658198614318707 0.03076923076923077 0.07390300230946882
1 0.18307692307692308 0.5750577367205543 0.046153846153846156 0.12933025404157045
1 0.2553846153846154 0.5704387990762124 0.03692307692307692 0.12471131639722864
1 0.32153846153846155 0.5704387990762124 0.043076923076923075 0.13394919168591224
1 0.3630769230769231 0.5762124711316398 0.033846153846153845 0.09468822170900693
1 0.41 0.5623556581986143 0.04461538461538461 0.13625866050808313
1 0.46692307692307694 0.5542725173210161 0.08461538461538462 0.13394919168591224
1 0.5384615384615384 0.5531177829099307 0.07692307692307693 0.12240184757505773
1 0.5992307692307692 0.5842956120092379 0.06307692307692307 0.11547344110854503
1 0.65 0.569284064665127 0.06307692307692307 0.15011547344110854
1 0.713076923076923 0.5681293302540416 0.07538461538461538 0.15242494226327943
1 0.7630769230769231 0.5704387990762124 0.06461538461538462 0.11547344110854503
1 0.7946153846153846 0.5346420323325635 0.05384615384615385 0.09006928406466512
1 0.8261538461538461 0.49653579676674364 0.043076923076923075 0.06004618937644342
1 0.8561538461538462 0.5554272517321016 0.05384615384615385 0.12702078521939952
1 0.34384615384615386 0.41454965357967666 0.05692307692307692 0.14549653579676675
1 0.4430769230769231 0.40993071593533487 0.11076923076923077 0.13163972286374134
1 0.5615384615384615 0.418013856812933 0.06769230769230769 0.13856812933025403
1 0.676923076923077 0.4053117782909931 0.13538461538461538 0.13163972286374134
