1 0.07890625000000001 0.4590395480225989 0.1203125 0.5338983050847458
1 0.05 0.5282485875706214 0.1 0.5536723163841808
1 0.20390625 0.4562146892655367 0.11093750000000001 0.5
1 0.27187500000000003 0.5409604519774012 0.12187500000000001 0.53954802259887
1 0.29296875 0.4604519774011299 0.1078125 0.480225988700565
1 0.38125000000000003 0.481638418079096 0.115625 0.5169491525423728
1 0.44140625 0.4590395480225989 0.11406250000000001 0.5112994350282486
1 0.45703125 0.4435028248587571 0.1015625 0.4519774011299435
1 0.55078125 0.4703389830508475 0.11406250000000001 0.5056497175141242
1 0.65625 0.4887005649717514 0.12187500000000001 0.536723163841808
1 0.7273437500000001 0.4717514124293785 0.11093750000000001 0.4915254237288136
1 0.9789062500000001 0.346045197740113 0.0421875 0.18926553672316385
1 0.9578125000000001 0.3545197740112994 0.046875 0.211864406779661
1 0.9148437500000001 0.3502824858757062 0.051562500000000004 0.23728813559322035
1 0.8914062500000001 0.3728813559322034 0.0484375 0.21468926553672316
1 0.84921875 0.365819209039548 0.0390625 0.17796610169491525
1 0.815625 0.3446327683615819 0.05 0.22033898305084745
1 0.7781250000000001 0.327683615819209 0.037500000000000006 0.1751412429378531
1 0.75 0.3192090395480226 0.040625 0.1864406779661017
1 0.6273437500000001 0.3389830508474576 0.0421875 0.192090395480226
1 0.5906250000000001 0.3418079096045198 0.046875 0.20903954802259886
1 0.56796875 0.3319209039548023 0.0421875 0.18926553672316385
1 0.540625 0.3446327683615819 0.046875 0.21468926553672316
1 0.11406250000000001 0.3107344632768362 0.034375 0.15254237288135594
1 0.14375000000000002 0.327683615819209 0.034375 0.15254237288135594
1 0.1015625 0.23163841807909605 0.053125000000000006 0.1016949152542373
1 0.017968750000000002 0.2231638418079096 0.035937500000000004 0.0903954802259887
1 0.2234375 0.2443502824858757 0.040625 0.09887005649717515
1 0.28125 0.2344632768361582 0.059375000000000004 0.06779661016949153
1 0.34687500000000004 0.2231638418079096 0.03125 0.05649717514124294
1 0.3984375 0.2175141242937853 0.043750000000000004 0.04519774011299435
1 0.4609375 0.2288135593220339 0.03125 0.06779661016949153
1 0.66171875 0.23022598870056496 0.029687500000000002 0.07062146892655367
1 0.5859375 0.3559322033898305 0.06875 0.05649717514124294
1 0.7875000000000001 0.23587570621468926 0.025 0.05367231638418079
1 0.8562500000000001 0.2528248587570621 0.025 0.07062146892655367
1 0.89453125 0.23587570621468926 0.0421875 0.09887005649717515
