1 0.1690909090909091 0.6407624633431085 0.12363636363636364 0.49560117302052786
1 0.23272727272727273 0.051319648093841645 0.025454545454545455 0.10263929618768329
1 0.2818181818181818 0.624633431085044 0.13818181818181818 0.5454545454545454
1 0.39636363636363636 0.532258064516129 0.07272727272727272 0.2961876832844575
1 0.3463636363636364 0.5043988269794721 0.07818181818181819 0.30498533724340177
1 0.43636363636363634 0.5410557184750733 0.06909090909090909 0.2785923753665689
1 0.49818181818181817 0.6011730205278593 0.12 0.46920821114369504
1 0.5881818181818181 0.5234604105571847 0.07090909090909091 0.2785923753665689
1 0.6227272727272727 0.0689149560117302 0.016363636363636365 0.07331378299120235
1 0.5418181818181819 0.06744868035190615 0.01818181818181818 0.07038123167155425
1 0.4990909090909091 0.06744868035190615 0.016363636363636365 0.06451612903225806
1 0.4827272727272727 0.06158357771260997 0.016363636363636365 0.07038123167155425
1 0.6763636363636364 0.6363636363636364 0.12 0.4809384164222874
1 0.9663636363636363 0.5454545454545454 0.06727272727272728 0.31085043988269795
1 0.7854545454545454 0.47947214076246336 0.03636363636363636 0.1436950146627566
1 0.7445454545454545 0.4780058651026393 0.038181818181818185 0.15835777126099707
1 0.026363636363636363 0.41642228739002934 0.05272727272727273 0.093841642228739
1 0.5281818181818182 0.39296187683284456 0.045454545454545456 0.09970674486803519
