1 0.13125 0.6372180451127819 0.0725 0.26691729323308266
1 0.14875 0.5864661654135338 0.0675 0.2556390977443609
1 0.24 0.575187969924812 0.06 0.22556390977443608
1 0.23750000000000002 0.631578947368421 0.075 0.2857142857142857
1 0.21375 0.674812030075188 0.0575 0.22180451127819548
1 0.30625 0.6390977443609023 0.0925 0.3458646616541353
1 0.335 0.6334586466165413 0.07 0.26691729323308266
1 0.44 0.6560150375939849 0.075 0.2894736842105263
1 0.465 0.6766917293233082 0.085 0.3233082706766917
1 0.50375 0.6616541353383458 0.0825 0.3082706766917293
1 0.5325 0.6842105263157894 0.09 0.3383458646616541
1 0.595 0.599624060150376 0.075 0.2744360902255639
1 0.6075 0.6165413533834586 0.08 0.3007518796992481
1 0.65375 0.5921052631578947 0.0425 0.16917293233082706
1 0.66625 0.650375939849624 0.0675 0.2556390977443609
1 0.72 0.5958646616541353 0.035 0.13909774436090225
1 0.76625 0.612781954887218 0.0425 0.16541353383458646
1 0.75625 0.5714285714285714 0.0475 0.17293233082706766
1 0.7937500000000001 0.5902255639097744 0.0425 0.16541353383458646
1 0.83125 0.5902255639097744 0.0475 0.18045112781954886
1 0.8612500000000001 0.5714285714285714 0.0375 0.13533834586466165
1 0.88125 0.5827067669172932 0.0375 0.13533834586466165
1 0.9087500000000001 0.5714285714285714 0.0275 0.11278195488721804
1 0.935 0.5770676691729323 0.03 0.12406015037593984
1 0.95375 0.5733082706766917 0.0325 0.13157894736842105
1 0.96625 0.5639097744360901 0.0325 0.12781954887218044
1 0.9812500000000001 0.575187969924812 0.0375 0.16541353383458646
1 0.6675 0.4906015037593985 0.04 0.04887218045112782
1 0.805 0.4830827067669173 0.05 0.07894736842105263
