1 0.10583333333333333 0.6403508771929824 0.058333333333333334 0.21804511278195488
1 0.135 0.6416040100250626 0.06333333333333334 0.24060150375939848
1 0.17500000000000002 0.6478696741854636 0.07666666666666667 0.2832080200501253
1 0.2391666666666667 0.6604010025062657 0.08166666666666667 0.2982456140350877
1 0.29750000000000004 0.6491228070175439 0.10166666666666667 0.37092731829573933
1 0.35000000000000003 0.6403508771929824 0.05333333333333334 0.19799498746867167
1 0.38333333333333336 0.6478696741854636 0.06666666666666667 0.2531328320802005
1 0.4466666666666667 0.6428571428571428 0.07333333333333333 0.2731829573934837
1 0.5616666666666666 0.6541353383458646 0.08333333333333334 0.3057644110275689
1 0.54 0.6453634085213033 0.05 0.18295739348370926
1 0.6075 0.6416040100250626 0.058333333333333334 0.21553884711779447
1 0.6575000000000001 0.6416040100250626 0.045000000000000005 0.17042606516290726
1 0.6825 0.6353383458646616 0.058333333333333334 0.21303258145363407
1 0.7175 0.6390977443609023 0.04833333333333334 0.18045112781954886
1 0.7825000000000001 0.6403508771929824 0.06833333333333334 0.2581453634085213
1 0.8316666666666667 0.6340852130325814 0.060000000000000005 0.22055137844611528
1 0.8558333333333333 0.6466165413533834 0.06833333333333334 0.2506265664160401
1 0.9425000000000001 0.6416040100250626 0.058333333333333334 0.22055137844611528
