1 0.3654545454545455 0.6751968503937008 0.11272727272727273 0.610236220472441
1 0.8409090909090909 0.6692913385826772 0.11454545454545455 0.6062992125984252
1 0.6090909090909091 0.639763779527559 0.11272727272727273 0.6023622047244095
1 0.11363636363636363 0.6496062992125984 0.11454545454545455 0.6062992125984252
1 0.9554545454545454 0.6122047244094488 0.07454545454545454 0.40551181102362205
1 0.3009090909090909 0.59251968503937 0.07090909090909091 0.38188976377952755
1 0.25181818181818183 0.6377952755905512 0.05272727272727273 0.28346456692913385
1 0.5272727272727272 0.6082677165354331 0.06545454545454546 0.35826771653543305
1 0.740909090909091 0.5944881889763779 0.06363636363636363 0.33858267716535434
1 0.7745454545454545 0.5787401574803149 0.06909090909090909 0.36220472440944884
1 0.22727272727272727 0.6082677165354331 0.06181818181818182 0.32677165354330706
1 0.18181818181818182 0.6476377952755905 0.05454545454545454 0.2952755905511811
