1 0.6102040816326532 0.7101226993865031 0.1469387755102041 0.5429447852760736
1 0.46734693877551026 0.6901840490797546 0.1306122448979592 0.4785276073619632
1 0.539795918367347 0.656441717791411 0.12448979591836735 0.4601226993865031
1 0.6673469387755102 0.5904907975460123 0.07755102040816328 0.2852760736196319
1 0.2285714285714286 0.7147239263803681 0.14285714285714288 0.5214723926380368
1 0.38469387755102047 0.7530674846625767 0.12448979591836735 0.46319018404907975
1 0.2755102040816327 0.584355828220859 0.07346938775510205 0.2730061349693252
1 0.18775510204081636 0.446319018404908 0.04489795918367347 0.06441717791411043
1 0.8724489795918368 0.5766871165644172 0.04285714285714286 0.03680981595092025
1 0.9275510204081634 0.5950920245398773 0.03877551020408164 0.05521472392638037
