1 0.2016666666666667 0.5712166172106825 0.04 0.18100890207715134
1 0.24833333333333335 0.5578635014836796 0.043333333333333335 0.18991097922848665
1 0.29333333333333333 0.5534124629080119 0.03333333333333333 0.14540059347181009
1 0.32583333333333336 0.56973293768546 0.03833333333333334 0.16617210682492584
1 0.3616666666666667 0.5652818991097923 0.04 0.18100890207715134
1 0.45083333333333336 0.5593471810089021 0.03833333333333334 0.17507418397626112
1 0.48333333333333334 0.5534124629080119 0.043333333333333335 0.19287833827893175
1 0.5241666666666667 0.5593471810089021 0.04166666666666667 0.18694362017804156
1 0.5900000000000001 0.5593471810089021 0.04 0.17507418397626112
1 0.66 0.5623145400593472 0.04 0.18100890207715134
1 0.7116666666666667 0.5489614243323442 0.04666666666666667 0.20771513353115728
1 0.7616666666666667 0.543026706231454 0.05 0.2255192878338279
1 0.8175 0.5534124629080119 0.058333333333333334 0.2522255192878338
1 0.8991666666666667 0.5385756676557863 0.021666666666666667 0.09198813056379822
1 0.0275 0.5178041543026707 0.025 0.032640949554896145
1 0.0475 0.5341246290801187 0.015000000000000001 0.02967359050445104
1 0.07416666666666667 0.526706231454006 0.025 0.032640949554896145
1 0.11333333333333334 0.5341246290801187 0.02 0.02967359050445104
1 0.1391666666666667 0.526706231454006 0.018333333333333333 0.026706231454005934
1 0.14916666666666667 0.49851632047477745 0.008333333333333333 0.017804154302670624
1 0.1575 0.5207715133531158 0.005 0.02077151335311573
