1 0.03958587088915956 0.6813819577735124 0.06699147381242387 0.26487523992322454
1 0.09500609013398294 0.6880998080614203 0.08282582216808769 0.32437619961612285
1 0.15103532277710108 0.6689059500959693 0.048721071863580996 0.18618042226487524
1 0.19183922046285018 0.6804222648752399 0.03775883069427527 0.14779270633397312
1 0.22289890377588306 0.6938579654510556 0.06090133982947624 0.236084452975048
1 0.3373934226552984 0.6900191938579654 0.08282582216808769 0.32053742802303264
1 0.44457978075517657 0.7120921305182342 0.0535931790499391 0.21113243761996162
1 0.5207064555420219 0.7159309021113244 0.09622411693057246 0.3761996161228407
1 0.5761266747868453 0.7216890595009596 0.0682095006090134 0.26103646833013433
1 0.6583434835566382 0.7149712092130518 0.049939098660170524 0.19385796545105566
1 0.705237515225335 0.7255278310940498 0.06090133982947624 0.23416506717850288
1 0.7637028014616322 0.7456813819577734 0.06577344701583435 0.2514395393474088
1 0.8124238733252132 0.7408829174664108 0.04628501827040195 0.1765834932821497
1 0.8654080389768575 0.7389635316698656 0.049939098660170524 0.19577735124760076
1 0.9147381242387332 0.7341650671785028 0.0535931790499391 0.21305182341650672
1 0.9476248477466503 0.7591170825335892 0.058465286236297195 0.22840690978886755
