1 0.113 0.5392749244712991 0.226 0.9154078549848943
1 0.164 0.6087613293051359 0.156 0.5770392749244713
1 0.265 0.42900302114803623 0.11800000000000001 0.44108761329305135
1 0.214 0.4078549848942598 0.096 0.36253776435045315
1 0.304 0.3957703927492447 0.084 0.3202416918429003
1 0.35000000000000003 0.3731117824773414 0.08 0.2990936555891239
1 0.441 0.37462235649546827 0.062 0.23564954682779457
1 0.39 0.3867069486404834 0.068 0.2537764350453172
1 0.484 0.36706948640483383 0.07200000000000001 0.2628398791540785
1 0.551 0.3776435045317221 0.07 0.26586102719033233
1 0.592 0.37915407854984895 0.064 0.24471299093655588
1 0.655 0.38972809667673713 0.074 0.283987915407855
1 0.766 0.472809667673716 0.084 0.31722054380664655
1 0.81 0.5226586102719033 0.16 0.5921450151057401
1 0.895 0.5120845921450151 0.11800000000000001 0.43202416918429004
1 0.405 0.27794561933534745 0.026000000000000002 0.07854984894259819
1 0.23500000000000001 0.24924471299093656 0.03 0.03927492447129909
1 0.202 0.3806646525679758 0.044 0.15709969788519637
1 0.724 0.30513595166163143 0.044 0.14501510574018128
1 0.782 0.2794561933534743 0.028 0.08157099697885196
1 0.847 0.27341389728096677 0.026000000000000002 0.06948640483383686
1 0.971 0.33987915407854985 0.034 0.1661631419939577
1 0.923 0.3459214501510574 0.038 0.0755287009063444
