1 0.10681818181818181 0.6431818181818182 0.06212121212121212 0.22727272727272727
1 0.22803030303030303 0.6238636363636363 0.04090909090909091 0.1568181818181818
1 0.20757575757575758 0.6193181818181818 0.04242424242424243 0.16136363636363635
1 0.33181818181818185 0.7113636363636363 0.1 0.36363636363636365
1 0.5446969696969697 0.671590909090909 0.06212121212121212 0.22954545454545452
1 0.6356060606060606 0.6829545454545454 0.07727272727272727 0.28863636363636364
1 0.7234848484848485 0.6784090909090909 0.05303030303030303 0.20227272727272727
1 0.7712121212121212 0.6704545454545454 0.05454545454545454 0.20454545454545453
1 0.8212121212121212 0.65 0.045454545454545456 0.16818181818181818
1 0.5863636363636363 0.6159090909090909 0.024242424242424242 0.09090909090909091
1 0.42424242424242425 0.6113636363636363 0.030303030303030304 0.11818181818181818
1 0.2909090909090909 0.6068181818181818 0.030303030303030304 0.11363636363636363
1 0.2689393939393939 0.5965909090909091 0.025757575757575757 0.09772727272727272
1 0.5666666666666667 0.6102272727272727 0.024242424242424242 0.09318181818181817
1 0.38257575757575757 0.6022727272727273 0.02878787878787879 0.11363636363636363
1 0.6992424242424242 0.6170454545454546 0.022727272727272728 0.08409090909090909
1 0.17424242424242425 0.7204545454545455 0.06363636363636363 0.17272727272727273
