1 0.716 0.7522522522522522 0.1 0.36936936936936937
1 0.64 0.6621621621621622 0.08 0.2972972972972973
1 0.5730000000000001 0.6936936936936937 0.074 0.27627627627627627
1 0.511 0.6996996996996997 0.094 0.34234234234234234
1 0.421 0.6711711711711712 0.074 0.27927927927927926
1 0.328 0.7177177177177178 0.084 0.3123123123123123
1 0.378 0.6486486486486487 0.056 0.21621621621621623
1 0.673 0.6321321321321322 0.07 0.2552552552552553
1 0.877 0.6846846846846847 0.074 0.2822822822822823
1 0.9570000000000001 0.7252252252252253 0.08600000000000001 0.32732732732732733
1 0.74 0.6966966966966966 0.08 0.3003003003003003
1 0.215 0.6786786786786787 0.074 0.27627627627627627
1 0.342 0.5165165165165165 0.032 0.12012012012012012
1 0.362 0.515015015015015 0.032 0.11711711711711711
1 0.41400000000000003 0.5165165165165165 0.028 0.11411411411411411
1 0.449 0.6306306306306306 0.05 0.18618618618618618
1 0.195 0.7237237237237237 0.066 0.24624624624624625
1 0.17200000000000001 0.8708708708708709 0.056 0.15015015015015015
1 0.026000000000000002 0.7882882882882882 0.052000000000000005 0.1831831831831832
1 0.073 0.6306306306306306 0.05 0.07807807807807808
1 0.183 0.539039039039039 0.034 0.03903903903903904
1 0.261 0.5540540540540541 0.018000000000000002 0.07507507507507508
1 0.23800000000000002 0.5255255255255256 0.024 0.036036036036036036
1 0.305 0.515015015015015 0.03 0.07507507507507508
1 0.08 0.4369369369369369 0.024 0.06306306306306306
1 0.10300000000000001 0.44744744744744747 0.018000000000000002 0.07207207207207207
1 0.131 0.4624624624624625 0.042 0.1021021021021021
1 0.755 0.4924924924924925 0.03 0.03003003003003003
1 0.717 0.521021021021021 0.022 0.06306306306306306
1 0.768 0.5345345345345345 0.028 0.06006006006006006
1 0.613 0.5315315315315315 0.03 0.04204204204204204
1 0.5760000000000001 0.5315315315315315 0.024 0.036036036036036036
1 0.537 0.524024024024024 0.026000000000000002 0.057057057057057055
1 0.517 0.521021021021021 0.014 0.03903903903903904
1 0.47400000000000003 0.5465465465465466 0.028 0.07207207207207207
1 0.157 0.5585585585585585 0.03 0.05405405405405406
1 0.2 0.484984984984985 0.024 0.05105105105105105
1 0.176 0.4894894894894895 0.02 0.04204204204204204
1 0.554 0.4774774774774775 0.02 0.04804804804804805
