1 0.378125 0.5451977401129944 0.15125 0.5555555555555556
1 0.0475 0.5169491525423728 0.095 0.42749529190207153
1 0.1225 0.4830508474576271 0.07 0.2580037664783427
1 0.175625 0.5131826741996234 0.09375 0.3446327683615819
1 0.228125 0.4971751412429378 0.09125 0.3352165725047081
1 0.301875 0.4896421845574388 0.07625 0.2862523540489642
1 0.420625 0.5282485875706214 0.12375 0.4576271186440678
1 0.45937500000000003 0.5112994350282486 0.10875 0.4048964218455744
1 0.501875 0.5047080979284368 0.09125 0.3389830508474576
1 0.57375 0.4915254237288135 0.0575 0.21092278719397362
1 0.54625 0.4943502824858757 0.0625 0.23163841807909605
1 0.52 0.5103578154425612 0.075 0.2824858757062147
1 0.80375 0.5499058380414312 0.1675 0.6214689265536723
1 0.9712500000000001 0.5065913370998116 0.0575 0.3163841807909604
1 0.926875 0.5047080979284368 0.07375 0.2711864406779661
1 0.88375 0.4896421845574388 0.0575 0.21468926553672316
1 0.9375 0.4331450094161958 0.0275 0.052730696798493404
1 0.2775 0.38418079096045193 0.0275 0.052730696798493404
1 0.140625 0.3879472693032015 0.02125 0.052730696798493404
1 0.56 0.3945386064030132 0.0125 0.047080979284369114
