1 0.017857142857142856 0.6091269841269841 0.03571428571428571 0.24206349206349204
1 0.024553571428571428 0.5634920634920635 0.049107142857142856 0.2222222222222222
1 0.05133928571428571 0.5992063492063492 0.05357142857142857 0.24603174603174602
1 0.09709821428571427 0.625 0.06473214285714285 0.28968253968253965
1 0.11049107142857142 0.5773809523809523 0.055803571428571425 0.24206349206349204
1 0.15625 0.6091269841269841 0.0625 0.2738095238095238
1 0.1997767857142857 0.5833333333333333 0.055803571428571425 0.23809523809523808
1 0.24107142857142855 0.5099206349206349 0.03125 0.1468253968253968
1 0.26339285714285715 0.5357142857142857 0.03571428571428571 0.16666666666666666
1 0.29464285714285715 0.5218253968253967 0.040178571428571425 0.17063492063492064
1 0.3214285714285714 0.5059523809523809 0.03125 0.1468253968253968
1 0.33035714285714285 0.5793650793650793 0.05357142857142857 0.23015873015873015
1 0.3727678571428571 0.5654761904761905 0.049107142857142856 0.21825396825396826
1 0.4118303571428571 0.5992063492063492 0.055803571428571425 0.23809523809523808
1 0.4419642857142857 0.5793650793650793 0.049107142857142856 0.21428571428571427
1 0.47098214285714285 0.5595238095238095 0.04464285714285714 0.1984126984126984
1 0.5066964285714285 0.5972222222222222 0.049107142857142856 0.22619047619047616
1 0.5267857142857143 0.5813492063492063 0.04464285714285714 0.20238095238095238
1 0.5435267857142857 0.5634920634920635 0.04241071428571428 0.1984126984126984
1 0.5803571428571428 0.615079365079365 0.049107142857142856 0.2222222222222222
1 0.6026785714285714 0.5892857142857143 0.049107142857142856 0.2103174603174603
1 0.6752232142857143 0.615079365079365 0.055803571428571425 0.23809523809523808
1 0.6953125 0.5932539682539683 0.046875 0.21825396825396826
1 0.7276785714285714 0.7043650793650793 0.07589285714285714 0.33730158730158727
1 0.8247767857142857 0.5753968253968254 0.04241071428571428 0.18253968253968253
1 0.875 0.7242063492063492 0.07142857142857142 0.3214285714285714
1 0.8537946428571428 0.6507936507936507 0.06026785714285714 0.26190476190476186
1 0.9051339285714285 0.5992063492063492 0.04241071428571428 0.19047619047619047
1 0.9743303571428571 0.6686507936507936 0.05133928571428571 0.25
