1 0.036000000000000004 0.4084084084084084 0.07200000000000001 0.4744744744744745
1 0.276 0.3363363363363363 0.096 0.35435435435435436
1 0.361 0.6156156156156156 0.198 0.7267267267267267
1 0.375 0.2807807807807808 0.094 0.35135135135135137
1 0.467 0.3063063063063063 0.106 0.39039039039039036
1 0.539 0.3003003003003003 0.10200000000000001 0.3783783783783784
1 0.519 0.3963963963963964 0.062 0.22822822822822822
1 0.6980000000000001 0.2927927927927928 0.108 0.3993993993993994
1 0.8240000000000001 0.3033033033033033 0.092 0.3483483483483483
1 0.886 0.5540540540540541 0.228 0.8618618618618619
1 0.9430000000000001 0.2957957957957958 0.114 0.45345345345345345
1 0.9560000000000001 0.2882882882882883 0.088 0.4444444444444444
1 0.12 0.26126126126126126 0.056 0.2042042042042042
1 0.157 0.1966966966966967 0.07 0.15315315315315314
1 0.441 0.13813813813813813 0.05 0.12012012012012012
1 0.805 0.08408408408408408 0.058 0.07807807807807808
1 0.854 0.10810810810810811 0.044 0.04204204204204204
1 0.79 0.18468468468468469 0.044 0.09309309309309309
1 0.656 0.4069069069069069 0.064 0.2072072072072072
1 0.35100000000000003 0.24474474474474475 0.058 0.07507507507507508
1 0.203 0.6441441441441441 0.258 0.6396396396396397
