1 0.16083333333333336 0.455 0.03166666666666667 0.12
1 0.1125 0.4475 0.028333333333333335 0.105
1 0.03666666666666667 0.45 0.02666666666666667 0.105
1 0.3825 0.4925 0.04833333333333334 0.185
1 0.4266666666666667 0.5075000000000001 0.06333333333333334 0.24
1 0.4733333333333334 0.455 0.030000000000000002 0.11
1 0.6233333333333334 0.515 0.03333333333333333 0.12
1 0.6608333333333334 0.5437500000000001 0.03833333333333334 0.14250000000000002
1 0.7533333333333334 0.51625 0.043333333333333335 0.1575
1 0.9325000000000001 0.49875 0.05166666666666667 0.1975
1 0.89 0.46 0.02666666666666667 0.105
1 0.7975000000000001 0.49375 0.028333333333333335 0.1125
1 0.6016666666666667 0.46625 0.030000000000000002 0.1125
1 0.2541666666666667 0.4475 0.03166666666666667 0.04
1 0.29500000000000004 0.44875 0.02 0.0325
1 0.33416666666666667 0.4575 0.028333333333333335 0.045
1 0.5066666666666667 0.4975 0.02 0.035
1 0.5175000000000001 0.46875 0.021666666666666667 0.0375
1 0.5766666666666667 0.43 0.02 0.04
1 0.6633333333333333 0.43 0.02 0.04
1 0.7008333333333334 0.495 0.04833333333333334 0.065
1 0.8583333333333334 0.51 0.02666666666666667 0.065
1 0.7841666666666667 0.44375000000000003 0.025 0.0375
1 0.20833333333333334 0.42375 0.030000000000000002 0.0575
1 0.05 0.43625 0.01 0.0275
1 0.10333333333333335 0.46875 0.013333333333333334 0.0225
1 0.0975 0.4475 0.011666666666666667 0.03
1 0.08083333333333334 0.4025 0.021666666666666667 0.03
1 0.07916666666666668 0.44625000000000004 0.021666666666666667 0.0425
