1 0.75 0.7578125 0.078125 0.384375
1 0.022656250000000003 0.8187500000000001 0.045312500000000006 0.3375
1 0.34375 0.6484375 0.028125 0.134375
1 0.37734375000000003 0.6468750000000001 0.026562500000000003 0.1375
1 0.403125 0.640625 0.021875000000000002 0.1125
1 0.5015625 0.634375 0.021875000000000002 0.1125
1 0.56796875 0.6171875 0.0203125 0.109375
1 0.5953125 0.6203125 0.015625 0.084375
1 0.24453125 0.628125 0.0203125 0.1
1 0.1609375 0.6546875000000001 0.018750000000000003 0.10312500000000001
1 0.09531250000000001 0.640625 0.015625 0.08125
1 0.05390625 0.64375 0.0140625 0.06875
1 0.06875 0.6484375 0.018750000000000003 0.09062500000000001
1 0.041406250000000006 0.6375000000000001 0.010937500000000001 0.0625
1 0.32890625 0.6328125 0.0203125 0.096875
1 0.4234375 0.5921875 0.009375000000000001 0.053125000000000006
1 0.44296875 0.59375 0.0078125 0.05
1 0.47890625000000003 0.6046875 0.010937500000000001 0.059375000000000004
1 0.48984375 0.6000000000000001 0.010937500000000001 0.0625
1 0.52734375 0.5875 0.0078125 0.05
1 0.6195312500000001 0.5828125000000001 0.010937500000000001 0.059375000000000004
1 0.64453125 0.5890625 0.010937500000000001 0.059375000000000004
1 0.65625 0.584375 0.0125 0.06875
1 0.6937500000000001 0.6046875 0.015625 0.084375
1 0.675 0.6156250000000001 0.018750000000000003 0.09375
1 0.83515625 0.6296875000000001 0.026562500000000003 0.12812500000000002
1 0.8546875 0.6328125 0.025 0.12812500000000002
1 0.796875 0.5703125 0.0125 0.059375000000000004
1 0.7671875 0.5765625 0.0125 0.07187500000000001
1 0.8992187500000001 0.5703125 0.0140625 0.07187500000000001
1 0.9148437500000001 0.5750000000000001 0.0171875 0.09375
1 0.92734375 0.5640625 0.0140625 0.065625
1 0.9773437500000001 0.6046875 0.0203125 0.109375
1 0.7210937500000001 0.5703125 0.0140625 0.078125
1 0.8210937500000001 0.5750000000000001 0.0140625 0.06875
