1 0.04 0.49251497005988026 0.08 0.3383233532934132
1 0.065 0.6691616766467067 0.13 0.5
1 0.181 0.438622754491018 0.082 0.3083832335329342
1 0.202 0.5464071856287426 0.1 0.36826347305389223
1 0.298 0.7559880239520959 0.128 0.4760479041916168
1 0.41200000000000003 0.6347305389221557 0.12 0.44910179640718567
1 0.333 0.46706586826347307 0.082 0.30538922155688625
1 0.522 0.562874251497006 0.108 0.39520958083832336
1 0.64 0.48652694610778446 0.092 0.3383233532934132
1 0.746 0.42814371257485034 0.076 0.28742514970059885
1 0.8 0.7230538922155689 0.136 0.4940119760479042
1 0.86 0.6452095808383234 0.112 0.4101796407185629
1 0.929 0.5254491017964072 0.106 0.3922155688622755
