1 0.012 0.8519108280254778 0.024 0.09872611464968153
1 0.04 0.8614649681528663 0.028 0.1178343949044586
1 0.11900000000000001 0.8949044585987261 0.03 0.12738853503184713
1 0.145 0.8837579617834396 0.034 0.13694267515923567
1 0.192 0.89171974522293 0.036000000000000004 0.14012738853503184
1 0.20800000000000002 0.8805732484076434 0.032 0.12420382165605096
1 0.23700000000000002 0.8901273885350319 0.038 0.15605095541401276
1 0.28800000000000003 0.8710191082802549 0.024 0.10509554140127389
1 0.328 0.9028662420382166 0.016 0.06687898089171974
1 0.437 0.8805732484076434 0.03 0.1178343949044586
1 0.594 0.855095541401274 0.024 0.10509554140127389
1 0.619 0.8646496815286625 0.022 0.09235668789808918
1 0.78 0.8980891719745223 0.028 0.12101910828025478
1 0.888 0.8996815286624205 0.036000000000000004 0.13694267515923567
1 0.923 0.856687898089172 0.022 0.08280254777070065
1 0.967 0.8964968152866243 0.03 0.12420382165605096
1 0.988 0.8694267515923567 0.024 0.10828025477707007
