1 0.10409252669039146 0.4116666666666667 0.09430604982206406 0.4366666666666667
1 0.2286476868327402 0.505 0.14056939501779359 0.6433333333333334
1 0.38256227758007116 0.5083333333333334 0.1387900355871886 0.6366666666666667
1 0.4848754448398576 0.5033333333333334 0.14056939501779359 0.64
1 0.5578291814946619 0.5066666666666667 0.13345195729537365 0.6066666666666667
1 0.7117437722419928 0.525 0.13523131672597863 0.6166666666666667
1 0.8674377224199288 0.5583333333333333 0.12277580071174377 0.5700000000000001
1 0.8594306049822064 0.4366666666666667 0.07829181494661921 0.36000000000000004
1 0.9492882562277579 0.4066666666666667 0.051601423487544484 0.23333333333333334
1 0.9830960854092526 0.4083333333333334 0.03380782918149466 0.22333333333333336
1 0.04181494661921708 0.3216666666666667 0.055160142348754444 0.26333333333333336
1 0.06583629893238434 0.3383333333333334 0.0498220640569395 0.23
1 0.01779359430604982 0.32833333333333337 0.03558718861209964 0.2366666666666667
1 0.13345195729537365 0.32333333333333336 0.05693950177935943 0.26666666666666666
1 0.2882562277580071 0.3433333333333334 0.0498220640569395 0.24000000000000002
1 0.31227758007117434 0.315 0.055160142348754444 0.2566666666666667
1 0.35498220640569395 0.34833333333333333 0.051601423487544484 0.24333333333333335
1 0.6325622775800711 0.37833333333333335 0.04804270462633452 0.22333333333333336
1 0.7704626334519572 0.3866666666666667 0.0498220640569395 0.24000000000000002
1 0.8024911032028469 0.39333333333333337 0.046263345195729534 0.21333333333333335
1 0.16548042704626334 0.225 0.01779359430604982 0.09000000000000001
1 0.10409252669039146 0.18166666666666667 0.023131672597864767 0.043333333333333335
