1 0.0625 0.37844036697247707 0.125 0.6192660550458716
1 0.12875 0.4036697247706422 0.11750000000000001 0.5321100917431193
1 0.18625 0.38990825688073394 0.1275 0.5871559633027523
1 0.2675 0.41055045871559637 0.105 0.47247706422018354
1 0.33625 0.40825688073394495 0.1075 0.48623853211009177
1 0.37 0.4174311926605505 0.095 0.44036697247706424
1 0.41500000000000004 0.41055045871559637 0.095 0.42660550458715596
1 0.4525 0.4059633027522936 0.08 0.37155963302752293
1 0.505 0.40825688073394495 0.095 0.44036697247706424
1 0.58875 0.40825688073394495 0.0925 0.42201834862385323
1 0.63625 0.4036697247706422 0.0825 0.3669724770642202
1 0.71125 0.3761467889908257 0.0675 0.3119266055045872
1 0.735 0.3807339449541285 0.065 0.30275229357798167
1 0.835 0.36009174311926606 0.045 0.21559633027522937
1 0.87875 0.3577981651376147 0.0475 0.21100917431192662
1 0.9087500000000001 0.3761467889908257 0.0375 0.1834862385321101
1 0.81625 0.38302752293577985 0.0425 0.19724770642201836
1 0.77375 0.3807339449541285 0.0375 0.1834862385321101
1 0.6900000000000001 0.3876146788990826 0.055 0.24311926605504589
1 0.29875 0.22935779816513763 0.0325 0.11009174311926606
1 0.96625 0.34174311926605505 0.0525 0.15137614678899083
