1 0.505 0.5437500000000001 0.15 0.4625
1 0.046 0.52125 0.092 0.3075
1 0.10300000000000001 0.51875 0.10200000000000001 0.3175
1 0.153 0.5125 0.106 0.325
1 0.209 0.50125 0.098 0.3025
1 0.264 0.5075000000000001 0.096 0.295
1 0.338 0.48625 0.092 0.28250000000000003
1 0.383 0.485 0.094 0.295
1 0.421 0.47750000000000004 0.098 0.305
1 0.462 0.4825 0.092 0.28
1 0.584 0.48 0.08 0.25
1 0.623 0.47500000000000003 0.078 0.245
1 0.668 0.49 0.076 0.23
1 0.718 0.48625 0.076 0.2325
1 0.779 0.4825 0.07 0.22
1 0.809 0.47500000000000003 0.074 0.225
1 0.842 0.47500000000000003 0.07200000000000001 0.225
1 0.897 0.51375 0.058 0.1975
1 0.961 0.5225 0.046 0.16
1 0.9540000000000001 0.39 0.032 0.08
1 0.883 0.3925 0.03 0.05
1 0.202 0.25625 0.036000000000000004 0.1475
1 0.127 0.30625 0.046 0.0775
1 0.07100000000000001 0.31375000000000003 0.05 0.0625
1 0.029 0.3025 0.05 0.075
1 0.022 0.18 0.04 0.08
1 0.06 0.11 0.032 0.06
1 0.035 0.0425 0.034 0.05
1 0.011 0.065 0.022 0.055
1 0.073 0.04125 0.03 0.0625
1 0.10300000000000001 0.13375 0.022 0.0475
1 0.115 0.1 0.026000000000000002 0.025
1 0.135 0.125 0.022 0.05
1 0.192 0.13625 0.016 0.0275
1 0.228 0.105 0.02 0.04
1 0.27 0.17125 0.032 0.11750000000000001
1 0.313 0.17250000000000001 0.03 0.12
1 0.352 0.165 0.036000000000000004 0.095
1 0.365 0.22625 0.026000000000000002 0.0275
1 0.43 0.26875 0.048 0.10250000000000001
1 0.29 0.30625 0.024 0.0675
1 0.397 0.14250000000000002 0.022 0.03
1 0.396 0.1875 0.024 0.05
1 0.42 0.19625 0.024 0.0375
1 0.44 0.19125 0.016 0.0275
1 0.434 0.1575 0.024 0.04
1 0.462 0.16125 0.028 0.0425
1 0.504 0.14625 0.036000000000000004 0.0225
1 0.539 0.1075 0.026000000000000002 0.105
1 0.584 0.09875 0.028 0.10250000000000001
1 0.467 0.07375 0.03 0.0975
1 0.37 0.055 0.036000000000000004 0.095
1 0.31 0.0425 0.036000000000000004 0.05
1 0.261 0.03875 0.03 0.0475
1 0.28700000000000003 0.085 0.018000000000000002 0.04
1 0.322 0.08750000000000001 0.036000000000000004 0.035
1 0.20800000000000002 0.06 0.016 0.08
1 0.178 0.05375 0.024 0.0825
1 0.152 0.02375 0.028 0.0475
1 0.165 0.3425 0.022 0.06
1 0.233 0.35125 0.042 0.0675
1 0.247 0.245 0.03 0.085
1 0.505 0.24125 0.03 0.14250000000000002
1 0.546 0.31625000000000003 0.032 0.0625
1 0.595 0.315 0.038 0.075
1 0.65 0.335 0.056 0.04
1 0.6920000000000001 0.33 0.028 0.085
1 0.715 0.3075 0.018000000000000002 0.04
1 0.739 0.3175 0.022 0.05
1 0.769 0.31 0.034 0.05
1 0.808 0.31125 0.032 0.0475
1 0.85 0.30875 0.016 0.0475
1 0.912 0.3075 0.016 0.05
1 0.9480000000000001 0.31125 0.016 0.0425
1 0.975 0.3125 0.026000000000000002 0.04
1 0.541 0.2325 0.022 0.035
1 0.5650000000000001 0.23375 0.022 0.0475
1 0.59 0.24875 0.032 0.0375
1 0.606 0.21 0.02 0.035
1 0.58 0.16875 0.036000000000000004 0.0325
1 0.626 0.17625 0.032 0.0275
1 0.64 0.2125 0.032 0.03
1 0.676 0.20375000000000001 0.028 0.0275
1 0.671 0.17250000000000001 0.022 0.03
1 0.704 0.165 0.024 0.025
1 0.713 0.20875 0.022 0.0375
1 0.733 0.215 0.026000000000000002 0.03
1 0.6930000000000001 0.245 0.042 0.04
1 0.662 0.24375 0.028 0.0425
1 0.766 0.21125 0.028 0.0225
1 0.746 0.25625 0.024 0.0275
1 0.784 0.25375000000000003 0.02 0.0325
1 0.807 0.26 0.03 0.045
1 0.619 0.10250000000000001 0.026000000000000002 0.08
1 0.649 0.09 0.03 0.04
1 0.678 0.06 0.02 0.03
1 0.7000000000000001 0.07375 0.016 0.0325
1 0.74 0.15875 0.036000000000000004 0.0525
1 0.769 0.16125 0.026000000000000002 0.0625
1 0.8270000000000001 0.22 0.038 0.035
1 0.793 0.2025 0.026000000000000002 0.04
1 0.855 0.21 0.018000000000000002 0.04
1 0.885 0.2225 0.022 0.035
1 0.86 0.25625 0.024 0.0375
1 0.884 0.26625 0.024 0.0325
1 0.9400000000000001 0.22875 0.024 0.0525
1 0.973 0.25 0.018000000000000002 0.065
1 0.929 0.11 0.034 0.06
1 0.9490000000000001 0.0725 0.034 0.045
1 0.894 0.06375 0.016 0.0475
1 0.872 0.05625 0.02 0.0375
1 0.854 0.0525 0.024 0.045
1 0.987 0.135 0.022 0.07
