1 0.14666666666666667 0.6875 0.10333333333333335 0.385
1 0.27083333333333337 0.63625 0.09166666666666667 0.3425
1 0.3775 0.64625 0.11166666666666668 0.40750000000000003
1 0.5433333333333333 0.665 0.1 0.375
1 0.7441666666666668 0.70375 0.10833333333333334 0.3975
1 0.8750000000000001 0.6637500000000001 0.10666666666666667 0.3925
1 0.4166666666666667 0.4475 0.05666666666666667 0.215
1 0.29750000000000004 0.4225 0.058333333333333334 0.215
1 0.35583333333333333 0.44 0.05166666666666667 0.19
1 0.47250000000000003 0.47375 0.05166666666666667 0.1975
1 0.5383333333333333 0.46875 0.060000000000000005 0.2225
1 0.6341666666666667 0.47125 0.065 0.23750000000000002
1 0.6883333333333334 0.45125 0.06666666666666667 0.2475
1 0.7150000000000001 0.41625 0.06666666666666667 0.2475
1 0.11750000000000001 0.37375 0.03833333333333334 0.14250000000000002
1 0.1 0.47625 0.07 0.2625
1 0.08750000000000001 0.69375 0.095 0.3525
1 0.15666666666666668 0.35875 0.03666666666666667 0.1325
1 0.1925 0.3525 0.035 0.135
1 0.21083333333333334 0.33375 0.035 0.1375
1 0.265 0.40375 0.05333333333333334 0.2025
1 0.88 0.3125 0.030000000000000002 0.115
1 0.9291666666666667 0.32125 0.035 0.1275
1 0.8608333333333333 0.30375 0.028333333333333335 0.1075
1 0.8408333333333334 0.29875 0.028333333333333335 0.1075
1 0.8075000000000001 0.29625 0.028333333333333335 0.1125
1 0.7783333333333334 0.295 0.02666666666666667 0.105
1 0.9616666666666668 0.31625000000000003 0.03333333333333333 0.1225
1 0.9725 0.43625 0.028333333333333335 0.11750000000000001
