1 0.8191056910569107 0.6850828729281768 0.13414634146341464 0.4419889502762431
1 0.4288617886178862 0.5372928176795579 0.10975609756097562 0.361878453038674
1 0.46036585365853666 0.46961325966850825 0.08333333333333334 0.2762430939226519
1 0.5030487804878049 0.4198895027624309 0.07520325203252033 0.2596685082872928
1 0.5467479674796748 0.3383977900552486 0.06097560975609757 0.20718232044198895
1 0.03861788617886179 0.4861878453038674 0.07723577235772358 0.287292817679558
1 0.08841463414634147 0.3453038674033149 0.05081300813008131 0.1712707182320442
1 0.03658536585365854 0.30524861878453036 0.04471544715447155 0.15193370165745856
1 0.18800813008130082 0.39779005524861877 0.07520325203252033 0.2541436464088398
1 0.13719512195121952 0.324585635359116 0.05081300813008131 0.16850828729281767
1 0.26117886178861793 0.3867403314917127 0.06300813008130082 0.2154696132596685
1 0.3119918699186992 0.3356353591160221 0.05487804878048781 0.17955801104972374
1 0.37093495934959353 0.319060773480663 0.05894308943089432 0.19613259668508287
1 0.9085365853658538 0.33977900552486184 0.05691056910569106 0.19889502762430938
1 0.9745934959349595 0.361878453038674 0.05081300813008131 0.2044198895027624
1 0.5863821138211383 0.2941988950276243 0.0467479674796748 0.1574585635359116
1 0.4288617886178862 0.2900552486187845 0.04878048780487805 0.16574585635359115
1 0.8648373983739839 0.30662983425414364 0.0467479674796748 0.1602209944751381
1 0.7449186991869919 0.3660220994475138 0.06300813008130082 0.21270718232044197
1 0.608739837398374 0.26243093922651933 0.03861788617886179 0.1270718232044199
1 0.7977642276422765 0.4613259668508287 0.10772357723577237 0.13259668508287292
1 0.777439024390244 0.38121546961325964 0.08333333333333334 0.11602209944751381
1 0.7784552845528456 0.30939226519337015 0.04471544715447155 0.06629834254143646
1 0.7266260162601627 0.26381215469613256 0.0467479674796748 0.03038674033149171
1 0.8892276422764228 0.26243093922651933 0.022357723577235776 0.022099447513812154
