1 0.11616954474097332 0.5125944584382871 0.23233908948194665 0.9395465994962217
1 0.391679748822606 0.5163727959697733 0.23704866562009422 0.9319899244332494
1 0.5109890109890111 0.482367758186398 0.2025117739403454 0.7934508816120907
1 0.576923076923077 0.7065491183879093 0.13971742543171115 0.5465994962216625
1 0.7244897959183674 0.7153652392947103 0.13971742543171115 0.5491183879093199
1 0.9120879120879122 0.5856423173803527 0.17582417582417584 0.7934508816120907
1 0.8108320251177394 0.3161209068010076 0.09890109890109891 0.38539042821158687
1 0.6593406593406593 0.30730478589420657 0.09419152276295134 0.3778337531486146
1 0.5745682888540031 0.3375314861460957 0.07535321821036108 0.30226700251889166
1 0.8689167974882261 0.30226700251889166 0.06750392464678179 0.2619647355163728
1 0.9780219780219781 0.2632241813602015 0.04395604395604396 0.1889168765743073
