1 0.18953252032520326 0.5806233062330624 0.0660569105691057 0.2181571815718157
1 0.3653455284552846 0.55420054200542 0.04979674796747968 0.16531165311653118
1 0.39888211382113825 0.5880758807588076 0.07621951219512196 0.24661246612466126
1 0.4400406504065041 0.5467479674796748 0.04065040650406505 0.13414634146341464
1 0.5823170731707318 0.5250677506775068 0.034552845528455285 0.11246612466124661
1 0.5995934959349594 0.5440379403794038 0.042682926829268296 0.13956639566395665
1 0.6214430894308943 0.5548780487804879 0.04979674796747968 0.16124661246612465
1 0.666158536585366 0.6050135501355014 0.09451219512195123 0.31029810298102983
1 0.7245934959349595 0.5636856368563685 0.052845528455284556 0.17615176151761516
1 0.7845528455284554 0.575880758807588 0.05487804878048781 0.18157181571815717
1 0.8465447154471546 0.5772357723577236 0.04878048780487805 0.16260162601626016
1 0.8770325203252033 0.5934959349593496 0.07113821138211383 0.23577235772357724
1 0.904979674796748 0.5677506775067751 0.047764227642276426 0.15989159891598917
1 0.9603658536585367 0.5907859078590786 0.07520325203252033 0.24932249322493225
1 0.684959349593496 0.4959349593495935 0.026422764227642278 0.03252032520325203
1 0.644308943089431 0.49254742547425473 0.022357723577235776 0.03387533875338753
