1 0.0625 0.7240963855421687 0.125 0.5421686746987953
1 0.165 0.7060240963855422 0.1366666666666667 0.48192771084337355
1 0.31833333333333336 0.6891566265060242 0.12333333333333334 0.44337349397590364
1 0.39583333333333337 0.6337349397590362 0.10166666666666667 0.3614457831325302
1 0.49000000000000005 0.646987951807229 0.09666666666666668 0.3493975903614458
1 0.5508333333333334 0.7024096385542169 0.11166666666666668 0.4024096385542169
1 0.6533333333333333 0.6518072289156627 0.09000000000000001 0.32530120481927716
1 0.785 0.6542168674698796 0.10666666666666667 0.383132530120482
1 0.9241666666666667 0.7096385542168675 0.15166666666666667 0.5518072289156627
1 0.8641666666666667 0.7072289156626507 0.12166666666666667 0.43614457831325304
1 0.7491666666666668 0.6542168674698796 0.09833333333333334 0.35421686746987957
1 0.7058333333333334 0.6204819277108434 0.08166666666666667 0.29156626506024097
1 0.8733333333333334 0.33614457831325306 0.023333333333333334 0.0891566265060241
1 0.9633333333333334 0.47951807228915666 0.04666666666666667 0.05783132530120483
1 0.9091666666666667 0.3674698795180723 0.03833333333333334 0.055421686746987955
1 0.9516666666666668 0.4024096385542169 0.030000000000000002 0.05783132530120483
1 0.9516666666666668 0.3132530120481928 0.043333333333333335 0.03855421686746988
1 0.8575 0.26626506024096386 0.05166666666666667 0.045783132530120486
1 0.09000000000000001 0.5168674698795181 0.05 0.0746987951807229
1 0.20750000000000002 0.4734939759036145 0.045000000000000005 0.08433734939759037
1 0.5175000000000001 0.4879518072289157 0.035 0.045783132530120486
1 0.635 0.49036144578313257 0.043333333333333335 0.06987951807228916
1 0.5950000000000001 0.4987951807228916 0.030000000000000002 0.05783132530120483
1 0.6925 0.5156626506024097 0.04833333333333334 0.06746987951807229
1 0.0475 0.43253012048192774 0.045000000000000005 0.050602409638554224
1 0.08083333333333334 0.3855421686746988 0.03166666666666667 0.06265060240963856
1 0.07666666666666667 0.3132530120481928 0.023333333333333334 0.03855421686746988
1 0.030000000000000002 0.30361445783132535 0.02 0.05301204819277109
1 0.04833333333333334 0.3024096385542169 0.02666666666666667 0.0746987951807229
1 0.12916666666666668 0.31084337349397595 0.028333333333333335 0.04819277108433735
1 0.1275 0.3409638554216868 0.03833333333333334 0.045783132530120486
1 0.19583333333333336 0.4084337349397591 0.03833333333333334 0.04096385542168675
1 0.2025 0.3843373493975904 0.021666666666666667 0.04096385542168675
1 0.2325 0.3807228915662651 0.025 0.03855421686746988
1 0.24500000000000002 0.4108433734939759 0.030000000000000002 0.03614457831325302
1 0.25916666666666666 0.3771084337349398 0.021666666666666667 0.03132530120481928
1 0.24583333333333335 0.3385542168674699 0.025 0.026506024096385545
1 0.2791666666666667 0.33975903614457836 0.028333333333333335 0.028915662650602414
1 0.30833333333333335 0.3385542168674699 0.02 0.04096385542168675
1 0.3225 0.33614457831325306 0.018333333333333333 0.03614457831325302
1 0.34833333333333333 0.33975903614457836 0.013333333333333334 0.024096385542168676
1 0.39 0.3373493975903615 0.023333333333333334 0.028915662650602414
1 0.42250000000000004 0.3373493975903615 0.021666666666666667 0.024096385542168676
1 0.44833333333333336 0.3421686746987952 0.023333333333333334 0.024096385542168676
1 0.49083333333333334 0.3373493975903615 0.018333333333333333 0.033734939759036145
1 0.5158333333333334 0.33975903614457836 0.021666666666666667 0.033734939759036145
1 0.5775 0.3349397590361446 0.03166666666666667 0.033734939759036145
1 0.6191666666666668 0.3349397590361446 0.025 0.028915662650602414
1 0.6591666666666667 0.33975903614457836 0.018333333333333333 0.024096385542168676
1 0.6791666666666667 0.33614457831325306 0.015000000000000001 0.026506024096385545
1 0.6991666666666667 0.3349397590361446 0.018333333333333333 0.033734939759036145
1 0.7200000000000001 0.3385542168674699 0.02 0.026506024096385545
1 0.7433333333333334 0.3385542168674699 0.023333333333333334 0.03132530120481928
1 0.7616666666666667 0.33614457831325306 0.02 0.02168674698795181
1 0.7883333333333333 0.33975903614457836 0.02 0.033734939759036145
1 0.8083333333333333 0.3457831325301205 0.023333333333333334 0.03614457831325302
1 0.2916666666666667 0.3795180722891567 0.030000000000000002 0.026506024096385545
1 0.29833333333333334 0.41445783132530123 0.030000000000000002 0.033734939759036145
1 0.3191666666666667 0.3746987951807229 0.021666666666666667 0.026506024096385545
1 0.3433333333333334 0.3783132530120482 0.02666666666666667 0.028915662650602414
1 0.3458333333333334 0.41445783132530123 0.025 0.028915662650602414
1 0.36333333333333334 0.3783132530120482 0.02 0.03855421686746988
1 0.3841666666666667 0.3819277108433735 0.018333333333333333 0.026506024096385545
1 0.40750000000000003 0.3746987951807229 0.021666666666666667 0.03132530120481928
1 0.40750000000000003 0.4132530120481928 0.025 0.026506024096385545
1 0.4316666666666667 0.3807228915662651 0.023333333333333334 0.028915662650602414
1 0.45583333333333337 0.3783132530120482 0.025 0.03855421686746988
1 0.45583333333333337 0.4072289156626506 0.025 0.033734939759036145
1 0.4966666666666667 0.3819277108433735 0.030000000000000002 0.03614457831325302
1 0.5183333333333333 0.3783132530120482 0.02 0.028915662650602414
1 0.5441666666666667 0.3795180722891567 0.021666666666666667 0.03132530120481928
1 0.5608333333333334 0.3807228915662651 0.025 0.028915662650602414
1 0.5908333333333333 0.3771084337349398 0.028333333333333335 0.03132530120481928
1 0.6066666666666667 0.3795180722891567 0.02 0.026506024096385545
1 0.6308333333333334 0.3771084337349398 0.021666666666666667 0.026506024096385545
1 0.6541666666666667 0.3843373493975904 0.025 0.03132530120481928
1 0.6758333333333334 0.3783132530120482 0.028333333333333335 0.024096385542168676
1 0.6983333333333334 0.383132530120482 0.02 0.028915662650602414
1 0.7233333333333334 0.3843373493975904 0.02 0.026506024096385545
1 0.7491666666666668 0.3771084337349398 0.025 0.026506024096385545
1 0.7766666666666667 0.3795180722891567 0.030000000000000002 0.04096385542168675
1 0.7908333333333334 0.41445783132530123 0.03833333333333334 0.033734939759036145
1 0.7491666666666668 0.4072289156626506 0.028333333333333335 0.024096385542168676
1 0.7016666666666667 0.4132530120481928 0.030000000000000002 0.03132530120481928
1 0.66 0.4108433734939759 0.03333333333333333 0.026506024096385545
1 0.6133333333333334 0.4108433734939759 0.04 0.026506024096385545
1 0.5658333333333334 0.4108433734939759 0.04166666666666667 0.03132530120481928
1 0.5158333333333334 0.4096385542168675 0.04166666666666667 0.03855421686746988
1 0.29000000000000004 0.17590361445783134 0.10666666666666667 0.12530120481927712
