1 0.122 0.6186186186186187 0.132 0.4924924924924925
1 0.273 0.6201201201201201 0.10200000000000001 0.3813813813813814
1 0.362 0.6696696696696697 0.088 0.3303303303303303
1 0.427 0.6591591591591591 0.114 0.4174174174174174
1 0.504 0.6456456456456456 0.124 0.45645645645645644
1 0.551 0.5585585585585585 0.094 0.35435435435435436
1 0.642 0.6531531531531531 0.124 0.46546546546546547
1 0.723 0.6531531531531531 0.126 0.47147147147147145
1 0.833 0.6711711711711712 0.114 0.4174174174174174
1 0.925 0.6786786786786787 0.114 0.4264264264264264
1 0.9550000000000001 0.6471471471471472 0.09 0.4294294294294294
1 0.08700000000000001 0.43543543543543545 0.014 0.06006006006006006
1 0.056 0.43543543543543545 0.02 0.07207207207207207
1 0.199 0.4264264264264264 0.01 0.04804804804804805
1 0.793 0.4264264264264264 0.03 0.06006006006006006
1 0.8220000000000001 0.4624624624624625 0.056 0.06006006006006006
1 0.6940000000000001 0.466966966966967 0.06 0.08108108108108109
1 0.162 0.44894894894894893 0.048 0.05105105105105105
1 0.379 0.44744744744744747 0.062 0.08408408408408408
1 0.551 0.16816816816816815 0.082 0.07807807807807808
