1 0.3225 0.67375 0.16833333333333333 0.6225
1 0.47500000000000003 0.70375 0.13333333333333333 0.4925
1 0.5533333333333333 0.63875 0.1 0.3725
1 0.5933333333333334 0.5925 0.08333333333333334 0.305
1 0.62 0.56875 0.07333333333333333 0.2675
1 0.43500000000000005 0.56625 0.060000000000000005 0.2275
1 0.1525 0.66125 0.135 0.4925
1 0.04 0.6062500000000001 0.08 0.3425
1 0.9325000000000001 0.68625 0.135 0.4925
1 0.8725 0.6687500000000001 0.10500000000000001 0.3875
1 0.8441666666666667 0.58625 0.06833333333333334 0.2575
1 0.08333333333333334 0.48 0.03666666666666667 0.05
1 0.6941666666666667 0.515 0.028333333333333335 0.06
1 0.7350000000000001 0.525 0.05 0.07
1 0.7758333333333334 0.4925 0.055 0.05
1 0.15333333333333335 0.3525 0.03333333333333333 0.035
1 0.17666666666666667 0.36125 0.023333333333333334 0.0475
1 0.21166666666666667 0.36375 0.04 0.0375
