1 0.157 0.5125570776255708 0.11 0.3082191780821918
1 0.459 0.49885844748858443 0.09 0.2534246575342466
1 0.668 0.54337899543379 0.116 0.3287671232876712
1 0.845 0.49429223744292233 0.08600000000000001 0.24429223744292236
1 0.895 0.46232876712328763 0.074 0.20776255707762556
1 0.025 0.4646118721461187 0.05 0.23972602739726026
1 0.084 0.4691780821917808 0.07200000000000001 0.20319634703196346
1 0.223 0.41324200913242004 0.074 0.2100456621004566
1 0.28800000000000003 0.4520547945205479 0.07200000000000001 0.2054794520547945
1 0.382 0.4474885844748858 0.068 0.1963470319634703
1 0.733 0.4178082191780822 0.074 0.2100456621004566
1 0.969 0.4235159817351598 0.062 0.17579908675799086
1 0.92 0.4189497716894977 0.064 0.18493150684931506
1 0.429 0.4143835616438356 0.074 0.21232876712328766
1 0.33 0.432648401826484 0.064 0.18036529680365296
1 0.363 0.4452054794520548 0.07 0.2009132420091324
1 0.065 0.3344748858447488 0.042 0.02968036529680365
1 0.09 0.3664383561643835 0.024 0.03424657534246575
1 0.12 0.34931506849315064 0.028 0.0410958904109589
1 0.145 0.3561643835616438 0.026000000000000002 0.0410958904109589
1 0.2 0.3344748858447488 0.016 0.02511415525114155
1 0.259 0.3299086757990867 0.026000000000000002 0.02511415525114155
1 0.34600000000000003 0.3561643835616438 0.032 0.0319634703196347
1 0.8140000000000001 0.363013698630137 0.04 0.045662100456621
1 0.9400000000000001 0.3333333333333333 0.036000000000000004 0.0410958904109589
1 0.457 0.3573059360730593 0.042 0.08904109589041095
1 0.545 0.3550228310502283 0.03 0.03424657534246575
1 0.605 0.33105022831050224 0.03 0.045662100456621
1 0.686 0.3390410958904109 0.024 0.02968036529680365
1 0.855 0.3390410958904109 0.026000000000000002 0.03424657534246575
1 0.888 0.3573059360730593 0.024 0.03424657534246575
1 0.648 0.3321917808219178 0.028 0.03424657534246575
1 0.51 0.3458904109589041 0.012 0.02968036529680365
