1 0.373 0.6443148688046647 0.11 0.3965014577259475
1 0.486 0.6618075801749271 0.096 0.3498542274052478
1 0.597 0.6865889212827988 0.078 0.282798833819242
1 0.724 0.7040816326530612 0.07200000000000001 0.2536443148688047
1 0.278 0.705539358600583 0.07200000000000001 0.26239067055393583
1 0.186 0.6501457725947521 0.10400000000000001 0.37317784256559766
1 0.14100000000000001 0.6865889212827988 0.082 0.2944606413994169
1 0.069 0.5816326530612245 0.138 0.521865889212828
1 0.55 0.7317784256559766 0.056 0.19825072886297376
1 0.641 0.7274052478134111 0.058 0.20699708454810495
1 0.444 0.6924198250728862 0.08 0.2886297376093294
1 0.41500000000000004 0.7128279883381924 0.022 0.23615160349854228
1 0.783 0.793002915451895 0.026000000000000002 0.09329446064139942
1 0.8300000000000001 0.7959183673469388 0.032 0.08746355685131195
1 0.855 0.7944606413994169 0.03 0.07871720116618075
1 0.991 0.7959183673469388 0.014 0.08163265306122448
1 0.975 0.7944606413994169 0.03 0.08454810495626822
1 0.9490000000000001 0.8017492711370262 0.018000000000000002 0.05830903790087463
1 0.928 0.8119533527696793 0.028 0.07871720116618075
1 0.891 0.7959183673469388 0.03 0.07580174927113703
1 0.748 0.8002915451895044 0.016 0.06705539358600583
1 0.6920000000000001 0.7944606413994169 0.032 0.06705539358600583
