1 0.20636363636363636 0.6038251366120219 0.12181818181818181 0.453551912568306
1 0.48363636363636364 0.45901639344262296 0.06545454545454546 0.2459016393442623
1 0.6118181818181818 0.5437158469945356 0.06 0.22950819672131148
1 0.6963636363636364 0.5450819672131147 0.06545454545454546 0.24316939890710382
1 0.8536363636363636 0.575136612021858 0.07818181818181819 0.2923497267759563
1 0.7663636363636364 0.5327868852459017 0.04909090909090909 0.18579234972677597
1 0.7327272727272727 0.546448087431694 0.05454545454545454 0.20765027322404372
1 0.7872727272727272 0.5245901639344263 0.04363636363636364 0.16939890710382513
1 0.31272727272727274 0.5341530054644809 0.05818181818181818 0.21584699453551912
1 0.27090909090909093 0.523224043715847 0.04 0.15027322404371585
1 0.09181818181818181 0.5382513661202186 0.04909090909090909 0.18032786885245902
1 0.015454545454545455 0.5450819672131147 0.03090909090909091 0.16120218579234974
1 0.35454545454545455 0.5136612021857924 0.02909090909090909 0.11475409836065574
1 0.37636363636363634 0.5122950819672131 0.03636363636363636 0.13387978142076504
1 0.5518181818181818 0.5355191256830601 0.04909090909090909 0.18579234972677597
1 0.09090909090909091 0.18579234972677597 0.02181818181818182 0.08743169398907104
1 0.5272727272727272 0.3333333333333333 0.01818181818181818 0.06557377049180328
1 0.6554545454545454 0.5396174863387978 0.056363636363636366 0.20491803278688525
1 0.43272727272727274 0.5163934426229508 0.05818181818181818 0.21311475409836064
1 0.5290909090909091 0.46174863387978143 0.05090909090909091 0.09836065573770492
1 0.21363636363636362 0.2855191256830601 0.02727272727272727 0.04644808743169399
1 0.1781818181818182 0.28005464480874315 0.025454545454545455 0.030054644808743168
1 0.1590909090909091 0.23087431693989072 0.038181818181818185 0.03551912568306011
1 0.11090909090909092 0.2226775956284153 0.02181818181818182 0.030054644808743168
