1 0.81 0.7349397590361446 0.10400000000000001 0.3855421686746988
1 0.586 0.7033132530120483 0.08 0.29819277108433734
1 0.267 0.6792168674698795 0.062 0.23795180722891568
1 0.146 0.6671686746987953 0.044 0.15963855421686748
1 0.04 0.6626506024096386 0.052000000000000005 0.1927710843373494
1 0.223 0.6596385542168675 0.046 0.1746987951807229
1 0.514 0.6536144578313253 0.056 0.21084337349397592
1 0.6890000000000001 0.6430722891566265 0.058 0.213855421686747
1 0.934 0.6686746987951807 0.084 0.3132530120481928
1 0.851 0.6671686746987953 0.078 0.286144578313253
1 0.777 0.6596385542168675 0.074 0.27108433734939763
1 0.654 0.6475903614457832 0.052000000000000005 0.1927710843373494
1 0.562 0.641566265060241 0.048 0.18674698795180725
1 0.134 0.6701807228915663 0.044 0.1716867469879518
1 0.195 0.6475903614457832 0.038 0.14457831325301207
1 0.1 0.6686746987951807 0.036000000000000004 0.13855421686746988
1 0.075 0.6626506024096386 0.038 0.15060240963855423
1 0.482 0.6460843373493976 0.056 0.20783132530120482
1 0.406 0.6837349397590362 0.056 0.21084337349397592
1 0.339 0.6430722891566265 0.038 0.14156626506024098
1 0.023 0.3855421686746988 0.018000000000000002 0.06626506024096386
1 0.917 0.5180722891566265 0.038 0.04819277108433735
