1 0.09564393939393939 0.5327635327635328 0.03598484848484849 0.14245014245014245
1 0.8238636363636364 0.6951566951566952 0.12878787878787878 0.47293447293447294
1 0.9024621212121212 0.5897435897435898 0.07007575757575758 0.25641025641025644
1 0.28882575757575757 0.5299145299145299 0.03598484848484849 0.13105413105413105
1 0.30587121212121215 0.5441595441595442 0.032196969696969696 0.12535612535612536
1 0.3456439393939394 0.5370370370370371 0.032196969696969696 0.1225071225071225
1 0.3731060606060606 0.5398860398860399 0.030303030303030304 0.11111111111111112
1 0.40530303030303033 0.5284900284900285 0.030303030303030304 0.11111111111111112
1 0.42140151515151514 0.5427350427350428 0.032196969696969696 0.12820512820512822
1 0.43276515151515155 0.5284900284900285 0.03598484848484849 0.1339031339031339
1 0.46590909090909094 0.5370370370370371 0.03409090909090909 0.12820512820512822
1 0.5018939393939394 0.5555555555555556 0.04166666666666667 0.15384615384615385
1 0.5179924242424243 0.5612535612535613 0.054924242424242424 0.19943019943019943
1 0.5473484848484849 0.5441595441595442 0.03409090909090909 0.13105413105413105
1 0.5757575757575758 0.5512820512820513 0.04166666666666667 0.1566951566951567
1 0.5975378787878788 0.5313390313390314 0.03598484848484849 0.1339031339031339
1 0.6240530303030303 0.566951566951567 0.04734848484848485 0.17663817663817666
1 0.6524621212121212 0.5455840455840456 0.03977272727272727 0.1452991452991453
1 0.6799242424242424 0.5455840455840456 0.04166666666666667 0.150997150997151
1 0.7339015151515151 0.566951566951567 0.043560606060606064 0.16524216524216526
1 0.7793560606060607 0.5484330484330484 0.032196969696969696 0.12820512820512822
1 0.7916666666666667 0.5313390313390314 0.030303030303030304 0.11680911680911682
1 0.9630681818181819 0.5954415954415955 0.06628787878787878 0.25641025641025644
1 0.05018939393939394 0.37464387464387466 0.032196969696969696 0.05982905982905983
