1 0.06057866184448463 0.5664251207729468 0.0922242314647378 0.30193236714975846
1 0.15370705244122965 0.571256038647343 0.08318264014466546 0.2777777777777778
1 0.2396021699819168 0.571256038647343 0.08860759493670886 0.29227053140096615
1 0.3074141048824593 0.5688405797101449 0.09041591320072333 0.29227053140096615
1 0.37341772151898733 0.5628019323671497 0.08499095840867993 0.2753623188405797
1 0.4602169981916817 0.5543478260869565 0.08499095840867993 0.2826086956521739
1 0.5461121157323688 0.5531400966183575 0.09403254972875226 0.3043478260869565
1 0.6229656419529837 0.5471014492753623 0.08860759493670886 0.29227053140096615
1 0.68625678119349 0.53743961352657 0.08860759493670886 0.28743961352657005
1 0.7703435804701627 0.5458937198067633 0.08318264014466546 0.2753623188405797
1 0.8291139240506329 0.5253623188405797 0.08860759493670886 0.29227053140096615
1 0.9023508137432188 0.5410628019323671 0.0867992766726944 0.28502415458937197
1 0.969258589511754 0.5326086956521738 0.06148282097649186 0.2632850241545894
