1 0.09 0.5764872521246459 0.18 0.6260623229461757
1 0.2 0.6543909348441926 0.168 0.5892351274787536
1 0.314 0.6203966005665723 0.156 0.5495750708215298
1 0.434 0.6373937677053825 0.164 0.56657223796034
1 0.655 0.6997167138810199 0.158 0.5439093484419264
1 0.782 0.6473087818696884 0.156 0.5410764872521246
1 0.921 0.6430594900849859 0.15 0.5212464589235127
1 0.542 0.5141643059490085 0.096 0.3371104815864023
1 0.488 0.5722379603399433 0.12 0.4192634560906516
1 0.859 0.48583569405099153 0.07 0.24079320113314448
1 0.612 0.5750708215297451 0.112 0.3909348441926346
1 0.227 0.36685552407932015 0.054 0.18413597733711048
1 0.709 0.5325779036827196 0.098 0.34560906515580736
1 0.17300000000000001 0.36827195467422097 0.034 0.1019830028328612
1 0.922 0.40368271954674223 0.032 0.09348441926345609
1 0.78 0.3654390934844193 0.048 0.0906515580736544
1 0.317 0.3286118980169972 0.03 0.0623229461756374
1 0.394 0.34277620396600567 0.024 0.0509915014164306
