1 0.20909090909090908 0.6027777777777777 0.16727272727272727 0.6222222222222222
1 0.11454545454545455 0.5375 0.18181818181818182 0.675
1 0.2545454545454545 0.5027777777777778 0.14181818181818182 0.5388888888888889
1 0.18636363636363637 0.32916666666666666 0.04181818181818182 0.1638888888888889
1 0.30454545454545456 0.4444444444444445 0.11818181818181818 0.45
1 0.4218181818181818 0.43194444444444446 0.09818181818181818 0.36388888888888893
1 0.9536363636363636 0.43472222222222223 0.09272727272727273 0.49722222222222223
1 0.93 0.3944444444444445 0.10363636363636364 0.3944444444444445
1 0.8690909090909091 0.3402777777777778 0.06181818181818182 0.23611111111111113
1 0.35818181818181816 0.29305555555555557 0.04727272727272727 0.18055555555555555
1 0.37363636363636366 0.2916666666666667 0.023636363636363636 0.13333333333333333
1 0.4636363636363636 0.2916666666666667 0.06181818181818182 0.16111111111111112
1 0.41 0.6708333333333334 0.3 0.6305555555555555
1 0.5254545454545455 0.6208333333333333 0.18181818181818182 0.5472222222222223
1 0.5554545454545454 0.3805555555555556 0.07454545454545454 0.15
1 0.61 0.4569444444444445 0.07818181818181819 0.3527777777777778
1 0.6118181818181818 0.27361111111111114 0.045454545454545456 0.058333333333333334
1 0.6154545454545455 0.25833333333333336 0.02727272727272727 0.07222222222222223
1 0.6581818181818182 0.38472222222222224 0.04727272727272727 0.20833333333333334
1 0.7827272727272727 0.6041666666666667 0.3145454545454546 0.775
