1 0.028368794326241134 0.5944148936170213 0.05673758865248227 0.3803191489361702
1 0.09219858156028368 0.6077127659574468 0.09574468085106383 0.35904255319148937
1 0.16932624113475178 0.6143617021276596 0.0975177304964539 0.36170212765957444
1 0.24468085106382978 0.6170212765957447 0.09929078014184398 0.36170212765957444
1 0.3226950354609929 0.6117021276595744 0.09929078014184398 0.36170212765957444
1 0.3945035460992908 0.613031914893617 0.09397163120567376 0.3537234042553191
1 0.4698581560283688 0.6143617021276596 0.09929078014184398 0.3670212765957447
1 0.5310283687943262 0.6502659574468085 0.14361702127659573 0.523936170212766
1 0.6595744680851063 0.6236702127659575 0.10283687943262411 0.375
1 0.7446808510638298 0.6183510638297872 0.09929078014184398 0.36968085106382975
1 0.8156028368794326 0.6276595744680851 0.09929078014184398 0.3670212765957447
1 0.8945035460992907 0.6223404255319149 0.10106382978723404 0.3723404255319149
1 0.9636524822695035 0.6276595744680851 0.0726950354609929 0.3723404255319149
1 0.5106382978723404 0.2859042553191489 0.02127659574468085 0.07712765957446809
1 0.48936170212765956 0.2832446808510638 0.02127659574468085 0.08776595744680851
1 0.4698581560283688 0.28191489361702127 0.02127659574468085 0.0797872340425532
1 0.449468085106383 0.2765957446808511 0.02304964539007092 0.09042553191489361
1 0.31560283687943264 0.2765957446808511 0.02127659574468085 0.0851063829787234
1 0.2987588652482269 0.2779255319148936 0.02304964539007092 0.08776595744680851
1 0.2783687943262411 0.2752659574468085 0.02127659574468085 0.08776595744680851
1 0.25177304964539005 0.2752659574468085 0.024822695035460994 0.09308510638297872
1 0.22872340425531915 0.2765957446808511 0.02127659574468085 0.0797872340425532
1 0.20921985815602837 0.2712765957446808 0.02127659574468085 0.0797872340425532
1 0.028368794326241134 0.26728723404255317 0.02127659574468085 0.08244680851063829
1 0.599290780141844 0.6781914893617021 0.06028368794326241 0.13297872340425532
1 0.7012411347517731 0.6702127659574468 0.03723404255319149 0.16489361702127658
1 0.12677304964539007 0.36436170212765956 0.030141843971631204 0.03723404255319149
1 0.32978723404255317 0.375 0.031914893617021274 0.031914893617021274
1 0.37056737588652483 0.37632978723404253 0.035460992907801414 0.0398936170212766
1 0.3953900709219858 0.37898936170212766 0.031914893617021274 0.0398936170212766
1 0.43439716312056736 0.375 0.031914893617021274 0.03723404255319149
1 0.5682624113475178 0.3949468085106383 0.03368794326241135 0.045212765957446804
1 0.0070921985815602835 0.2566489361702128 0.010638297872340425 0.045212765957446804
1 0.06471631205673758 0.2526595744680851 0.030141843971631204 0.031914893617021274
1 0.19326241134751773 0.24601063829787234 0.014184397163120567 0.02925531914893617
1 0.7828014184397163 0.2859042553191489 0.02304964539007092 0.034574468085106384
1 0.8138297872340425 0.28856382978723405 0.014184397163120567 0.02925531914893617
