1 0.3666666666666667 0.4166666666666667 0.01 0.060000000000000005
1 0.3516666666666667 0.38333333333333336 0.013333333333333334 0.06666666666666667
1 0.42333333333333334 0.4133333333333334 0.01 0.060000000000000005
1 0.4066666666666667 0.38 0.01 0.060000000000000005
1 0.3925 0.35333333333333333 0.011666666666666667 0.060000000000000005
1 0.4783333333333334 0.42833333333333334 0.01 0.05666666666666667
1 0.4566666666666667 0.3866666666666667 0.01 0.060000000000000005
1 0.4341666666666667 0.35333333333333333 0.011666666666666667 0.060000000000000005
1 0.4191666666666667 0.32833333333333337 0.011666666666666667 0.05666666666666667
1 0.5391666666666667 0.43000000000000005 0.011666666666666667 0.060000000000000005
1 0.51 0.38333333333333336 0.01 0.060000000000000005
1 0.49250000000000005 0.3516666666666667 0.011666666666666667 0.06333333333333334
1 0.4716666666666667 0.3216666666666667 0.01 0.05666666666666667
1 0.4541666666666667 0.3066666666666667 0.011666666666666667 0.060000000000000005
1 0.5950000000000001 0.4266666666666667 0.01 0.060000000000000005
1 0.5691666666666667 0.39 0.011666666666666667 0.060000000000000005
1 0.5466666666666667 0.35833333333333334 0.013333333333333334 0.06333333333333334
1 0.5183333333333333 0.32333333333333336 0.01 0.060000000000000005
1 0.505 0.30333333333333334 0.01 0.05333333333333334
1 0.48333333333333334 0.275 0.01 0.05666666666666667
1 0.5116666666666667 0.25833333333333336 0.006666666666666667 0.043333333333333335
1 0.5558333333333334 0.29333333333333333 0.011666666666666667 0.060000000000000005
1 0.5766666666666667 0.32333333333333336 0.01 0.060000000000000005
1 0.6025 0.35500000000000004 0.011666666666666667 0.05666666666666667
1 0.665 0.42833333333333334 0.01 0.05666666666666667
1 0.04166666666666667 0.535 0.016666666666666666 0.08333333333333334
1 0.029166666666666667 0.3566666666666667 0.011666666666666667 0.060000000000000005
1 0.04583333333333334 0.3216666666666667 0.008333333333333333 0.043333333333333335
1 0.13 0.2866666666666667 0.01 0.060000000000000005
1 0.1325 0.4416666666666667 0.011666666666666667 0.06333333333333334
1 0.12333333333333334 0.3916666666666667 0.013333333333333334 0.06333333333333334
1 0.08333333333333334 0.4033333333333334 0.016666666666666666 0.08666666666666667
1 0.09166666666666667 0.4033333333333334 0.016666666666666666 0.08
1 0.1275 0.7533333333333334 0.021666666666666667 0.11333333333333334
1 0.1691666666666667 0.7366666666666667 0.015000000000000001 0.08
1 0.19166666666666668 0.7116666666666667 0.02 0.09666666666666668
1 0.2325 0.7333333333333334 0.018333333333333333 0.1
1 0.3191666666666667 0.8933333333333334 0.021666666666666667 0.10666666666666667
1 0.2841666666666667 0.9450000000000001 0.018333333333333333 0.09666666666666668
1 0.455 0.8716666666666667 0.02 0.11
1 0.5366666666666667 0.8566666666666667 0.016666666666666666 0.09333333333333334
1 0.5650000000000001 0.8816666666666667 0.02 0.11
1 0.5775 0.9 0.021666666666666667 0.11333333333333334
1 0.7191666666666667 0.8383333333333334 0.018333333333333333 0.09666666666666668
1 0.6608333333333334 0.7783333333333334 0.018333333333333333 0.09666666666666668
1 0.8725 0.7816666666666667 0.015000000000000001 0.08333333333333334
1 0.7591666666666668 0.7233333333333334 0.018333333333333333 0.08666666666666667
1 0.7383333333333334 0.7233333333333334 0.016666666666666666 0.08666666666666667
1 0.8633333333333334 0.6483333333333334 0.02 0.09666666666666668
1 0.9283333333333333 0.5933333333333334 0.016666666666666666 0.08
1 0.9791666666666667 0.635 0.018333333333333333 0.09666666666666668
1 0.9841666666666667 0.5383333333333333 0.018333333333333333 0.09000000000000001
1 0.9691666666666667 0.5533333333333333 0.008333333333333333 0.05333333333333334
1 0.9808333333333334 0.42833333333333334 0.015000000000000001 0.07
1 0.9666666666666667 0.42000000000000004 0.013333333333333334 0.06666666666666667
1 0.9258333333333334 0.3666666666666667 0.011666666666666667 0.06666666666666667
1 0.925 0.30833333333333335 0.013333333333333334 0.07
1 0.9016666666666667 0.28833333333333333 0.01 0.05666666666666667
1 0.9541666666666667 0.28500000000000003 0.011666666666666667 0.06333333333333334
1 0.8608333333333333 0.2316666666666667 0.011666666666666667 0.05666666666666667
1 0.3358333333333334 0.795 0.021666666666666667 0.11
1 0.06833333333333334 0.7233333333333334 0.016666666666666666 0.08666666666666667
1 0.09000000000000001 0.7016666666666667 0.016666666666666666 0.09000000000000001
1 0.07666666666666667 0.6666666666666667 0.016666666666666666 0.09333333333333334
