1 0.363 0.675226586102719 0.11800000000000001 0.4380664652567976
1 0.5 0.743202416918429 0.108 0.3987915407854985
1 0.915 0.6722054380664653 0.074 0.2809667673716012
1 0.20800000000000002 0.6646525679758308 0.076 0.29003021148036257
1 0.061 0.6540785498489426 0.078 0.28700906344410876
1 0.758 0.6012084592145015 0.064 0.23564954682779457
1 0.844 0.5347432024169184 0.044 0.16314199395770393
1 0.874 0.5120845921450151 0.036000000000000004 0.1299093655589124
1 0.9490000000000001 0.527190332326284 0.034 0.1299093655589124
1 0.592 0.5981873111782477 0.052000000000000005 0.1933534743202417
1 0.5750000000000001 0.56797583081571 0.05 0.18126888217522658
1 0.706 0.5740181268882175 0.044 0.16314199395770393
1 0.628 0.5453172205438066 0.048 0.18429003021148035
1 0.15 0.7145015105740181 0.088 0.28700906344410876
1 0.127 0.5392749244712991 0.066 0.11178247734138973
1 0.33 0.6253776435045317 0.048 0.17522658610271905
1 0.427 0.7099697885196374 0.074 0.2719033232628399
1 0.663 0.7099697885196374 0.082 0.2175226586102719
1 0.639 0.6132930513595166 0.098 0.12084592145015105
1 0.766 0.6722054380664653 0.092 0.20241691842900303
1 0.899 0.5181268882175226 0.05 0.10574018126888217
1 0.9380000000000001 0.525679758308157 0.044 0.09667673716012085
1 0.7010000000000001 0.5498489425981873 0.058 0.15709969788519637
1 0.739 0.4833836858006042 0.046 0.06646525679758308
