1 0.09027777777777778 0.6203703703703703 0.14166666666666666 0.46296296296296297
1 0.19583333333333333 0.5231481481481481 0.08055555555555556 0.26851851851851855
1 0.2833333333333333 0.5472222222222223 0.08611111111111111 0.28703703703703703
1 0.35208333333333336 0.5777777777777778 0.10416666666666667 0.34444444444444444
1 0.48958333333333337 0.6166666666666667 0.12916666666666668 0.4222222222222222
1 0.6756944444444445 0.5648148148148149 0.10694444444444445 0.34814814814814815
1 0.8354166666666667 0.5796296296296296 0.12083333333333333 0.3925925925925926
1 0.9430555555555556 0.5509259259259259 0.1 0.3314814814814815
1 0.6451388888888889 0.5074074074074074 0.0763888888888889 0.24814814814814815
1 0.7826388888888889 0.5305555555555556 0.08750000000000001 0.28703703703703703
1 0.8812500000000001 0.42962962962962964 0.0375 0.12222222222222223
1 0.8993055555555556 0.42314814814814816 0.0375 0.12407407407407407
1 0.4222222222222222 0.5083333333333333 0.07777777777777778 0.2574074074074074
1 0.5354166666666667 0.47870370370370374 0.07361111111111111 0.22777777777777777
1 0.13819444444444445 0.500925925925926 0.07083333333333333 0.27592592592592596
