1 0.3839285714285714 0.748407643312102 0.03214285714285714 0.1464968152866242
1 0.4080357142857143 0.7515923566878981 0.026785714285714284 0.11464968152866242
1 0.21696428571428572 0.7547770700636943 0.026785714285714284 0.12738853503184713
1 0.07410714285714286 0.856687898089172 0.044642857142857144 0.1910828025477707
1 0.13035714285714287 0.8503184713375797 0.04285714285714286 0.1910828025477707
1 0.10803571428571428 0.8869426751592357 0.023214285714285715 0.11146496815286625
1 0.8160714285714286 0.7404458598726115 0.02857142857142857 0.1305732484076433
1 0.8026785714285714 0.7547770700636943 0.023214285714285715 0.10828025477707007
1 0.7473214285714286 0.7006369426751593 0.026785714285714284 0.11464968152866242
1 0.8294642857142857 0.6210191082802549 0.01607142857142857 0.07643312101910829
1 0.8125 0.6289808917197452 0.014285714285714285 0.0732484076433121
1 0.8794642857142857 0.660828025477707 0.019642857142857142 0.08598726114649682
1 0.8919642857142857 0.6640127388535032 0.019642857142857142 0.08598726114649682
1 0.43124999999999997 0.6767515923566879 0.019642857142857142 0.08598726114649682
1 0.26339285714285715 0.6735668789808917 0.019642857142857142 0.09235668789808918
1 0.1357142857142857 0.6560509554140128 0.014285714285714285 0.06369426751592357
1 0.10982142857142857 0.7372611464968153 0.023214285714285715 0.11146496815286625
1 0.09464285714285714 0.7356687898089173 0.02142857142857143 0.10191082802547771
1 0.06428571428571428 0.7404458598726115 0.024999999999999998 0.1178343949044586
1 0.25625 0.7914012738853503 0.019642857142857142 0.08598726114649682
1 0.4107142857142857 0.6783439490445861 0.02142857142857143 0.09554140127388536
1 0.48660714285714285 0.9012738853503185 0.07678571428571428 0.17197452229299365
1 0.5598214285714286 0.8057324840764332 0.0625 0.11464968152866242
