1 0.39351851851851855 0.5738161559888579 0.19814814814814816 0.7353760445682451
1 0.4740740740740741 0.5543175487465181 0.15925925925925927 0.5905292479108635
1 0.6824074074074075 0.6128133704735376 0.20555555555555557 0.7520891364902507
1 0.8 0.5793871866295265 0.15925925925925927 0.5905292479108635
1 0.9342592592592593 0.5821727019498607 0.13148148148148148 0.8189415041782729
1 0.8666666666666667 0.532033426183844 0.08148148148148149 0.3008356545961003
1 0.5925925925925926 0.5362116991643454 0.11851851851851852 0.4428969359331476
1 0.3111111111111111 0.5236768802228412 0.13333333333333333 0.49025069637883006
1 0.1398148148148148 0.5807799442896936 0.15 0.5543175487465181
1 0.049074074074074076 0.47075208913649025 0.09074074074074075 0.3398328690807799
1 0.25462962962962965 0.6044568245125348 0.20925925925925926 0.7688022284122563
1 0.21203703703703705 0.3161559888579387 0.05 0.09749303621169916
1 0.6444444444444445 0.3746518105849582 0.040740740740740744 0.10863509749303621
1 0.9194444444444445 0.41086350974930363 0.031481481481481485 0.0584958217270195
1 0.9462962962962963 0.40668523676880225 0.02962962962962963 0.11142061281337047
