1 0.6147416413373861 0.6530120481927711 0.10486322188449848 0.4048192771084338
1 0.7340425531914894 0.6385542168674699 0.06990881458966565 0.27951807228915665
1 0.770516717325228 0.6240963855421687 0.0729483282674772 0.28915662650602414
1 0.9027355623100304 0.6819277108433736 0.0972644376899696 0.3759036144578314
1 0.9574468085106383 0.6301204819277109 0.08206686930091185 0.32530120481927716
1 0.8358662613981763 0.608433734939759 0.0547112462006079 0.21445783132530122
1 0.8677811550151976 0.5710843373493977 0.0425531914893617 0.17349397590361448
1 0.13753799392097266 0.7024096385542169 0.12917933130699089 0.5036144578313253
1 0.4825227963525836 0.7096385542168675 0.12310030395136778 0.47951807228915666
1 0.41185410334346506 0.6542168674698796 0.08814589665653495 0.33975903614457836
1 0.3609422492401216 0.6301204819277109 0.06534954407294832 0.2530120481927711
1 0.1778115501519757 0.6493975903614458 0.08206686930091185 0.31566265060240967
1 0.05015197568389058 0.6204819277108434 0.06990881458966565 0.27228915662650605
1 0.6800911854103343 0.5903614457831325 0.06231003039513678 0.2457831325301205
1 0.5501519756838906 0.5963855421686748 0.04559270516717325 0.1855421686746988
