1 0.41000000000000003 0.6683333333333333 0.065 0.22333333333333336
1 0.37 0.6633333333333333 0.05 0.16666666666666669
1 0.3225 0.6566666666666667 0.05 0.16
1 0.45125 0.68 0.0675 0.22666666666666668
1 0.68125 0.67 0.0625 0.2066666666666667
1 0.605 0.6583333333333333 0.055 0.18333333333333335
1 0.8125 0.6416666666666667 0.05 0.17
1 0.8675 0.6183333333333334 0.045 0.15666666666666668
1 0.90375 0.5900000000000001 0.0425 0.14
1 0.9325 0.5966666666666667 0.035 0.12666666666666668
1 0.9500000000000001 0.5866666666666667 0.035 0.12000000000000001
1 0.20125 0.6266666666666667 0.0275 0.08666666666666667
1 0.245 0.6216666666666667 0.02 0.07666666666666667
