1 0.046 0.32125 0.092 0.2925
1 0.125 0.67625 0.126 0.3925
1 0.22 0.8075 0.06 0.19
1 0.968 0.21125 0.064 0.2725
1 0.458 0.14625 0.048 0.1525
1 0.276 0.43 0.076 0.23500000000000001
1 0.42 0.455 0.092 0.28500000000000003
1 0.836 0.4825 0.084 0.255
1 0.905 0.4175 0.066 0.20500000000000002
1 0.864 0.20625000000000002 0.06 0.1825
1 0.932 0.25 0.052000000000000005 0.165
1 0.42 0.14625 0.052000000000000005 0.1575
1 0.353 0.42375 0.074 0.2325
1 0.71 0.105 0.068 0.21
1 0.49 0.63125 0.18 0.1075
1 0.602 0.39125 0.06 0.1675
1 0.671 0.41500000000000004 0.078 0.20500000000000002
1 0.751 0.41625 0.074 0.20750000000000002
1 0.112 0.095 0.088 0.185
1 0.15 0.42 0.10400000000000001 0.15
1 0.22 0.3725 0.096 0.155
1 0.318 0.28875 0.088 0.0975
1 0.436 0.28750000000000003 0.088 0.1
1 0.378 0.025 0.04 0.045
1 0.452 0.8625 0.064 0.08
1 0.527 0.87375 0.062 0.0575
1 0.656 0.87125 0.056 0.0525
1 0.753 0.7937500000000001 0.106 0.1325
1 0.864 0.80375 0.084 0.0725
1 0.9380000000000001 0.76625 0.064 0.0675
1 0.974 0.75 0.04 0.08
1 0.898 0.06625 0.076 0.1275
1 0.835 0.095 0.042 0.075
1 0.759 0.08375 0.046 0.0725
1 0.9450000000000001 0.0975 0.03 0.06
1 0.168 0.03875 0.032 0.0725
