1 0.3616666666666667 0.49665551839464883 0.21666666666666667 0.7993311036789298
1 0.4888888888888889 0.4765886287625418 0.22444444444444445 0.8294314381270903
1 0.5283333333333333 0.4991638795986622 0.21444444444444444 0.7909698996655519
1 0.595 0.48494983277591974 0.22333333333333333 0.8260869565217391
1 0.715 0.4807692307692308 0.22111111111111112 0.8110367892976589
1 0.7633333333333333 0.48411371237458195 0.2222222222222222 0.8177257525083612
1 0.85 0.4908026755852843 0.2222222222222222 0.8210702341137124
1 0.055 0.6379598662207357 0.10111111111111111 0.3695652173913043
1 0.08277777777777778 0.6337792642140468 0.10111111111111111 0.3712374581939799
1 0.155 0.6237458193979933 0.09666666666666666 0.3612040133779264
1 0.24166666666666667 0.6086956521739131 0.09888888888888889 0.36789297658862874
1 0.9005555555555556 0.5451505016722408 0.09888888888888889 0.36789297658862874
1 0.9677777777777777 0.5359531772575251 0.06444444444444444 0.3729096989966555
1 0.55 0.15133779264214048 0.05333333333333333 0.14214046822742474
1 0.66 0.14464882943143811 0.07777777777777778 0.15551839464882944
1 0.17722222222222223 0.46989966555183943 0.04777777777777778 0.08695652173913043
1 0.2088888888888889 0.45903010033444813 0.03777777777777778 0.07859531772575251
1 0.9216666666666666 0.3896321070234114 0.034444444444444444 0.07357859531772575
