1 0.7480694980694981 0.5632183908045977 0.22586872586872586 0.82183908045977
1 0.9198841698841699 0.5991379310344828 0.16023166023166024 0.7557471264367815
1 0.2857142857142857 0.6005747126436781 0.15057915057915058 0.5517241379310345
1 0.5125482625482626 0.5991379310344828 0.14092664092664092 0.514367816091954
1 0.3938223938223938 0.5603448275862069 0.12355212355212356 0.4540229885057471
1 0.22586872586872586 0.5617816091954023 0.1312741312741313 0.48563218390804597
1 0.15830115830115832 0.5545977011494253 0.11583011583011583 0.42528735632183906
1 0.0945945945945946 0.5445402298850575 0.0888030888030888 0.32471264367816094
1 0.06660231660231661 0.514367816091954 0.08687258687258688 0.3160919540229885
1 0.5743243243243243 0.5502873563218391 0.11003861003861004 0.4051724137931034
1 0.6563706563706564 0.5272988505747126 0.08494208494208494 0.3074712643678161
1 0.04633204633204634 0.410919540229885 0.03474903474903475 0.07471264367816091
1 0.1833976833976834 0.40229885057471265 0.03088803088803089 0.06321839080459771
1 0.25965250965250963 0.38362068965517243 0.03281853281853282 0.08333333333333333
1 0.3281853281853282 0.3908045977011494 0.03474903474903475 0.10344827586206896
1 0.3474903474903475 0.39511494252873564 0.02316602316602317 0.07758620689655173
1 0.4362934362934363 0.4166666666666667 0.03474903474903475 0.09770114942528735
1 0.46814671814671815 0.3994252873563218 0.02895752895752896 0.08045977011494253
