1 0.412 0.5721442885771543 0.22933333333333333 0.8396793587174348
1 0.58 0.5350701402805611 0.24533333333333332 0.8977955911823646
1 0.9333333333333333 0.4949899799599198 0.13333333333333333 0.5931863727454909
1 0.7413333333333333 0.41783567134268534 0.12533333333333332 0.4629258517034068
1 0.6813333333333333 0.3787575150300601 0.13333333333333333 0.4929859719438877
1 0.10133333333333333 0.5410821643286573 0.11466666666666667 0.4248496993987976
1 0.208 0.5400801603206412 0.14933333333333332 0.3987975951903807
1 0.23933333333333331 0.48096192384769537 0.11333333333333333 0.3607214428857715
1 0.35 0.47094188376753504 0.08666666666666667 0.29659318637274545
1 0.25066666666666665 0.2635270541082164 0.04 0.11823647294589178
1 0.30333333333333334 0.27054108216432865 0.03866666666666667 0.1442885771543086
1 0.3406666666666667 0.2855711422845691 0.04666666666666666 0.11823647294589178
