1 0.07647058823529412 0.6396895787139689 0.058823529411764705 0.21507760532150777
1 0.29705882352941176 0.647450110864745 0.055882352941176466 0.2039911308203991
1 0.39705882352941174 0.6208425720620843 0.055882352941176466 0.2039911308203991
1 0.47352941176470587 0.6618625277161863 0.07352941176470588 0.2727272727272727
1 0.5455882352941176 0.6008869179600886 0.05 0.19068736141906872
1 0.6801470588235294 0.606430155210643 0.054411764705882354 0.20620842572062084
1 0.7588235294117647 0.6297117516629712 0.11176470588235293 0.41685144124168516
1 0.8455882352941176 0.6263858093126385 0.06470588235294117 0.24168514412416853
1 0.9823529411764705 0.5864745011086474 0.03529411764705882 0.1973392461197339
1 0.03529411764705882 0.5720620842572062 0.023529411764705882 0.09312638580931264
1 0.19117647058823528 0.5576496674057649 0.01764705882352941 0.07317073170731707
1 0.23308823529411765 0.5476718403547672 0.022058823529411763 0.07982261640798226
1 0.8904411764705882 0.5121951219512195 0.022058823529411763 0.08869179600886917
1 0.8764705882352941 0.5066518847006651 0.026470588235294117 0.09534368070953436
1 0.061764705882352944 0.573170731707317 0.026470588235294117 0.09977827050997783
