1 0.48882352941176466 0.5091666666666667 0.19176470588235292 0.6683333333333333
1 0.9205882352941176 0.4791666666666667 0.1588235294117647 0.7116666666666667
1 0.8547058823529411 0.5183333333333333 0.16823529411764704 0.5833333333333334
1 0.7423529411764705 0.56 0.12941176470588234 0.45
1 0.6988235294117646 0.5391666666666667 0.12941176470588234 0.44833333333333336
1 0.6111764705882352 0.5533333333333333 0.10470588235294116 0.36333333333333334
1 0.3576470588235294 0.5516666666666667 0.15999999999999998 0.5566666666666668
1 0.25705882352941173 0.5866666666666667 0.11176470588235293 0.39
1 0.21352941176470586 0.5958333333333333 0.11176470588235293 0.38833333333333336
1 0.11823529411764705 0.6000000000000001 0.10705882352941176 0.37000000000000005
1 0.15823529411764706 0.6041666666666667 0.10235294117647058 0.35833333333333334
1 0.03529411764705882 0.615 0.07058823529411765 0.3666666666666667
1 0.08176470588235293 0.6575000000000001 0.10941176470588235 0.32833333333333337
1 0.6629411764705881 0.4216666666666667 0.06 0.09000000000000001
1 0.8164705882352941 0.34500000000000003 0.039999999999999994 0.07666666666666667
1 0.8835294117647058 0.2575 0.06823529411764705 0.07166666666666667
