1 0.10500000000000001 0.52125 0.06333333333333334 0.23750000000000002
1 0.15833333333333335 0.54625 0.08333333333333334 0.3025
1 0.2775 0.56875 0.10500000000000001 0.3875
1 0.36583333333333334 0.5025000000000001 0.055 0.21
1 0.49583333333333335 0.6175 0.165 0.605
1 0.5858333333333333 0.49125 0.05166666666666667 0.1925
1 0.685 0.5437500000000001 0.10333333333333335 0.3775
1 0.7350000000000001 0.49 0.06333333333333334 0.24
1 0.7658333333333334 0.48 0.055 0.20500000000000002
1 0.7975000000000001 0.47125 0.03833333333333334 0.1475
1 0.6433333333333334 0.48 0.04666666666666667 0.17500000000000002
1 0.6208333333333333 0.46375 0.028333333333333335 0.1075
1 0.5466666666666667 0.47625 0.03666666666666667 0.14250000000000002
1 0.4133333333333334 0.48875 0.04 0.1475
1 0.8783333333333334 0.4525 0.023333333333333334 0.095
1 0.30083333333333334 0.4325 0.03833333333333334 0.065
