1 0.0325 0.89375 0.045000000000000005 0.1675
1 0.10416666666666667 0.89 0.055 0.21
1 0.5375000000000001 0.8325 0.028333333333333335 0.105
1 0.6133333333333334 0.805 0.016666666666666666 0.07
1 0.6383333333333334 0.80625 0.02 0.0725
1 0.6608333333333334 0.81 0.018333333333333333 0.07
1 0.6825 0.8150000000000001 0.025 0.09
1 0.6691666666666667 0.81875 0.015000000000000001 0.0625
1 0.7216666666666667 0.83625 0.030000000000000002 0.1125
1 0.745 0.8300000000000001 0.023333333333333334 0.095
1 0.7758333333333334 0.8325 0.028333333333333335 0.105
1 0.7608333333333334 0.8125 0.018333333333333333 0.065
1 0.8983333333333334 0.855 0.02666666666666667 0.105
1 0.9108333333333334 0.86 0.03166666666666667 0.115
1 0.9716666666666667 0.84875 0.023333333333333334 0.0925
1 0.5083333333333334 0.82375 0.02 0.0825
1 0.6958333333333334 0.80625 0.018333333333333333 0.0675
1 0.9825 0.8250000000000001 0.018333333333333333 0.07
1 0.2916666666666667 0.79 0.05333333333333334 0.04
1 0.13833333333333334 0.77875 0.05333333333333334 0.0525
1 0.023333333333333334 0.7925 0.04 0.06
