1 0.5302083333333333 0.6628571428571428 0.08333333333333333 0.56
1 0.6078125 0.6642857142857143 0.08854166666666667 0.5971428571428572
1 0.6453125 0.6271428571428571 0.07395833333333333 0.5057142857142857
1 0.6677083333333333 0.6357142857142857 0.06875 0.46
1 0.7546875 0.6628571428571428 0.08020833333333333 0.5371428571428571
1 0.8067708333333333 0.6171428571428571 0.06979166666666667 0.4685714285714286
1 0.8447916666666666 0.5985714285714285 0.06041666666666667 0.40285714285714286
1 0.9005208333333333 0.6257142857142857 0.078125 0.52
1 0.9546875 0.6528571428571428 0.090625 0.6314285714285715
1 0.5203125 0.36142857142857143 0.02395833333333333 0.1
1 0.5447916666666667 0.35428571428571426 0.027083333333333334 0.18857142857142858
1 0.5697916666666667 0.38 0.022916666666666665 0.22285714285714286
1 0.6630208333333333 0.36 0.026041666666666668 0.19428571428571428
1 0.1515625 0.36142857142857143 0.019791666666666666 0.10571428571428572
1 0.19739583333333333 0.3657142857142857 0.02395833333333333 0.13142857142857142
1 0.2520833333333333 0.39714285714285713 0.03125 0.10857142857142857
1 0.2640625 0.32285714285714284 0.02395833333333333 0.09714285714285714
1 0.28802083333333334 0.32142857142857145 0.02395833333333333 0.07714285714285714
1 0.3130208333333333 0.30142857142857143 0.019791666666666666 0.07714285714285714
1 0.340625 0.32857142857142857 0.016666666666666666 0.06857142857142857
1 0.24010416666666667 0.27714285714285714 0.02395833333333333 0.04
1 0.22916666666666666 0.25857142857142856 0.029166666666666667 0.10571428571428572
1 0.20625 0.29 0.029166666666666667 0.10571428571428572
1 0.17552083333333332 0.33285714285714285 0.030208333333333334 0.12285714285714286
1 0.15 0.2785714285714286 0.01875 0.04857142857142857
1 0.26927083333333335 0.22714285714285715 0.021875 0.06571428571428571
1 0.29583333333333334 0.22285714285714286 0.014583333333333334 0.045714285714285714
1 0.3234375 0.2257142857142857 0.017708333333333333 0.06285714285714286
1 0.3458333333333333 0.2542857142857143 0.01875 0.07428571428571429
