1 0.8676470588235294 0.7549019607843137 0.1264705882352941 0.4117647058823529
1 0.9249999999999999 0.7323529411764705 0.1411764705882353 0.4647058823529412
1 0.5772058823529411 0.6186274509803922 0.051470588235294115 0.17450980392156862
1 0.07205882352941176 0.557843137254902 0.03529411764705882 0.1196078431372549
1 0.03455882352941177 0.5549019607843138 0.033823529411764704 0.11372549019607843
1 0.05 0.5637254901960784 0.029411764705882353 0.1
1 0.10735294117647058 0.5529411764705883 0.023529411764705882 0.08235294117647059
1 0.20808823529411766 0.5637254901960784 0.025 0.08431372549019608
1 0.25 0.5607843137254902 0.03529411764705882 0.11372549019607843
1 0.5183823529411765 0.6196078431372549 0.04264705882352941 0.14509803921568626
1 0.6191176470588236 0.5941176470588235 0.044117647058823525 0.14509803921568626
1 0.3213235294117647 0.7303921568627451 0.27794117647058825 0.44509803921568625
1 0.015441176470588236 0.5127450980392156 0.022058823529411763 0.03333333333333333
1 0.09705882352941177 0.5137254901960784 0.026470588235294117 0.027450980392156862
1 0.13088235294117648 0.5127450980392156 0.026470588235294117 0.029411764705882353
1 0.15661764705882353 0.5392156862745098 0.025 0.07058823529411765
1 0.1713235294117647 0.5205882352941177 0.025 0.056862745098039215
1 0.23529411764705882 0.5264705882352941 0.020588235294117647 0.029411764705882353
1 0.27352941176470585 0.5343137254901961 0.029411764705882353 0.03725490196078431
1 0.2757352941176471 0.5617647058823529 0.025 0.029411764705882353
1 0.3977941176470588 0.5186274509803922 0.025 0.045098039215686274
1 0.4441176470588235 0.5950980392156863 0.03529411764705882 0.08823529411764705
1 0.44926470588235295 0.5352941176470588 0.022058823529411763 0.047058823529411764
1 0.42720588235294116 0.5343137254901961 0.022058823529411763 0.041176470588235294
1 0.48676470588235293 0.6176470588235294 0.041176470588235294 0.12941176470588234
1 0.5463235294117647 0.5931372549019608 0.033823529411764704 0.08823529411764705
1 0.5625 0.5470588235294117 0.030882352941176472 0.050980392156862744
1 0.5441176470588235 0.5352941176470588 0.029411764705882353 0.047058823529411764
1 0.7713235294117647 0.5598039215686275 0.030882352941176472 0.07254901960784313
1 0.7522058823529412 0.6176470588235294 0.06911764705882353 0.09411764705882353
1 0.8308823529411764 0.5764705882352941 0.05 0.11764705882352941
1 0.6455882352941177 0.5794117647058823 0.032352941176470584 0.060784313725490195
