1 0.025 0.6466666666666666 0.025 0.11555555555555555
1 0.060625 0.6444444444444445 0.02625 0.11555555555555555
1 0.099375 0.6466666666666666 0.02625 0.11555555555555555
1 0.12687500000000002 0.6422222222222222 0.02375 0.10222222222222223
1 0.166875 0.6344444444444445 0.02625 0.11777777777777777
1 0.195 0.6455555555555555 0.025 0.11333333333333333
1 0.2325 0.65 0.025 0.11333333333333333
1 0.251875 0.6466666666666666 0.02625 0.11555555555555555
1 0.2775 0.6455555555555555 0.025 0.11333333333333333
1 0.296875 0.6522222222222223 0.02375 0.10444444444444445
1 0.316875 0.65 0.02625 0.11333333333333333
1 0.335 0.6444444444444445 0.025 0.1111111111111111
1 0.3775 0.6922222222222222 0.0675 0.2911111111111111
1 0.43625 0.7222222222222222 0.09 0.39555555555555555
1 0.596875 0.7455555555555555 0.10625 0.46444444444444444
1 0.759375 0.7255555555555555 0.09125 0.4022222222222222
1 0.81625 0.6955555555555556 0.0725 0.32
1 0.494375 0.6311111111111111 0.06875 0.30666666666666664
1 0.35875 0.6233333333333333 0.05 0.22444444444444445
1 0.706875 0.6166666666666667 0.058750000000000004 0.26
1 0.826875 0.6066666666666667 0.058750000000000004 0.26222222222222225
1 0.9675 0.6455555555555555 0.0175 0.07777777777777778
