1 0.023333333333333334 0.44125000000000003 0.04666666666666667 0.2025
1 0.14083333333333334 0.455 0.055 0.21
1 0.1716666666666667 0.4325 0.043333333333333335 0.165
1 0.27166666666666667 0.47875 0.060000000000000005 0.2175
1 0.38833333333333336 0.4875 0.060000000000000005 0.22
1 0.3516666666666667 0.45125 0.04666666666666667 0.1775
1 0.2575 0.4425 0.04833333333333334 0.185
1 0.4541666666666667 0.46625 0.05166666666666667 0.1925
1 0.4316666666666667 0.44125000000000003 0.04 0.1525
1 0.48333333333333334 0.44625000000000004 0.03666666666666667 0.1325
1 0.5108333333333334 0.50125 0.058333333333333334 0.2225
1 0.5575 0.47875 0.05166666666666667 0.1875
1 0.5916666666666667 0.46875 0.04 0.1525
1 0.6316666666666667 0.515 0.060000000000000005 0.225
1 0.6583333333333333 0.5 0.04666666666666667 0.17500000000000002
1 0.6883333333333334 0.48375 0.04 0.1525
1 0.7158333333333334 0.47500000000000003 0.035 0.13
1 0.7358333333333333 0.47125 0.035 0.1275
1 0.7575000000000001 0.46 0.03166666666666667 0.125
1 0.7941666666666667 0.46 0.028333333333333335 0.105
1 0.8200000000000001 0.4575 0.023333333333333334 0.09
1 0.8475 0.45625 0.025 0.0925
1 0.8741666666666668 0.44625000000000004 0.018333333333333333 0.0675
1 0.9233333333333333 0.49625 0.05333333333333334 0.2025
1 0.9025000000000001 0.44875 0.018333333333333333 0.0725
1 0.0675 0.315 0.015000000000000001 0.075
1 0.08166666666666667 0.3025 0.013333333333333334 0.06
1 0.1 0.30875 0.016666666666666666 0.0575
1 0.13833333333333334 0.31 0.02 0.05
1 0.12083333333333333 0.31125 0.011666666666666667 0.0625
1 0.13166666666666668 0.2675 0.013333333333333334 0.02
1 0.04166666666666667 0.24375 0.016666666666666666 0.0275
1 0.07166666666666667 0.255 0.013333333333333334 0.02
1 0.08833333333333333 0.2575 0.02 0.02
1 0.115 0.2625 0.013333333333333334 0.02
1 0.1275 0.24625 0.015000000000000001 0.0175
1 0.14500000000000002 0.275 0.013333333333333334 0.015
1 0.10333333333333335 0.23750000000000002 0.016666666666666666 0.025
1 0.11333333333333334 0.21875 0.013333333333333334 0.0175
1 0.09000000000000001 0.23125 0.01 0.0225
1 0.07666666666666667 0.23 0.01 0.02
1 0.0675 0.22875 0.011666666666666667 0.0225
1 0.05 0.22125 0.01 0.0175
1 0.03333333333333333 0.22 0.02 0.03
1 0.02 0.215 0.01 0.015
1 0.009166666666666667 0.1925 0.008333333333333333 0.015
1 0.02666666666666667 0.1925 0.013333333333333334 0.015
1 0.043333333333333335 0.1975 0.01 0.02
1 0.0625 0.20125 0.015000000000000001 0.0225
1 0.07666666666666667 0.2025 0.01 0.02
1 0.09000000000000001 0.20625000000000002 0.013333333333333334 0.0225
1 0.08666666666666667 0.1875 0.013333333333333334 0.02
1 0.07250000000000001 0.17875 0.018333333333333333 0.0275
1 0.058333333333333334 0.1775 0.01 0.015
1 0.0425 0.17250000000000001 0.008333333333333333 0.03
1 0.0275 0.16375 0.011666666666666667 0.0275
1 0.011666666666666667 0.16375 0.013333333333333334 0.0425
1 0.025833333333333337 0.13625 0.008333333333333333 0.0175
1 0.04083333333333333 0.145 0.011666666666666667 0.015
1 0.05666666666666667 0.15125 0.013333333333333334 0.0275
1 0.08416666666666667 0.15 0.025 0.06
