1 0.115 0.7556818181818182 0.138 0.48295454545454547
1 0.614 0.7102272727272727 0.116 0.40340909090909094
1 0.8190000000000001 0.6107954545454546 0.08600000000000001 0.3068181818181818
1 0.909 0.5710227272727273 0.066 0.23863636363636365
1 0.758 0.515625 0.052000000000000005 0.1903409090909091
1 0.686 0.5454545454545454 0.064 0.2215909090909091
1 0.59 0.5241477272727273 0.052000000000000005 0.17897727272727273
1 0.499 0.5724431818181819 0.066 0.23579545454545456
1 0.377 0.6193181818181819 0.082 0.2840909090909091
1 0.263 0.5809659090909091 0.062 0.21875
1 0.423 0.5142045454545454 0.046 0.1590909090909091
1 0.014 0.5710227272727273 0.028 0.17613636363636365
1 0.08 0.7002840909090909 0.1 0.34375
1 0.194 0.5113636363636364 0.032 0.11363636363636365
1 0.231 0.5340909090909091 0.038 0.13636363636363635
1 0.28800000000000003 0.4943181818181818 0.032 0.11931818181818182
1 0.336 0.5099431818181819 0.036000000000000004 0.1278409090909091
1 0.075 0.46590909090909094 0.046 0.0625
1 0.116 0.4715909090909091 0.024 0.06818181818181818
1 0.14 0.4786931818181818 0.024 0.05397727272727273
1 0.225 0.4559659090909091 0.026000000000000002 0.048295454545454544
1 0.269 0.43607954545454547 0.018000000000000002 0.02556818181818182
1 0.36 0.44460227272727276 0.024 0.04261363636363637
1 0.397 0.453125 0.026000000000000002 0.048295454545454544
1 0.515 0.43607954545454547 0.03 0.05397727272727273
1 0.551 0.42897727272727276 0.026000000000000002 0.03977272727272727
1 0.717 0.4247159090909091 0.022 0.03125
1 0.861 0.42045454545454547 0.03 0.045454545454545456
1 0.685 0.40767045454545453 0.018000000000000002 0.019886363636363636
1 0.902 0.4147727272727273 0.028 0.06818181818181818
1 0.789 0.4247159090909091 0.042 0.06534090909090909
