1 0.10125448028673835 0.644110275689223 0.0913978494623656 0.3157894736842105
1 0.17293906810035842 0.6466165413533834 0.0913978494623656 0.3107769423558897
1 0.22311827956989247 0.6578947368421052 0.08781362007168458 0.3032581453634085
1 0.3324372759856631 0.6666666666666666 0.0913978494623656 0.3157894736842105
1 0.2867383512544803 0.631578947368421 0.08602150537634409 0.2957393483709273
1 0.3781362007168459 0.644110275689223 0.08602150537634409 0.2957393483709273
1 0.44265232974910396 0.6854636591478697 0.08960573476702509 0.3082706766917293
1 0.48566308243727596 0.6278195488721804 0.08960573476702509 0.3032581453634085
1 0.557347670250896 0.6604010025062657 0.0931899641577061 0.3182957393483709
1 0.6263440860215054 0.6904761904761905 0.0913978494623656 0.3182957393483709
1 0.6989247311827957 0.6466165413533834 0.08602150537634409 0.2957393483709273
1 0.7473118279569892 0.6691729323308271 0.08960573476702509 0.3057644110275689
1 0.8297491039426523 0.6265664160401002 0.08960573476702509 0.3057644110275689
1 0.8637992831541219 0.6466165413533834 0.08960573476702509 0.3107769423558897
1 0.9193548387096774 0.6215538847117794 0.08602150537634409 0.2957393483709273
1 0.9444444444444444 0.5927318295739348 0.08602150537634409 0.2932330827067669
1 0.033154121863799284 0.47243107769423553 0.03763440860215054 0.13283208020050125
1 0.05734767025089606 0.46867167919799496 0.03942652329749104 0.13533834586466165
1 0.9148745519713262 0.3308270676691729 0.03763440860215054 0.13032581453634084
1 0.9829749103942652 0.32456140350877194 0.034050179211469536 0.12781954887218044
1 0.4775985663082437 0.4022556390977443 0.03046594982078853 0.11278195488721804
1 0.3503584229390681 0.4223057644110275 0.034050179211469536 0.11779448621553884
1 0.3109318996415771 0.47869674185463656 0.03763440860215054 0.06015037593984962
1 0.3960573476702509 0.5087719298245614 0.02867383512544803 0.07518796992481203
1 0.4166666666666667 0.48120300751879697 0.04121863799283154 0.045112781954887216
1 0.45161290322580644 0.5225563909774436 0.03225806451612903 0.05764411027568922
1 0.5098566308243727 0.4899749373433584 0.03763440860215054 0.05764411027568922
1 0.5806451612903226 0.5 0.035842293906810034 0.047619047619047616
1 0.7114695340501792 0.474937343358396 0.03942652329749104 0.05263157894736842
1 0.6774193548387096 0.49624060150375937 0.04659498207885305 0.05513784461152882
1 0.8485663082437276 0.46240601503759393 0.044802867383512544 0.05263157894736842
1 0.8772401433691757 0.3270676691729323 0.026881720430107527 0.05764411027568922
1 0.3270609318996416 0.39097744360902253 0.03763440860215054 0.06516290726817042
1 0.449820788530466 0.3721804511278195 0.03225806451612903 0.06265664160401002
