1 0.125 0.6681681681681682 0.08600000000000001 0.3213213213213213
1 0.163 0.6441441441441441 0.078 0.2912912912912913
1 0.226 0.7687687687687688 0.12 0.43843843843843844
1 0.381 0.7522522522522522 0.126 0.45945945945945943
1 0.535 0.7627627627627628 0.122 0.45045045045045046
1 0.441 0.6756756756756757 0.09 0.3363363363363363
1 0.65 0.5990990990990991 0.06 0.22522522522522523
1 0.706 0.5585585585585585 0.04 0.14414414414414414
1 0.296 0.6651651651651651 0.08 0.2912912912912913
1 0.618 0.5690690690690691 0.036000000000000004 0.14114114114114115
1 0.584 0.566066066066066 0.04 0.14714714714714713
1 0.501 0.6621621621621622 0.08600000000000001 0.3153153153153153
1 0.47200000000000003 0.6306306306306306 0.07200000000000001 0.2702702702702703
1 0.10400000000000001 0.6426426426426426 0.076 0.2882882882882883
1 0.671 0.5615615615615616 0.042 0.16216216216216217
1 0.724 0.5315315315315315 0.028 0.1021021021021021
1 0.744 0.536036036036036 0.032 0.12312312312312312
1 0.296 0.512012012012012 0.032 0.06306306306306306
1 0.323 0.496996996996997 0.018000000000000002 0.05105105105105105
1 0.342 0.506006006006006 0.02 0.05105105105105105
1 0.388 0.509009009009009 0.02 0.05105105105105105
1 0.402 0.5165165165165165 0.02 0.036036036036036036
1 0.421 0.512012012012012 0.014 0.03903903903903904
1 0.54 0.509009009009009 0.032 0.057057057057057055
