1 0.6651651651651651 0.662 0.2012012012012012 0.652
1 0.7717717717717718 0.626 0.16816816816816815 0.556
1 0.47147147147147145 0.604 0.13213213213213212 0.432
1 0.5675675675675675 0.588 0.12612612612612611 0.424
1 0.36786786786786785 0.634 0.14714714714714713 0.484
1 0.25225225225225223 0.55 0.10810810810810811 0.356
1 0.16516516516516516 0.514 0.09009009009009009 0.3
1 0.06156156156156156 0.458 0.05105105105105105 0.18
1 0.12312312312312312 0.47600000000000003 0.06606606606606606 0.224
1 0.03903903903903904 0.41600000000000004 0.04804804804804805 0.168
1 0.33183183183183185 0.548 0.10510510510510511 0.352
1 0.5540540540540541 0.4 0.03903903903903904 0.056
1 0.4519519519519519 0.39 0.03903903903903904 0.052000000000000005
