1 0.12250000000000001 0.8150000000000001 0.025 0.1
1 0.13083333333333333 0.865 0.04833333333333334 0.17500000000000002
1 0.155 0.8462500000000001 0.043333333333333335 0.1675
1 0.1675 0.8525 0.04166666666666667 0.15
1 0.19666666666666668 0.8612500000000001 0.04666666666666667 0.1775
1 0.22583333333333336 0.83125 0.028333333333333335 0.1125
1 0.24250000000000002 0.8300000000000001 0.03166666666666667 0.12
1 0.29750000000000004 0.7675000000000001 0.011666666666666667 0.045
1 0.31833333333333336 0.76875 0.01 0.0375
1 0.38 0.75875 0.013333333333333334 0.0475
1 0.41833333333333333 0.75375 0.01 0.0425
1 0.45083333333333336 0.76 0.008333333333333333 0.04
1 0.4741666666666667 0.75875 0.008333333333333333 0.0375
1 0.48583333333333334 0.74625 0.015000000000000001 0.0575
1 0.49500000000000005 0.7425 0.016666666666666666 0.07
1 0.5125000000000001 0.73875 0.018333333333333333 0.0725
1 0.5891666666666667 0.72875 0.015000000000000001 0.0625
1 0.5966666666666667 0.8525 0.05333333333333334 0.2
1 0.6591666666666667 0.73875 0.021666666666666667 0.0825
1 0.685 0.73375 0.016666666666666666 0.0675
1 0.6958333333333334 0.7312500000000001 0.021666666666666667 0.0775
1 0.7283333333333334 0.73375 0.023333333333333334 0.08750000000000001
1 0.7658333333333334 0.73875 0.015000000000000001 0.0575
1 0.79 0.7275 0.02 0.075
1 0.022500000000000003 0.8150000000000001 0.03833333333333334 0.08
1 0.2625 0.795 0.021666666666666667 0.055
1 0.5641666666666667 0.73875 0.035 0.0725
