1 0.64375 0.517578125 0.021875000000000002 0.06640625
1 0.8046875 0.529296875 0.03125 0.09375
1 0.821875 0.5419921875 0.025 0.076171875
1 0.87421875 0.5341796875 0.0203125 0.064453125
1 0.89765625 0.548828125 0.029687500000000002 0.08984375
1 0.9109375000000001 0.54296875 0.03125 0.09375
1 0.95625 0.5498046875 0.034375 0.107421875
1 0.36562500000000003 0.513671875 0.021875000000000002 0.07421875
1 0.39453125 0.50390625 0.0234375 0.078125
1 0.2078125 0.505859375 0.018750000000000003 0.0625
1 0.1203125 0.58203125 0.03125 0.09375
1 0.30546875 0.6298828125 0.0484375 0.138671875
1 0.39921875 0.6865234375 0.0671875 0.158203125
1 0.7250000000000001 0.7919921875 0.08750000000000001 0.224609375
1 0.784375 0.8232421875 0.10312500000000001 0.267578125
