1 0.05496688741721854 0.7673956262425446 0.046357615894039736 0.1709741550695825
1 0.14437086092715232 0.7166998011928428 0.039735099337748346 0.15308151093439362
1 0.223841059602649 0.7564612326043737 0.03708609271523179 0.1411530815109344
1 0.6205298013245033 0.9075546719681907 0.046357615894039736 0.16898608349900596
1 0.8682119205298013 0.9115308151093439 0.04370860927152318 0.16103379721669978
1 0.9364238410596026 0.8836978131212723 0.039735099337748346 0.15308151093439362
1 0.9834437086092715 0.7077534791252484 0.033112582781456956 0.13121272365805167
1 0.7695364238410596 0.7654075546719681 0.045033112582781455 0.16302186878727631
1 0.6960264900662252 0.7196819085487077 0.025165562913907286 0.09542743538767395
1 0.7178807947019867 0.7186878727634194 0.023841059602649005 0.08548707753479125
1 0.7536423841059603 0.7077534791252484 0.026490066225165563 0.09542743538767395
1 0.6543046357615894 0.720675944333996 0.023841059602649005 0.08548707753479125
1 0.5483443708609271 0.7544731610337971 0.03443708609271523 0.1332007952286282
1 0.5072847682119205 0.7186878727634194 0.03708609271523179 0.1371769383697813
1 0.5039735099337749 0.7554671968190854 0.02781456953642384 0.10735586481113318
1 0.4463576158940397 0.7962226640159045 0.0423841059602649 0.16103379721669978
1 0.11456953642384106 0.7345924453280317 0.02781456953642384 0.10536779324055665
1 0.039735099337748346 0.6202783300198806 0.03443708609271523 0.1272365805168986
1 0.01390728476821192 0.6351888667992047 0.02781456953642384 0.16500994035785285
1 0.11456953642384106 0.6113320079522863 0.02781456953642384 0.10536779324055665
1 0.14503311258278145 0.5805168986083499 0.025165562913907286 0.09542743538767395
1 0.17086092715231788 0.5775347912524851 0.02913907284768212 0.10536779324055665
1 0.18543046357615894 0.5636182902584492 0.023841059602649005 0.08946322067594432
1 0.1986754966887417 0.6332007952286282 0.02119205298013245 0.08151093439363816
1 0.2205298013245033 0.6133200795228627 0.02781456953642384 0.10139165009940357
1 0.26490066225165565 0.636182902584493 0.02913907284768212 0.10735586481113318
1 0.45761589403973507 0.6719681908548707 0.033112582781456956 0.1272365805168986
1 0.40860927152317883 0.6888667992047713 0.025165562913907286 0.0934393638170974
1 0.433112582781457 0.6461232604373757 0.02913907284768212 0.11133200795228627
1 0.6079470198675496 0.6779324055666003 0.03443708609271523 0.13121272365805167
1 0.6609271523178808 0.6421471172962226 0.02913907284768212 0.10735586481113318
1 0.6735099337748345 0.6391650099403577 0.033112582781456956 0.12524850894632206
1 0.704635761589404 0.6570576540755466 0.02913907284768212 0.10934393638170974
1 0.9006622516556292 0.7306163021868787 0.03708609271523179 0.1371769383697813
1 0.9013245033112582 0.5914512922465208 0.019867549668874173 0.07753479125248508
1 0.8814569536423841 0.5894632206759443 0.019867549668874173 0.07753479125248508
1 0.93841059602649 0.6202783300198806 0.019867549668874173 0.07952286282306162
1 0.9589403973509933 0.6212723658051689 0.026490066225165563 0.10139165009940357
1 0.5721854304635762 0.6391650099403577 0.031788079470198675 0.12127236580516898
1 0.19735099337748344 0.5606361829025844 0.018543046357615896 0.07554671968190854
1 0.0728476821192053 0.5308151093439363 0.018543046357615896 0.07554671968190854
