1 0.09166666666666667 0.2281021897810219 0.13 0.23236009732360097
1 0.23750000000000002 0.2427007299270073 0.09166666666666667 0.16423357664233576
1 0.305 0.2329683698296837 0.09000000000000001 0.16423357664233576
1 0.4066666666666667 0.24209245742092458 0.060000000000000005 0.10948905109489052
1 0.6825 0.23236009732360097 0.06833333333333334 0.12408759124087591
1 0.7150000000000001 0.21776155717761558 0.07 0.12895377128953772
1 0.8816666666666667 0.25608272506082724 0.11666666666666667 0.21046228710462286
1 0.61 0.21411192214111924 0.05 0.09002433090024331
1 0.8275 0.5431873479318735 0.135 0.24209245742092458
1 0.18416666666666667 0.7293187347931873 0.07500000000000001 0.13260340632603407
1 0.2525 0.5517031630170316 0.058333333333333334 0.10340632603406326
1 0.37000000000000005 0.5407542579075426 0.02 0.040145985401459854
1 0.4025 0.5352798053527981 0.025 0.046228710462287104
1 0.5058333333333334 0.5291970802919708 0.028333333333333335 0.051094890510948905
1 0.1575 0.5547445255474452 0.04833333333333334 0.09002433090024331
1 0.12166666666666667 0.555352798053528 0.043333333333333335 0.07664233576642336
1 0.052500000000000005 0.559610705596107 0.035 0.06569343065693431
1 0.07 0.5608272506082725 0.03666666666666667 0.06569343065693431
1 0.34 0.5346715328467153 0.02 0.040145985401459854
1 0.35583333333333333 0.22627737226277372 0.028333333333333335 0.058394160583941604
1 0.3891666666666667 0.23114355231143552 0.03166666666666667 0.06569343065693431
1 0.7816666666666667 0.22688564476885645 0.07666666666666667 0.07907542579075426
1 0.8891666666666668 0.5583941605839416 0.065 0.09245742092457421
1 0.5725 0.8424574209245742 0.385 0.24695863746958638
1 0.35000000000000003 0.7335766423357665 0.04666666666666667 0.07542579075425791
1 0.4033333333333334 0.7335766423357665 0.05333333333333334 0.08759124087591241
