1 0.905 0.5735735735735735 0.138 0.5165165165165165
1 0.28500000000000003 0.5015015015015015 0.094 0.35435435435435436
1 0.8180000000000001 0.5255255255255256 0.092 0.3363363363363363
1 0.6980000000000001 0.43993993993993996 0.036000000000000004 0.12912912912912913
1 0.562 0.46546546546546547 0.048 0.18618618618618618
1 0.487 0.5225225225225225 0.234 0.5765765765765766
1 0.027 0.45045045045045046 0.014 0.08408408408408408
1 0.054 0.46096096096096095 0.02 0.08708708708708708
1 0.105 0.46096096096096095 0.022 0.08708708708708708
1 0.14400000000000002 0.4624624624624625 0.028 0.09009009009009009
1 0.20600000000000002 0.466966966966967 0.024 0.08708708708708708
1 0.227 0.45945945945945943 0.022 0.0960960960960961
1 0.851 0.6141141141141141 0.042 0.21921921921921922
1 0.973 0.6066066066066066 0.046 0.3123123123123123
1 0.98 0.38288288288288286 0.028 0.11711711711711711
