1 0.36266666666666664 0.693950177935943 0.14666666666666667 0.48398576512455516
1 0.038 0.4848754448398576 0.017333333333333333 0.06227758007117437
1 0.025333333333333333 0.4795373665480427 0.013333333333333332 0.04448398576512455
1 0.05733333333333333 0.48398576512455516 0.016 0.05693950177935943
1 0.08666666666666667 0.4848754448398576 0.016 0.05871886120996441
1 0.09533333333333333 0.4768683274021352 0.014666666666666666 0.0498220640569395
1 0.142 0.48131672597864766 0.014666666666666666 0.04804270462633452
1 0.16799999999999998 0.48042704626334515 0.013333333333333332 0.046263345195729534
1 0.18466666666666667 0.48309608540925264 0.012 0.04448398576512455
1 0.2693333333333333 0.4893238434163701 0.018666666666666665 0.060498220640569395
1 0.29133333333333333 0.48309608540925264 0.012 0.037366548042704624
1 0.312 0.48576512455516013 0.010666666666666666 0.03914590747330961
1 0.30466666666666664 0.49377224199288255 0.014666666666666666 0.051601423487544484
1 0.326 0.5062277580071174 0.028 0.09074733096085409
1 0.42533333333333334 0.4866548042704626 0.013333333333333332 0.04804270462633452
1 0.536 0.494661921708185 0.021333333333333333 0.07473309608540925
1 0.5473333333333333 0.5 0.022666666666666665 0.07829181494661921
1 0.624 0.5062277580071174 0.016 0.05871886120996441
1 0.6273333333333333 0.49110320284697506 0.014666666666666666 0.05338078291814946
1 0.6473333333333333 0.49644128113879 0.02 0.06405693950177936
1 0.6793333333333333 0.5097864768683273 0.014666666666666666 0.04804270462633452
1 0.6859999999999999 0.47419928825622776 0.006666666666666666 0.023131672597864767
1 0.008666666666666666 0.46441281138790036 0.009333333333333332 0.03558718861209964
1 0.474 0.4590747330960854 0.014666666666666666 0.01779359430604982
1 0.516 0.46352313167259784 0.010666666666666666 0.01601423487544484
1 0.306 0.46085409252669035 0.012 0.010676156583629894
1 0.206 0.4688612099644128 0.009333333333333332 0.023131672597864767
1 0.21266666666666667 0.46441281138790036 0.006666666666666666 0.02491103202846975
1 0.22066666666666665 0.47330960854092524 0.009333333333333332 0.028469750889679714
