1 0.02 0.6213333333333333 0.04 0.256
1 0.044 0.6053333333333333 0.056 0.18133333333333332
1 0.093 0.5866666666666667 0.034 0.112
1 0.082 0.576 0.032 0.10666666666666666
1 0.138 0.6053333333333333 0.052000000000000005 0.17066666666666666
1 0.16 0.5773333333333334 0.036000000000000004 0.12533333333333332
1 0.195 0.584 0.042 0.13866666666666666
1 0.213 0.5866666666666667 0.046 0.15466666666666667
1 0.234 0.62 0.076 0.2533333333333333
1 0.273 0.624 0.114 0.37866666666666665
1 0.361 0.5986666666666667 0.082 0.27466666666666667
1 0.432 0.608 0.112 0.36266666666666664
1 0.531 0.624 0.074 0.24533333333333332
1 0.47300000000000003 0.5853333333333333 0.062 0.21066666666666667
1 0.7000000000000001 0.608 0.096 0.31466666666666665
1 0.594 0.5906666666666667 0.06 0.19999999999999998
1 0.632 0.592 0.07200000000000001 0.24
1 0.751 0.5933333333333333 0.07 0.2373333333333333
1 0.798 0.596 0.08 0.2693333333333333
1 0.84 0.6253333333333333 0.092 0.30666666666666664
1 0.062 0.5306666666666666 0.028 0.048
1 0.558 0.512 0.036000000000000004 0.048
