1 0.016 0.3933933933933934 0.032 0.12612612612612611
1 0.031 0.3183183183183183 0.03 0.11411411411411411
1 0.056 0.3408408408408408 0.028 0.10510510510510511
1 0.073 0.4069069069069069 0.038 0.14114114114114115
1 0.133 0.4144144144144144 0.038 0.13813813813813813
1 0.162 0.34384384384384387 0.036000000000000004 0.14114114114114115
1 0.201 0.34534534534534533 0.03 0.10810810810810811
1 0.188 0.4219219219219219 0.036000000000000004 0.14114114114114115
1 0.161 0.49099099099099097 0.054 0.2012012012012012
1 0.23900000000000002 0.506006006006006 0.05 0.1831831831831832
1 0.28500000000000003 0.47597597597597596 0.058 0.2132132132132132
1 0.246 0.3408408408408408 0.024 0.09309309309309309
1 0.314 0.509009009009009 0.052000000000000005 0.1891891891891892
1 0.295 0.35135135135135137 0.026000000000000002 0.1021021021021021
1 0.329 0.35135135135135137 0.026000000000000002 0.0960960960960961
1 0.389 0.512012012012012 0.05 0.1891891891891892
1 0.371 0.44744744744744747 0.042 0.15615615615615616
1 0.372 0.35735735735735735 0.028 0.1021021021021021
1 0.498 0.5405405405405406 0.056 0.2042042042042042
1 0.47200000000000003 0.5180180180180181 0.048 0.1831831831831832
1 0.461 0.43993993993993996 0.038 0.14114114114114115
1 0.41300000000000003 0.5285285285285285 0.05 0.18618618618618618
1 0.523 0.42342342342342343 0.03 0.10810810810810811
1 0.542 0.4249249249249249 0.028 0.1111111111111111
1 0.491 0.7177177177177178 0.078 0.29429429429429427
1 0.5700000000000001 0.6366366366366366 0.084 0.3123123123123123
1 0.608 0.5555555555555556 0.056 0.21021021021021022
1 0.616 0.34384384384384387 0.02 0.08108108108108109
1 0.637 0.4114114114114114 0.03 0.11411411411411411
1 0.647 0.4144144144144144 0.03 0.10810810810810811
1 0.684 0.7522522522522522 0.116 0.4294294294294294
1 0.665 0.7102102102102102 0.10200000000000001 0.3813813813813814
1 0.742 0.5645645645645646 0.052000000000000005 0.1981981981981982
1 0.79 0.5735735735735735 0.048 0.18018018018018017
1 0.806 0.7282282282282282 0.092 0.34534534534534533
1 0.855 0.6216216216216216 0.07 0.25825825825825827
1 0.867 0.7957957957957957 0.10200000000000001 0.3783783783783784
1 0.9420000000000001 0.7417417417417418 0.092 0.3363363363363363
1 0.929 0.6111111111111112 0.062 0.23123123123123124
1 0.978 0.41291291291291293 0.016 0.06906906906906907
1 0.97 0.38738738738738737 0.012 0.05405405405405406
1 0.9490000000000001 0.4039039039039039 0.026000000000000002 0.09309309309309309
1 0.934 0.38288288288288286 0.012 0.05105105105105105
1 0.918 0.40540540540540543 0.02 0.07207207207207207
1 0.891 0.4024024024024024 0.018000000000000002 0.07207207207207207
1 0.861 0.3933933933933934 0.022 0.07807807807807808
1 0.8220000000000001 0.3858858858858859 0.02 0.07507507507507508
1 0.788 0.39039039039039036 0.016 0.06006006006006006
1 0.759 0.3738738738738739 0.018000000000000002 0.06306306306306306
1 0.731 0.3708708708708709 0.018000000000000002 0.06306306306306306
1 0.722 0.36936936936936937 0.012 0.05405405405405406
1 0.712 0.35735735735735735 0.012 0.05405405405405406
1 0.685 0.34234234234234234 0.01 0.04804804804804805
1 0.67 0.3408408408408408 0.012 0.05105105105105105
1 0.655 0.33933933933933935 0.01 0.04204204204204204
1 0.5730000000000001 0.32732732732732733 0.01 0.04804804804804805
1 0.5680000000000001 0.32432432432432434 0.012 0.04804804804804805
1 0.541 0.32432432432432434 0.01 0.04804804804804805
1 0.524 0.3213213213213213 0.012 0.04804804804804805
1 0.506 0.31981981981981983 0.012 0.05105105105105105
1 0.444 0.36186186186186187 0.024 0.08708708708708708
1 0.403 0.35735735735735735 0.022 0.08408408408408408
1 0.41100000000000003 0.2912912912912913 0.01 0.04804804804804805
1 0.392 0.2897897897897898 0.012 0.05105105105105105
1 0.47400000000000003 0.3708708708708709 0.024 0.08708708708708708
1 0.47000000000000003 0.31681681681681684 0.012 0.05105105105105105
1 0.595 0.3183183183183183 0.018000000000000002 0.07207207207207207
1 0.601 0.3258258258258258 0.01 0.04504504504504504
1 0.262 0.4024024024024024 0.024 0.07207207207207207
1 0.684 0.4774774774774775 0.044 0.08408408408408408
1 0.709 0.4954954954954955 0.026000000000000002 0.06606606606606606
1 0.6 0.45645645645645644 0.032 0.04804804804804805
1 0.852 0.509009009009009 0.036000000000000004 0.08108108108108109
1 0.274 0.6621621621621622 0.23600000000000002 0.08708708708708708
1 0.363 0.6816816816816816 0.182 0.10810810810810811
1 0.312 0.8978978978978979 0.26 0.1921921921921922
1 0.113 0.6096096096096096 0.202 0.07807807807807808
1 0.163 0.53003003003003 0.17 0.06306306306306306
