1 0.05 0.49822064056939497 0.076 0.33451957295373663
1 0.16 0.5 0.128 0.5658362989323843
1 0.195 0.49822064056939497 0.042 0.19217081850533807
1 0.244 0.48398576512455516 0.04 0.18505338078291814
1 0.304 0.47864768683274017 0.084 0.3736654804270462
1 0.34700000000000003 0.4750889679715302 0.07 0.3096085409252669
1 0.376 0.47153024911032027 0.04 0.18149466192170818
1 0.395 0.46085409252669035 0.03 0.13167259786476868
1 0.40700000000000003 0.46085409252669035 0.022 0.09608540925266904
1 0.437 0.46441281138790036 0.022 0.09608540925266904
1 0.464 0.4626334519572953 0.02 0.08540925266903915
1 0.494 0.4466192170818505 0.032 0.1387900355871886
1 0.511 0.46085409252669035 0.038 0.17437722419928825
1 0.533 0.4590747330960854 0.05 0.22064056939501778
1 0.596 0.46085409252669035 0.07200000000000001 0.3096085409252669
1 0.64 0.45195729537366547 0.048 0.20640569395017794
1 0.682 0.4572953736654804 0.096 0.42348754448398573
1 0.7020000000000001 0.45373665480427045 0.052000000000000005 0.2384341637010676
1 0.791 0.45195729537366547 0.062 0.2775800711743772
1 0.844 0.4270462633451957 0.136 0.5907473309608541
1 0.9460000000000001 0.45195729537366547 0.044 0.19217081850533807
1 0.908 0.4377224199288256 0.04 0.1779359430604982
1 0.9580000000000001 0.4448398576512455 0.084 0.6334519572953736
1 0.098 0.49288256227758004 0.032 0.2669039145907473
1 0.426 0.44128113879003555 0.02 0.0498220640569395
1 0.5730000000000001 0.38967971530249107 0.034 0.08185053380782918
