1 0.108 0.5884146341463414 0.032 0.12195121951219512
1 0.181 0.5975609756097561 0.042 0.15853658536585366
1 0.279 0.5807926829268293 0.042 0.15548780487804878
1 0.366 0.5945121951219512 0.048 0.17682926829268295
1 0.47300000000000003 0.6310975609756098 0.054 0.20731707317073172
1 0.593 0.5823170731707318 0.042 0.16463414634146342
1 0.662 0.5960365853658537 0.044 0.17378048780487806
1 0.841 0.5777439024390244 0.046 0.1798780487804878
1 0.8320000000000001 0.5609756097560976 0.044 0.17073170731707318
1 0.934 0.5289634146341463 0.036000000000000004 0.14329268292682928
1 0.633 0.5060975609756098 0.03 0.10975609756097561
1 0.759 0.5015243902439025 0.038 0.14329268292682928
1 0.6930000000000001 0.5182926829268293 0.026000000000000002 0.0975609756097561
1 0.607 0.4954268292682927 0.026000000000000002 0.09451219512195122
1 0.431 0.49390243902439024 0.014 0.06097560975609756
1 0.41000000000000003 0.49085365853658536 0.016 0.06097560975609756
1 0.328 0.5121951219512195 0.02 0.07926829268292683
1 0.311 0.5030487804878049 0.022 0.08536585365853659
1 0.35000000000000003 0.4954268292682927 0.02 0.07621951219512195
1 0.387 0.49847560975609756 0.018000000000000002 0.0701219512195122
1 0.444 0.4878048780487805 0.016 0.06707317073170732
1 0.458 0.4862804878048781 0.012 0.05182926829268293
1 0.519 0.49085365853658536 0.018000000000000002 0.06707317073170732
1 0.506 0.48475609756097565 0.012 0.054878048780487805
1 0.494 0.49390243902439024 0.012 0.04878048780487805
1 0.482 0.4954268292682927 0.008 0.03353658536585366
1 0.889 0.5121951219512195 0.034 0.12804878048780488
1 0.905 0.4969512195121951 0.038 0.14634146341463417
1 0.965 0.4969512195121951 0.038 0.14634146341463417
1 0.54 0.49085365853658536 0.016 0.06707317073170732
1 0.556 0.49085365853658536 0.012 0.054878048780487805
1 0.5750000000000001 0.4923780487804878 0.018000000000000002 0.0701219512195122
1 0.042 0.5975609756097561 0.076 0.17682926829268295
1 0.277 0.4710365853658537 0.026000000000000002 0.04573170731707317
1 0.439 0.40701219512195125 0.014 0.03353658536585366
1 0.454 0.40701219512195125 0.016 0.027439024390243903
1 0.47200000000000003 0.4009146341463415 0.024 0.039634146341463415
1 0.496 0.4054878048780488 0.012 0.04878048780487805
1 0.51 0.40701219512195125 0.016 0.027439024390243903
1 0.533 0.42378048780487804 0.018000000000000002 0.03658536585365854
1 0.54 0.4161585365853659 0.016 0.021341463414634148
1 0.624 0.43597560975609756 0.02 0.042682926829268296
1 0.67 0.4679878048780488 0.016 0.057926829268292686
1 0.654 0.47713414634146345 0.02 0.05182926829268293
1 0.714 0.45884146341463417 0.016 0.039634146341463415
1 0.791 0.4451219512195122 0.018000000000000002 0.04878048780487805
1 0.804 0.475609756097561 0.024 0.08536585365853659
1 0.882 0.4527439024390244 0.016 0.05182926829268293
1 0.863 0.4573170731707317 0.01 0.024390243902439025
1 0.851 0.4481707317073171 0.018000000000000002 0.024390243902439025
1 0.837 0.4451219512195122 0.014 0.03048780487804878
1 0.928 0.43902439024390244 0.02 0.024390243902439025
1 0.371 0.47408536585365857 0.018000000000000002 0.05182926829268293
1 0.422 0.4298780487804878 0.016 0.03658536585365854
1 0.717 0.5472560975609756 0.026000000000000002 0.04573170731707317
1 0.749 0.5823170731707318 0.03 0.08536585365853659
1 0.739 0.5121951219512195 0.022 0.06707317073170732
1 0.738 0.4573170731707317 0.02 0.03048780487804878
1 0.784 0.5274390243902439 0.012 0.07926829268292683
1 0.989 0.5076219512195123 0.01 0.11890243902439025
