1 0.07968750000000001 0.7295081967213115 0.09062500000000001 0.33489461358313816
1 0.1640625 0.7271662763466042 0.07500000000000001 0.2786885245901639
1 0.23203125000000002 0.7330210772833724 0.060937500000000006 0.22950819672131148
1 0.2984375 0.7377049180327869 0.046875 0.17798594847775176
1 0.33671875 0.7330210772833724 0.0390625 0.14988290398126464
1 0.38984375000000004 0.7377049180327869 0.0328125 0.12646370023419204
1 0.403125 0.7318501170960188 0.028125 0.1053864168618267
1 0.52890625 0.747072599531616 0.11093750000000001 0.40749414519906324
1 0.41640625000000003 0.7318501170960188 0.026562500000000003 0.09601873536299765
1 0.48281250000000003 0.7365339578454333 0.025 0.09133489461358314
1 0.57734375 0.7353629976580797 0.0234375 0.09367681498829039
1 0.671875 0.7353629976580797 0.046875 0.17330210772833723
1 0.6507812500000001 0.7306791569086651 0.045312500000000006 0.16393442622950818
1 0.70859375 0.7377049180327869 0.060937500000000006 0.22482435597189696
1 0.7562500000000001 0.7330210772833724 0.07187500000000001 0.2716627634660422
1 0.7953125000000001 0.7377049180327869 0.09062500000000001 0.3372365339578454
1 0.8718750000000001 0.7412177985948478 0.1125 0.41920374707259955
1 0.92578125 0.7365339578454333 0.06406250000000001 0.24121779859484777
1 0.95234375 0.7330210772833724 0.0390625 0.14988290398126464
1 0.27187500000000003 0.7353629976580797 0.025 0.09836065573770492
1 0.96875 0.7459016393442623 0.028125 0.1053864168618267
1 0.31796875 0.4484777517564403 0.0140625 0.0585480093676815
1 0.33359375 0.4098360655737705 0.0171875 0.06088992974238876
1 0.33125000000000004 0.5480093676814989 0.015625 0.06557377049180328
1 0.5578125 0.5175644028103045 0.0125 0.05152224824355972
1 0.56015625 0.4484777517564403 0.0140625 0.04918032786885246
1 0.56171875 0.3946135831381733 0.0140625 0.04918032786885246
1 0.8125 0.446135831381733 0.018750000000000003 0.06791569086651054
1 0.784375 0.40046838407494145 0.015625 0.05620608899297424
1 0.04453125 0.747072599531616 0.0140625 0.18266978922716628
1 0.01953125 0.747072599531616 0.0390625 0.18735362997658078
1 0.30703125000000003 0.5737704918032787 0.010937500000000001 0.02810304449648712
1 0.29296875 0.5679156908665105 0.0140625 0.02107728337236534
1 0.30390625000000004 0.5913348946135831 0.010937500000000001 0.02107728337236534
1 0.21406250000000002 0.6475409836065574 0.0125 0.02107728337236534
1 0.2 0.6697892271662763 0.0125 0.023419203747072598
1 0.19765625 0.6428571428571429 0.010937500000000001 0.01639344262295082
1 0.21015625000000002 0.6264637002341921 0.010937500000000001 0.02107728337236534
1 0.19453125000000002 0.6252927400468384 0.0171875 0.023419203747072598
1 0.1484375 0.6264637002341921 0.018750000000000003 0.02107728337236534
1 0.12578125 0.6241217798594848 0.010937500000000001 0.02107728337236534
1 0.1421875 0.6088992974238876 0.015625 0.023419203747072598
1 0.1296875 0.6042154566744731 0.0125 0.023419203747072598
1 0.1125 0.6053864168618267 0.0125 0.01639344262295082
1 0.1078125 0.585480093676815 0.0125 0.023419203747072598
1 0.1203125 0.5702576112412178 0.0125 0.03044496487119438
1 0.1328125 0.5690866510538641 0.0125 0.02810304449648712
1 0.1484375 0.5679156908665105 0.015625 0.02576112412177986
1 0.16328125000000002 0.5690866510538641 0.0171875 0.02810304449648712
1 0.17734375000000002 0.5702576112412178 0.0171875 0.03044496487119438
1 0.1921875 0.5655737704918032 0.0125 0.02107728337236534
1 0.20390625 0.5655737704918032 0.010937500000000001 0.03044496487119438
1 0.22187500000000002 0.5690866510538641 0.0125 0.02810304449648712
1 0.23359375000000002 0.5667447306791569 0.0140625 0.03278688524590164
1 0.26171875 0.5690866510538641 0.0203125 0.01873536299765808
1 0.18125000000000002 0.5866510538641686 0.018750000000000003 0.02576112412177986
1 0.19609375 0.5889929742388759 0.0078125 0.01639344262295082
1 0.21015625000000002 0.5878220140515222 0.0171875 0.01873536299765808
1 0.22421875000000002 0.5913348946135831 0.0078125 0.01639344262295082
1 0.240625 0.5913348946135831 0.0125 0.02107728337236534
1 0.259375 0.5913348946135831 0.015625 0.02107728337236534
1 0.2734375 0.5889929742388759 0.0125 0.02576112412177986
1 0.28750000000000003 0.5913348946135831 0.018750000000000003 0.02107728337236534
1 0.21796875000000002 0.6124121779859485 0.0140625 0.01639344262295082
1 0.246875 0.6053864168618267 0.018750000000000003 0.01639344262295082
1 0.0328125 0.5679156908665105 0.0125 0.03044496487119438
1 0.05 0.563231850117096 0.009375000000000001 0.02107728337236534
1 0.0625 0.5690866510538641 0.015625 0.023419203747072598
1 0.05 0.6065573770491803 0.009375000000000001 0.03747072599531616
1 0.03671875 0.6065573770491803 0.0078125 0.02810304449648712
1 0.026562500000000003 0.6088992974238876 0.0125 0.02810304449648712
1 0.065625 0.5971896955503513 0.0125 0.023419203747072598
1 0.03515625 0.6487119437939111 0.0140625 0.03278688524590164
1 0.02109375 0.6557377049180327 0.010937500000000001 0.03278688524590164
1 0.0234375 0.6709601873536299 0.009375000000000001 0.03044496487119438
1 0.8328125000000001 0.5702576112412178 0.021875000000000002 0.0351288056206089
1 0.84765625 0.572599531615925 0.026562500000000003 0.0351288056206089
1 0.83984375 0.5971896955503513 0.0203125 0.03278688524590164
1 0.8929687500000001 0.5679156908665105 0.010937500000000001 0.0351288056206089
1 0.9078125 0.5667447306791569 0.0125 0.03278688524590164
1 0.9031250000000001 0.5925058548009368 0.018750000000000003 0.023419203747072598
1 0.8914062500000001 0.5351288056206089 0.0171875 0.02576112412177986
1 0.90625 0.5152224824355972 0.0125 0.023419203747072598
1 0.89765625 0.5070257611241218 0.010937500000000001 0.02576112412177986
1 0.8875000000000001 0.49063231850117095 0.0125 0.02107728337236534
1 0.8984375 0.4765807962529274 0.009375000000000001 0.02576112412177986
1 0.91328125 0.4918032786885246 0.0078125 0.01405152224824356
1 0.5437500000000001 0.531615925058548 0.015625 0.01873536299765808
1 0.53125 0.5269320843091335 0.0125 0.023419203747072598
1 0.51796875 0.522248243559719 0.010937500000000001 0.01873536299765808
1 0.50625 0.5234192037470726 0.018750000000000003 0.02107728337236534
1 0.9343750000000001 0.5866510538641686 0.0125 0.0351288056206089
1 0.9484375 0.585480093676815 0.009375000000000001 0.02810304449648712
1 0.9640625 0.585480093676815 0.0125 0.02810304449648712
1 0.9828125000000001 0.5866510538641686 0.025 0.02107728337236534
1 0.9796875 0.6135831381733021 0.018750000000000003 0.02810304449648712
1 0.96015625 0.6112412177985949 0.0140625 0.03278688524590164
1 0.48671875000000003 0.5327868852459017 0.0140625 0.01639344262295082
1 0.47421875 0.5304449648711944 0.0078125 0.01639344262295082
1 0.46171875 0.5339578454332553 0.0078125 0.023419203747072598
1 0.446875 0.5327868852459017 0.0125 0.02107728337236534
1 0.43281250000000004 0.5292740046838408 0.015625 0.023419203747072598
1 0.41718750000000004 0.5304449648711944 0.009375000000000001 0.01639344262295082
1 0.3984375 0.5327868852459017 0.0125 0.02576112412177986
1 0.38828125 0.5175644028103045 0.0078125 0.01405152224824356
1 0.37265625 0.5374707259953162 0.0140625 0.02107728337236534
1 0.35546875 0.5035128805620609 0.0171875 0.03278688524590164
1 0.37031250000000004 0.4918032786885246 0.0125 0.023419203747072598
1 0.3765625 0.5163934426229508 0.0125 0.01639344262295082
1 0.38828125 0.4894613583138173 0.010937500000000001 0.01873536299765808
1 0.4 0.4929742388758782 0.0125 0.02107728337236534
1 0.41328125000000004 0.4929742388758782 0.0140625 0.02107728337236534
1 0.42578125 0.5046838407494145 0.0171875 0.02576112412177986
1 0.4234375 0.4847775175644028 0.009375000000000001 0.01873536299765808
1 0.4375 0.4847775175644028 0.0125 0.01405152224824356
1 0.44765625000000003 0.5011709601873536 0.0140625 0.01873536299765808
1 0.46171875 0.5163934426229508 0.0078125 0.011709601873536299
1 0.49140625000000004 0.5140515222482436 0.0140625 0.02107728337236534
1 0.46171875 0.5011709601873536 0.010937500000000001 0.01873536299765808
1 0.47890625000000003 0.5011709601873536 0.010937500000000001 0.01873536299765808
1 0.465625 0.48711943793911006 0.009375000000000001 0.01405152224824356
1 0.44609375 0.4882903981264637 0.0078125 0.01639344262295082
1 0.47734375 0.4894613583138173 0.0078125 0.01873536299765808
1 0.49140625000000004 0.49765807962529274 0.010937500000000001 0.01639344262295082
1 0.49296875 0.4847775175644028 0.0140625 0.01405152224824356
1 0.50390625 0.49414519906323184 0.010937500000000001 0.01405152224824356
1 0.50546875 0.48360655737704916 0.0078125 0.011709601873536299
1 0.50625 0.47423887587822017 0.0125 0.011709601873536299
1 0.50625 0.45901639344262296 0.009375000000000001 0.00936768149882904
1 0.5078125 0.44730679156908665 0.00625 0.00936768149882904
1 0.509375 0.4309133489461358 0.009375000000000001 0.01873536299765808
1 0.51953125 0.43208430913348944 0.010937500000000001 0.01639344262295082
1 0.51953125 0.4449648711943794 0.010937500000000001 0.00936768149882904
1 0.51953125 0.45550351288056207 0.010937500000000001 0.011709601873536299
1 0.51953125 0.47306791569086654 0.010937500000000001 0.01405152224824356
1 0.5171875 0.4953161592505855 0.0125 0.02107728337236534
1 0.5296875 0.5023419203747073 0.009375000000000001 0.02107728337236534
1 0.5320312500000001 0.4882903981264637 0.0140625 0.01639344262295082
1 0.53125 0.4718969555035129 0.009375000000000001 0.011709601873536299
1 0.53125 0.45550351288056207 0.009375000000000001 0.01639344262295082
1 0.53125 0.44730679156908665 0.009375000000000001 0.00936768149882904
1 0.5328125 0.4332552693208431 0.00625 0.00936768149882904
1 0.5328125 0.4215456674473068 0.009375000000000001 0.00936768149882904
1 0.5203125000000001 0.41100702576112413 0.00625 0.011709601873536299
1 0.5085937500000001 0.4098360655737705 0.0078125 0.00936768149882904
1 0.509375 0.40046838407494145 0.009375000000000001 0.01873536299765808
1 0.509375 0.38173302107728335 0.009375000000000001 0.00936768149882904
1 0.5203125000000001 0.3840749414519906 0.009375000000000001 0.00936768149882904
1 0.51953125 0.3992974238875878 0.0078125 0.011709601873536299
1 0.5203125000000001 0.3700234192037471 0.009375000000000001 0.00936768149882904
1 0.5109375 0.3711943793911007 0.00625 0.00702576112412178
1 0.53046875 0.37236533957845436 0.0078125 0.00936768149882904
1 0.5296875 0.38173302107728335 0.009375000000000001 0.00468384074941452
1 0.52890625 0.3981264637002342 0.0078125 0.01873536299765808
1 0.53046875 0.40866510538641687 0.0078125 0.011709601873536299
1 0.540625 0.37236533957845436 0.0125 0.01873536299765808
1 0.54140625 0.3957845433255269 0.0140625 0.01405152224824356
1 0.54140625 0.40866510538641687 0.0140625 0.02107728337236534
1 0.5421875 0.42271662763466045 0.0125 0.011709601873536299
1 0.54453125 0.4332552693208431 0.010937500000000001 0.01405152224824356
1 0.54296875 0.4449648711943794 0.010937500000000001 0.01405152224824356
1 0.54140625 0.45784543325526933 0.0140625 0.01639344262295082
1 0.54296875 0.4707259953161593 0.0078125 0.01873536299765808
1 0.54140625 0.4812646370023419 0.010937500000000001 0.011709601873536299
1 0.54296875 0.49882903981264637 0.010937500000000001 0.01873536299765808
1 0.496875 0.4531615925058548 0.0125 0.02107728337236534
1 0.48046875 0.47306791569086654 0.0078125 0.023419203747072598
1 0.46484375 0.47423887587822017 0.010937500000000001 0.01639344262295082
1 0.45156250000000003 0.4765807962529274 0.009375000000000001 0.01639344262295082
1 0.4421875 0.46955503512880564 0.009375000000000001 0.01639344262295082
1 0.41718750000000004 0.47540983606557374 0.009375000000000001 0.01405152224824356
1 0.403125 0.47423887587822017 0.009375000000000001 0.02107728337236534
1 0.390625 0.47423887587822017 0.009375000000000001 0.01639344262295082
1 0.37890625 0.47306791569086654 0.010937500000000001 0.01405152224824356
1 0.35781250000000003 0.4648711943793911 0.0125 0.02576112412177986
1 0.3671875 0.4672131147540984 0.009375000000000001 0.02576112412177986
1 0.46875 0.4601873536299766 0.009375000000000001 0.01639344262295082
1 0.48125 0.45433255269320844 0.009375000000000001 0.01405152224824356
1 0.484375 0.43559718969555034 0.009375000000000001 0.00936768149882904
1 0.49609375 0.43559718969555034 0.0078125 0.00936768149882904
1 0.49531250000000004 0.42505854800936765 0.00625 0.011709601873536299
1 0.49609375 0.41569086651053866 0.010937500000000001 0.011709601873536299
1 0.49609375 0.3992974238875878 0.0078125 0.01639344262295082
1 0.49843750000000003 0.38524590163934425 0.009375000000000001 0.011709601873536299
1 0.49140625000000004 0.3805620608899297 0.010937500000000001 0.011709601873536299
1 0.4859375 0.4028103044496487 0.009375000000000001 0.00468384074941452
1 0.4859375 0.4180327868852459 0.009375000000000001 0.011709601873536299
1 0.48359375000000004 0.38524590163934425 0.0078125 0.011709601873536299
1 0.46875 0.36885245901639346 0.00625 0.00702576112412178
1 0.4703125 0.382903981264637 0.0125 0.011709601873536299
1 0.4703125 0.3957845433255269 0.0125 0.01405152224824356
1 0.46953125 0.40866510538641687 0.0078125 0.01639344262295082
1 0.46640625 0.43208430913348944 0.0078125 0.02107728337236534
1 0.47500000000000003 0.4238875878220141 0.00625 0.01405152224824356
1 0.4734375 0.43676814988290397 0.009375000000000001 0.011709601873536299
1 0.45703125 0.45901639344262296 0.0078125 0.01405152224824356
1 0.45859375 0.44730679156908665 0.010937500000000001 0.01405152224824356
1 0.4609375 0.4344262295081967 0.009375000000000001 0.01639344262295082
1 0.446875 0.4379391100702576 0.009375000000000001 0.00936768149882904
1 0.44296875 0.45433255269320844 0.0140625 0.00936768149882904
1 0.42812500000000003 0.46252927400468385 0.009375000000000001 0.00702576112412178
1 0.41875 0.45901639344262296 0.009375000000000001 0.01873536299765808
1 0.40468750000000003 0.4531615925058548 0.009375000000000001 0.011709601873536299
1 0.38515625000000003 0.45784543325526933 0.010937500000000001 0.011709601873536299
1 0.41328125000000004 0.44379391100702575 0.0140625 0.01639344262295082
1 0.40078125000000003 0.44028103044496486 0.010937500000000001 0.01405152224824356
1 0.38906250000000003 0.44028103044496486 0.0125 0.01873536299765808
1 0.37890625 0.44028103044496486 0.0078125 0.023419203747072598
1 0.3671875 0.4344262295081967 0.009375000000000001 0.01639344262295082
1 0.35625 0.4344262295081967 0.0125 0.011709601873536299
1 0.34375 0.4332552693208431 0.0125 0.01873536299765808
1 0.34765625 0.41920374707259955 0.0140625 0.01405152224824356
1 0.36250000000000004 0.41920374707259955 0.0125 0.01873536299765808
1 0.37421875000000004 0.4133489461358314 0.010937500000000001 0.011709601873536299
1 0.384375 0.4133489461358314 0.009375000000000001 0.01639344262295082
1 0.39765625000000004 0.41920374707259955 0.010937500000000001 0.01405152224824356
1 0.40937500000000004 0.41569086651053866 0.009375000000000001 0.011709601873536299
1 0.41484375 0.4215456674473068 0.010937500000000001 0.01405152224824356
1 0.4265625 0.4262295081967213 0.00625 0.01405152224824356
1 0.4390625 0.4262295081967213 0.009375000000000001 0.01405152224824356
1 0.42500000000000004 0.43911007025761123 0.009375000000000001 0.01639344262295082
1 0.4375 0.43911007025761123 0.0125 0.011709601873536299
1 0.45390625 0.4180327868852459 0.0078125 0.011709601873536299
1 0.45703125 0.3992974238875878 0.004687500000000001 0.011709601873536299
1 0.45546875000000003 0.3840749414519906 0.0140625 0.01405152224824356
1 0.44609375 0.37822014051522246 0.004687500000000001 0.02107728337236534
1 0.43281250000000004 0.3946135831381733 0.009375000000000001 0.02107728337236534
1 0.43593750000000003 0.3700234192037471 0.0125 0.01405152224824356
1 0.41718750000000004 0.37470725995316156 0.009375000000000001 0.01405152224824356
1 0.415625 0.3911007025761124 0.0125 0.01405152224824356
1 0.41484375 0.405152224824356 0.0140625 0.01405152224824356
1 0.4453125 0.3992974238875878 0.009375000000000001 0.01639344262295082
1 0.40625 0.373536299765808 0.009375000000000001 0.01639344262295082
1 0.39609375 0.3700234192037471 0.010937500000000001 0.01405152224824356
1 0.38593750000000004 0.37470725995316156 0.0125 0.01405152224824356
1 0.38359375 0.38875878220140514 0.010937500000000001 0.01405152224824356
1 0.37343750000000003 0.3840749414519906 0.0125 0.01873536299765808
1 0.36796875 0.3981264637002342 0.010937500000000001 0.01405152224824356
1 0.39453125 0.3992974238875878 0.0078125 0.01639344262295082
1 0.403125 0.40046838407494145 0.009375000000000001 0.01873536299765808
1 0.40937500000000004 0.5163934426229508 0.0125 0.02107728337236534
1 0.39453125 0.5128805620608899 0.0140625 0.01873536299765808
1 0.19921875 0.37470725995316156 0.010937500000000001 0.01405152224824356
1 0.21015625000000002 0.37470725995316156 0.010937500000000001 0.01405152224824356
1 0.21875 0.373536299765808 0.00625 0.011709601873536299
1 0.22812500000000002 0.373536299765808 0.009375000000000001 0.011709601873536299
1 0.20234375000000002 0.3864168618266979 0.010937500000000001 0.00936768149882904
1 0.21171875 0.3875878220140515 0.0078125 0.011709601873536299
1 0.22265625 0.3864168618266979 0.0140625 0.01405152224824356
1 0.23515625 0.3875878220140515 0.010937500000000001 0.01639344262295082
1 0.24531250000000002 0.38524590163934425 0.009375000000000001 0.011709601873536299
1 0.25390625 0.38524590163934425 0.0078125 0.011709601873536299
1 0.26328125 0.382903981264637 0.010937500000000001 0.01639344262295082
1 0.27421875 0.3840749414519906 0.010937500000000001 0.01873536299765808
1 0.28515625 0.3840749414519906 0.010937500000000001 0.01873536299765808
1 0.30000000000000004 0.38524590163934425 0.018750000000000003 0.02107728337236534
1 0.31796875 0.3875878220140515 0.0171875 0.01639344262295082
1 0.15937500000000002 0.3957845433255269 0.015625 0.00468384074941452
1 0.17265625 0.3992974238875878 0.010937500000000001 0.011709601873536299
1 0.18359375 0.3981264637002342 0.010937500000000001 0.01405152224824356
1 0.19453125000000002 0.3981264637002342 0.010937500000000001 0.01405152224824356
1 0.20468750000000002 0.39695550351288056 0.009375000000000001 0.01639344262295082
1 0.21640625000000002 0.39695550351288056 0.010937500000000001 0.011709601873536299
1 0.22734375 0.39695550351288056 0.010937500000000001 0.011709601873536299
1 0.2390625 0.3981264637002342 0.0125 0.01405152224824356
1 0.25 0.3981264637002342 0.009375000000000001 0.01405152224824356
1 0.259375 0.3957845433255269 0.009375000000000001 0.00936768149882904
1 0.26953125 0.3957845433255269 0.010937500000000001 0.00936768149882904
1 0.27968750000000003 0.3981264637002342 0.009375000000000001 0.01405152224824356
1 0.28984375 0.3981264637002342 0.010937500000000001 0.01405152224824356
1 0.30312500000000003 0.3981264637002342 0.015625 0.01405152224824356
1 0.0203125 0.5433255269320844 0.015625 0.01405152224824356
1 0.02109375 0.5597189695550351 0.0140625 0.01873536299765808
1 0.034375 0.5433255269320844 0.0125 0.01405152224824356
1 0.04609375 0.5433255269320844 0.010937500000000001 0.01405152224824356
1 0.05859375 0.5433255269320844 0.0140625 0.01405152224824356
1 0.07109375 0.544496487119438 0.010937500000000001 0.01639344262295082
1 0.08515625 0.5433255269320844 0.0171875 0.01873536299765808
1 0.1 0.5433255269320844 0.0125 0.01873536299765808
1 0.11328125 0.544496487119438 0.0140625 0.01639344262295082
1 0.12734375 0.5433255269320844 0.0140625 0.01405152224824356
1 0.1390625 0.5421545667447307 0.009375000000000001 0.01639344262295082
1 0.15156250000000002 0.5421545667447307 0.015625 0.01639344262295082
1 0.16562500000000002 0.5433255269320844 0.0125 0.01405152224824356
1 0.17890625000000002 0.5433255269320844 0.0140625 0.01405152224824356
1 0.19375 0.5585480093676815 0.015625 0.01639344262295082
1 0.20625000000000002 0.5456674473067916 0.0125 0.01405152224824356
1 0.23359375000000002 0.5398126463700235 0.0171875 0.02576112412177986
1 0.246875 0.5398126463700235 0.009375000000000001 0.02107728337236534
1 0.01953125 0.5245901639344263 0.010937500000000001 0.00936768149882904
1 0.032031250000000004 0.5269320843091335 0.0140625 0.01405152224824356
1 0.045312500000000006 0.5269320843091335 0.0125 0.01405152224824356
1 0.057031250000000006 0.5257611241217799 0.010937500000000001 0.011709601873536299
1 0.06953125 0.5257611241217799 0.0140625 0.011709601873536299
1 0.08359375000000001 0.5257611241217799 0.0140625 0.011709601873536299
1 0.096875 0.5257611241217799 0.0125 0.011709601873536299
1 0.11015625000000001 0.5257611241217799 0.0140625 0.011709601873536299
1 0.12421875 0.5245901639344263 0.0140625 0.01405152224824356
1 0.1375 0.5245901639344263 0.0125 0.00936768149882904
1 0.15078125 0.5245901639344263 0.0140625 0.00936768149882904
1 0.16484375 0.5257611241217799 0.0140625 0.011709601873536299
1 0.17734375000000002 0.5234192037470726 0.010937500000000001 0.01639344262295082
1 0.18984375 0.5245901639344263 0.0140625 0.01873536299765808
1 0.20390625 0.5269320843091335 0.0140625 0.01405152224824356
1 0.21796875000000002 0.5269320843091335 0.0140625 0.01405152224824356
1 0.22734375 0.5152224824355972 0.010937500000000001 0.01873536299765808
1 0.21484375 0.5152224824355972 0.0140625 0.01873536299765808
1 0.2015625 0.5152224824355972 0.0125 0.01873536299765808
1 0.18671875000000002 0.5117096018735363 0.0171875 0.011709601873536299
1 0.17578125 0.5117096018735363 0.004687500000000001 0.011709601873536299
1 0.16171875000000002 0.5140515222482436 0.0140625 0.01639344262295082
1 0.15156250000000002 0.5128805620608899 0.00625 0.01873536299765808
1 0.1328125 0.5128805620608899 0.015625 0.00936768149882904
1 0.12187500000000001 0.5140515222482436 0.00625 0.011709601873536299
1 0.11015625000000001 0.5128805620608899 0.0171875 0.01405152224824356
1 0.09609375 0.5128805620608899 0.010937500000000001 0.01405152224824356
1 0.06796875000000001 0.5163934426229508 0.0078125 0.02107728337236534
1 0.05859375 0.5163934426229508 0.010937500000000001 0.02107728337236534
1 0.03515625 0.5128805620608899 0.010937500000000001 0.01405152224824356
1 0.04296875 0.5070257611241218 0.010937500000000001 0.02107728337236534
1 0.0578125 0.49882903981264637 0.0125 0.01405152224824356
1 0.06875 0.4964871194379391 0.0125 0.01405152224824356
1 0.07968750000000001 0.509367681498829 0.015625 0.02107728337236534
1 0.08281250000000001 0.4964871194379391 0.009375000000000001 0.00936768149882904
1 0.0921875 0.4953161592505855 0.009375000000000001 0.011709601873536299
1 0.1046875 0.49765807962529274 0.015625 0.01639344262295082
1 0.11875000000000001 0.49882903981264637 0.0125 0.01405152224824356
1 0.13125 0.49882903981264637 0.0125 0.01405152224824356
1 0.1453125 0.49882903981264637 0.0125 0.00936768149882904
1 0.15781250000000002 0.5 0.0125 0.011709601873536299
1 0.16953125000000002 0.49765807962529274 0.010937500000000001 0.01639344262295082
1 0.18125000000000002 0.4964871194379391 0.0125 0.01405152224824356
1 0.1953125 0.49765807962529274 0.015625 0.011709601873536299
1 0.20859375000000002 0.49765807962529274 0.010937500000000001 0.011709601873536299
1 0.21953125 0.4964871194379391 0.010937500000000001 0.01405152224824356
1 0.23359375000000002 0.5023419203747073 0.0171875 0.02576112412177986
1 0.2421875 0.49063231850117095 0.0125 0.02107728337236534
1 0.22890625 0.4847775175644028 0.0140625 0.00936768149882904
1 0.215625 0.48360655737704916 0.0125 0.011709601873536299
1 0.20234375000000002 0.4859484777517564 0.0140625 0.01639344262295082
1 0.19062500000000002 0.48360655737704916 0.009375000000000001 0.02107728337236534
1 0.18046875 0.48360655737704916 0.010937500000000001 0.02107728337236534
1 0.16796875 0.4859484777517564 0.0140625 0.01639344262295082
1 0.1546875 0.4882903981264637 0.015625 0.02107728337236534
1 0.14296875 0.4929742388758782 0.0078125 0.011709601873536299
1 0.13359375 0.4918032786885246 0.010937500000000001 0.00936768149882904
1 0.125 0.4894613583138173 0.00625 0.01405152224824356
1 0.11640625 0.4859484777517564 0.010937500000000001 0.00702576112412178
1 0.10546875 0.4882903981264637 0.010937500000000001 0.01639344262295082
1 0.09140625000000001 0.477751756440281 0.0140625 0.01405152224824356
1 0.08125 0.47540983606557374 0.009375000000000001 0.01405152224824356
1 0.0625 0.477751756440281 0.009375000000000001 0.01405152224824356
1 0.049218750000000006 0.48243559718969553 0.0171875 0.01405152224824356
1 0.03359375 0.49882903981264637 0.0171875 0.01405152224824356
1 0.021875000000000002 0.4765807962529274 0.015625 0.02107728337236534
1 0.039843750000000004 0.43911007025761123 0.0203125 0.0351288056206089
1 0.2984375 0.5327868852459017 0.021875000000000002 0.02576112412177986
1 0.28203125 0.531615925058548 0.0171875 0.023419203747072598
1 0.24921875000000002 0.477751756440281 0.010937500000000001 0.01405152224824356
1 0.2609375 0.4601873536299766 0.009375000000000001 0.02107728337236534
1 0.26484375 0.4519906323185012 0.0078125 0.01873536299765808
1 0.26875 0.4344262295081967 0.00625 0.01639344262295082
1 0.27734375 0.42505854800936765 0.004687500000000001 0.02107728337236534
1 0.28125 0.4133489461358314 0.00625 0.02107728337236534
1 0.2890625 0.4133489461358314 0.009375000000000001 0.01639344262295082
1 0.28359375000000003 0.44028103044496486 0.0078125 0.01405152224824356
1 0.27578125000000003 0.4519906323185012 0.010937500000000001 0.01873536299765808
1 0.296875 0.4332552693208431 0.00625 0.01873536299765808
1 0.30625 0.4344262295081967 0.00625 0.011709601873536299
1 0.31640625 0.4215456674473068 0.0078125 0.01873536299765808
1 0.30234375 0.41569086651053866 0.010937500000000001 0.01639344262295082
1 0.3203125 0.405152224824356 0.0125 0.023419203747072598
1 0.2734375 0.4063231850117096 0.00625 0.011709601873536299
1 0.26484375 0.40749414519906324 0.010937500000000001 0.01405152224824356
1 0.26171875 0.4180327868852459 0.010937500000000001 0.01639344262295082
1 0.25859375 0.4332552693208431 0.010937500000000001 0.01405152224824356
1 0.24609375 0.4332552693208431 0.0078125 0.01405152224824356
1 0.246875 0.4133489461358314 0.009375000000000001 0.011709601873536299
1 0.24296875 0.4238875878220141 0.010937500000000001 0.01405152224824356
1 0.23359375000000002 0.4098360655737705 0.010937500000000001 0.01405152224824356
1 0.22265625 0.4063231850117096 0.010937500000000001 0.00702576112412178
1 0.21015625000000002 0.40398126463700235 0.0140625 0.011709601873536299
1 0.19921875 0.4063231850117096 0.0078125 0.01639344262295082
1 0.18984375 0.4063231850117096 0.010937500000000001 0.01639344262295082
1 0.18046875 0.4063231850117096 0.0078125 0.01639344262295082
1 0.17109375000000002 0.40866510538641687 0.010937500000000001 0.011709601873536299
1 0.16015625 0.39695550351288056 0.010937500000000001 0.011709601873536299
1 0.12890625 0.4180327868852459 0.010937500000000001 0.01639344262295082
1 0.1390625 0.41920374707259955 0.009375000000000001 0.01405152224824356
1 0.1484375 0.4203747072599532 0.009375000000000001 0.01639344262295082
1 0.15859375 0.4203747072599532 0.010937500000000001 0.01639344262295082
1 0.16875 0.4180327868852459 0.009375000000000001 0.011709601873536299
1 0.1796875 0.41920374707259955 0.0125 0.00936768149882904
1 0.19062500000000002 0.4203747072599532 0.009375000000000001 0.011709601873536299
1 0.19921875 0.42271662763466045 0.0078125 0.00702576112412178
1 0.21015625000000002 0.41451990632318503 0.0140625 0.00936768149882904
1 0.20625000000000002 0.4262295081967213 0.009375000000000001 0.00468384074941452
1 0.21640625000000002 0.4238875878220141 0.0078125 0.01405152224824356
1 0.2234375 0.4168618266978923 0.009375000000000001 0.00936768149882904
1 0.23046875 0.4297423887587822 0.010937500000000001 0.01639344262295082
1 0.23203125000000002 0.4309133489461358 0.0078125 0.01873536299765808
1 0.22031250000000002 0.43676814988290397 0.00625 0.01639344262295082
1 0.21171875 0.4379391100702576 0.010937500000000001 0.01405152224824356
1 0.253125 0.4519906323185012 0.0125 0.02810304449648712
1 0.23828125 0.4449648711943794 0.004687500000000001 0.00936768149882904
1 0.23125 0.4519906323185012 0.009375000000000001 0.01873536299765808
1 0.215625 0.4519906323185012 0.00625 0.00936768149882904
1 0.22031250000000002 0.4672131147540984 0.009375000000000001 0.011709601873536299
1 0.23359375000000002 0.46604215456674475 0.0078125 0.01405152224824356
1 0.2015625 0.4449648711943794 0.009375000000000001 0.00936768149882904
1 0.20859375000000002 0.45901639344262296 0.0078125 0.01405152224824356
1 0.19453125000000002 0.4613583138173302 0.010937500000000001 0.023419203747072598
1 0.18828125 0.4426229508196721 0.004687500000000001 0.01873536299765808
1 0.18125000000000002 0.4613583138173302 0.009375000000000001 0.01873536299765808
1 0.17578125 0.43911007025761123 0.0140625 0.02107728337236534
1 0.16796875 0.4531615925058548 0.0078125 0.01639344262295082
1 0.15781250000000002 0.4519906323185012 0.0125 0.01873536299765808
1 0.14453125 0.45550351288056207 0.0140625 0.02576112412177986
1 0.1328125 0.45433255269320844 0.009375000000000001 0.023419203747072598
1 0.12187500000000001 0.4531615925058548 0.0125 0.02107728337236534
1 0.11171875 0.45081967213114754 0.010937500000000001 0.02107728337236534
1 0.09843750000000001 0.4484777517564403 0.015625 0.01639344262295082
1 0.0859375 0.446135831381733 0.009375000000000001 0.02107728337236534
1 0.12734375 0.46955503512880564 0.0140625 0.02576112412177986
1 0.1421875 0.47540983606557374 0.0125 0.023419203747072598
1 0.11406250000000001 0.46955503512880564 0.015625 0.02576112412177986
1 0.10078125 0.4648711943793911 0.010937500000000001 0.01639344262295082
1 0.0921875 0.46955503512880564 0.0125 0.02107728337236534
1 0.06640625 0.45433255269320844 0.010937500000000001 0.01405152224824356
1 0.1546875 0.44028103044496486 0.0125 0.01405152224824356
1 0.16328125000000002 0.43676814988290397 0.0078125 0.01639344262295082
1 0.1453125 0.43911007025761123 0.009375000000000001 0.01639344262295082
1 0.134375 0.43911007025761123 0.0125 0.01639344262295082
1 0.1203125 0.43911007025761123 0.015625 0.01639344262295082
1 0.10703125000000001 0.4379391100702576 0.010937500000000001 0.01873536299765808
1 0.5867187500000001 0.5234192037470726 0.0140625 0.02107728337236534
1 0.6000000000000001 0.5210772833723654 0.0125 0.02576112412177986
1 0.6140625000000001 0.5199063231850117 0.015625 0.023419203747072598
1 0.62890625 0.5152224824355972 0.010937500000000001 0.023419203747072598
1 0.640625 0.5163934426229508 0.009375000000000001 0.01639344262295082
1 0.65390625 0.5163934426229508 0.0171875 0.01639344262295082
1 0.6687500000000001 0.5187353629976581 0.009375000000000001 0.02107728337236534
1 0.6820312500000001 0.5187353629976581 0.010937500000000001 0.02107728337236534
1 0.70078125 0.5187353629976581 0.010937500000000001 0.01639344262295082
1 0.7132812500000001 0.5175644028103045 0.010937500000000001 0.01873536299765808
1 0.72578125 0.5187353629976581 0.0140625 0.02107728337236534
1 0.73828125 0.5175644028103045 0.0140625 0.01873536299765808
1 0.7507812500000001 0.5175644028103045 0.0171875 0.023419203747072598
1 0.76484375 0.5175644028103045 0.010937500000000001 0.02810304449648712
1 0.77734375 0.5175644028103045 0.0140625 0.01873536299765808
1 0.7429687500000001 0.5398126463700235 0.010937500000000001 0.01639344262295082
1 0.73203125 0.5304449648711944 0.010937500000000001 0.01639344262295082
1 0.7132812500000001 0.5327868852459017 0.010937500000000001 0.02107728337236534
1 0.5859375 0.5011709601873536 0.0125 0.01405152224824356
1 0.6000000000000001 0.5035128805620609 0.009375000000000001 0.01405152224824356
1 0.6117187500000001 0.5011709601873536 0.010937500000000001 0.01405152224824356
1 0.6265625 0.5035128805620609 0.009375000000000001 0.01873536299765808
1 0.6375000000000001 0.5046838407494145 0.009375000000000001 0.01639344262295082
1 0.65234375 0.5023419203747073 0.0140625 0.011709601873536299
1 0.6648437500000001 0.5 0.0078125 0.01639344262295082
1 0.6781250000000001 0.49882903981264637 0.0125 0.01405152224824356
1 0.69140625 0.5011709601873536 0.0078125 0.01873536299765808
1 0.70859375 0.5035128805620609 0.010937500000000001 0.01405152224824356
1 0.7203125 0.5023419203747073 0.009375000000000001 0.011709601873536299
1 0.7484375000000001 0.5035128805620609 0.009375000000000001 0.01873536299765808
1 0.76171875 0.5023419203747073 0.010937500000000001 0.01639344262295082
1 0.7734375 0.5035128805620609 0.009375000000000001 0.023419203747072598
1 0.7671875 0.48360655737704916 0.0125 0.01639344262295082
1 0.7562500000000001 0.4859484777517564 0.009375000000000001 0.02107728337236534
1 0.7468750000000001 0.48711943793911006 0.009375000000000001 0.01873536299765808
1 0.7375 0.48711943793911006 0.009375000000000001 0.01873536299765808
1 0.7296875 0.4894613583138173 0.00625 0.01405152224824356
1 0.71796875 0.4859484777517564 0.0078125 0.01639344262295082
1 0.7039062500000001 0.4859484777517564 0.0078125 0.011709601873536299
1 0.6875 0.48243559718969553 0.0125 0.01873536299765808
1 0.57734375 0.38173302107728335 0.010937500000000001 0.01405152224824356
1 0.578125 0.39695550351288056 0.009375000000000001 0.01639344262295082
1 0.5789062500000001 0.4133489461358314 0.010937500000000001 0.01639344262295082
1 0.5796875 0.42857142857142855 0.009375000000000001 0.01405152224824356
1 0.58046875 0.44028103044496486 0.010937500000000001 0.00936768149882904
1 0.58046875 0.45433255269320844 0.0140625 0.01405152224824356
1 0.58203125 0.46955503512880564 0.0171875 0.01639344262295082
1 0.58515625 0.4847775175644028 0.010937500000000001 0.01405152224824356
1 0.5875 0.38173302107728335 0.0125 0.01873536299765808
1 0.58828125 0.3981264637002342 0.0078125 0.01405152224824356
1 0.58828125 0.4133489461358314 0.0078125 0.01639344262295082
1 0.58828125 0.4297423887587822 0.0078125 0.01639344262295082
1 0.5921875 0.4449648711943794 0.015625 0.00936768149882904
1 0.5945312500000001 0.4566744730679157 0.010937500000000001 0.01405152224824356
1 0.5953125 0.468384074941452 0.0125 0.00936768149882904
1 0.59609375 0.48360655737704916 0.010937500000000001 0.02107728337236534
1 0.60703125 0.48711943793911006 0.0140625 0.01405152224824356
1 0.6078125000000001 0.46955503512880564 0.0125 0.01639344262295082
1 0.60703125 0.45784543325526933 0.0078125 0.011709601873536299
1 0.603125 0.44379391100702575 0.009375000000000001 0.00702576112412178
1 0.603125 0.4297423887587822 0.009375000000000001 0.01639344262295082
1 0.6023437500000001 0.4133489461358314 0.0078125 0.01639344262295082
1 0.6078125000000001 0.3992974238875878 0.0125 0.01639344262295082
1 0.609375 0.37822014051522246 0.00625 0.01639344262295082
1 0.6109375 0.41217798594847777 0.00625 0.01405152224824356
1 0.61640625 0.45550351288056207 0.004687500000000001 0.011709601873536299
1 0.62421875 0.4718969555035129 0.0078125 0.011709601873536299
1 0.62109375 0.48243559718969553 0.004687500000000001 0.00936768149882904
1 0.6195312500000001 0.38992974238875877 0.0078125 0.00702576112412178
1 0.62109375 0.39695550351288056 0.004687500000000001 0.00702576112412178
1 0.62421875 0.40749414519906324 0.010937500000000001 0.01405152224824356
1 0.62265625 0.4274004683840749 0.0140625 0.02576112412177986
1 0.62421875 0.44730679156908665 0.0171875 0.01405152224824356
1 0.6335937500000001 0.46252927400468385 0.0140625 0.011709601873536299
1 0.6375000000000001 0.4812646370023419 0.009375000000000001 0.02107728337236534
1 0.64765625 0.47423887587822017 0.0140625 0.02107728337236534
1 0.64375 0.4613583138173302 0.009375000000000001 0.01405152224824356
1 0.640625 0.44379391100702575 0.009375000000000001 0.01639344262295082
1 0.62890625 0.3711943793911007 0.0078125 0.011709601873536299
1 0.62421875 0.3758782201405152 0.010937500000000001 0.011709601873536299
1 0.6265625 0.38992974238875877 0.009375000000000001 0.01639344262295082
1 0.6359375 0.40749414519906324 0.009375000000000001 0.00936768149882904
1 0.6375000000000001 0.4238875878220141 0.009375000000000001 0.01405152224824356
1 0.6484375 0.4133489461358314 0.009375000000000001 0.011709601873536299
1 0.6531250000000001 0.43559718969555034 0.015625 0.03278688524590164
1 0.66328125 0.48009367681498827 0.010937500000000001 0.01873536299765808
1 0.6726562500000001 0.47540983606557374 0.0078125 0.023419203747072598
1 0.6648437500000001 0.4519906323185012 0.0078125 0.01405152224824356
1 0.6640625 0.43911007025761123 0.009375000000000001 0.01639344262295082
1 0.6570312500000001 0.4215456674473068 0.0078125 0.01405152224824356
1 0.6492187500000001 0.4028103044496487 0.010937500000000001 0.01873536299765808
1 0.640625 0.39344262295081966 0.00625 0.01405152224824356
1 0.64765625 0.3711943793911007 0.0171875 0.011709601873536299
1 0.6625000000000001 0.373536299765808 0.003125 0.011709601873536299
1 0.6703125000000001 0.37236533957845436 0.009375000000000001 0.01405152224824356
1 0.6804687500000001 0.3711943793911007 0.0078125 0.01639344262295082
1 0.66015625 0.3840749414519906 0.010937500000000001 0.01405152224824356
1 0.675 0.3840749414519906 0.015625 0.00936768149882904
1 0.6640625 0.3957845433255269 0.009375000000000001 0.01405152224824356
1 0.665625 0.4098360655737705 0.009375000000000001 0.01873536299765808
1 0.6671875 0.4262295081967213 0.0125 0.01405152224824356
1 0.6796875 0.4426229508196721 0.0125 0.01873536299765808
1 0.68125 0.4613583138173302 0.015625 0.01873536299765808
1 0.69296875 0.45784543325526933 0.0140625 0.01639344262295082
1 0.6984375 0.47306791569086654 0.009375000000000001 0.01405152224824356
1 0.79453125 0.4637002341920375 0.010937500000000001 0.02810304449648712
1 0.78125 0.4613583138173302 0.00625 0.01873536299765808
1 0.7781250000000001 0.47423887587822017 0.0125 0.00702576112412178
1 0.7664062500000001 0.4601873536299766 0.0078125 0.02576112412177986
1 0.7718750000000001 0.4379391100702576 0.009375000000000001 0.02810304449648712
1 0.78046875 0.4274004683840749 0.0078125 0.0351288056206089
1 0.76953125 0.41569086651053866 0.004687500000000001 0.02107728337236534
1 0.7609375 0.4098360655737705 0.0125 0.023419203747072598
1 0.7601562500000001 0.39344262295081966 0.0140625 0.023419203747072598
1 0.7484375000000001 0.3911007025761124 0.009375000000000001 0.00936768149882904
1 0.7453125 0.3758782201405152 0.00625 0.01639344262295082
1 0.734375 0.37822014051522246 0.009375000000000001 0.02107728337236534
1 0.7390625000000001 0.39227166276346603 0.009375000000000001 0.011709601873536299
1 0.75390625 0.4274004683840749 0.0140625 0.03044496487119438
1 0.7546875000000001 0.45433255269320844 0.009375000000000001 0.02810304449648712
1 0.7445312500000001 0.45784543325526933 0.010937500000000001 0.02107728337236534
1 0.7406250000000001 0.4449648711943794 0.0125 0.01405152224824356
1 0.734375 0.43208430913348944 0.0125 0.011709601873536299
1 0.7375 0.4203747072599532 0.009375000000000001 0.02107728337236534
1 0.72265625 0.4168618266978923 0.004687500000000001 0.01405152224824356
1 0.7296875 0.40046838407494145 0.00625 0.01405152224824356
1 0.72421875 0.38524590163934425 0.004687500000000001 0.011709601873536299
1 0.71640625 0.3981264637002342 0.0078125 0.01405152224824356
1 0.7171875000000001 0.4133489461358314 0.00625 0.01639344262295082
1 0.7093750000000001 0.42857142857142855 0.009375000000000001 0.01405152224824356
1 0.703125 0.4601873536299766 0.015625 0.011709601873536299
1 0.7156250000000001 0.45081967213114754 0.009375000000000001 0.01639344262295082
1 0.7234375000000001 0.4332552693208431 0.0125 0.01873536299765808
1 0.72578125 0.4566744730679157 0.0078125 0.02810304449648712
1 0.68515625 0.42271662763466045 0.0140625 0.02576112412177986
1 0.69921875 0.4215456674473068 0.010937500000000001 0.01873536299765808
1 0.703125 0.40866510538641687 0.015625 0.02576112412177986
1 0.68515625 0.4063231850117096 0.010937500000000001 0.02576112412177986
1 0.696875 0.3864168618266979 0.00625 0.01873536299765808
1 0.665625 0.5362997658079626 0.0125 0.02810304449648712
1 0.6820312500000001 0.5374707259953162 0.0171875 0.02576112412177986
1 0.82578125 0.44730679156908665 0.010937500000000001 0.01405152224824356
1 0.8359375 0.4496487119437939 0.009375000000000001 0.00936768149882904
1 0.84921875 0.4531615925058548 0.0171875 0.01639344262295082
1 0.86328125 0.4531615925058548 0.010937500000000001 0.01639344262295082
1 0.8765625 0.45784543325526933 0.0125 0.02576112412177986
1 0.88671875 0.4519906323185012 0.010937500000000001 0.023419203747072598
1 0.91953125 0.5339578454332553 0.0171875 0.03747072599531616
1 0.9328125 0.5351288056206089 0.009375000000000001 0.0351288056206089
1 0.9453125 0.5351288056206089 0.015625 0.0351288056206089
1 0.95859375 0.5386416861826698 0.010937500000000001 0.02810304449648712
1 0.97265625 0.5433255269320844 0.010937500000000001 0.03747072599531616
1 0.98828125 0.5456674473067916 0.0171875 0.02810304449648712
1 0.9859375 0.5234192037470726 0.0125 0.01639344262295082
1 0.98828125 0.5128805620608899 0.0078125 0.01873536299765808
1 0.9906250000000001 0.5011709601873536 0.0125 0.01873536299765808
1 0.9773437500000001 0.5011709601873536 0.010937500000000001 0.023419203747072598
1 0.9625 0.5035128805620609 0.0125 0.01873536299765808
1 0.95078125 0.5070257611241218 0.0140625 0.02107728337236534
1 0.9343750000000001 0.5035128805620609 0.009375000000000001 0.01873536299765808
1 0.9234375 0.5023419203747073 0.0125 0.02107728337236534
1 0.9234375 0.4882903981264637 0.0125 0.02107728337236534
1 0.9382812500000001 0.4847775175644028 0.004687500000000001 0.023419203747072598
1 0.9500000000000001 0.4894613583138173 0.018750000000000003 0.03278688524590164
1 0.98046875 0.4929742388758782 0.0234375 0.02576112412177986
1 0.9875 0.4765807962529274 0.0125 0.02107728337236534
1 0.98203125 0.4613583138173302 0.010937500000000001 0.023419203747072598
1 0.9695312500000001 0.4613583138173302 0.0140625 0.023419203747072598
1 0.9578125000000001 0.4672131147540984 0.009375000000000001 0.0351288056206089
1 0.9484375 0.47306791569086654 0.009375000000000001 0.023419203747072598
1 0.9343750000000001 0.4707259953161593 0.018750000000000003 0.01873536299765808
1 0.9187500000000001 0.4672131147540984 0.0125 0.02107728337236534
1 0.8984375 0.4449648711943794 0.0125 0.01873536299765808
1 0.9109375000000001 0.4484777517564403 0.0125 0.011709601873536299
1 0.925 0.45081967213114754 0.015625 0.01639344262295082
1 0.95078125 0.446135831381733 0.0078125 0.02107728337236534
1 0.9398437500000001 0.4449648711943794 0.004687500000000001 0.01873536299765808
1 0.9640625 0.4449648711943794 0.009375000000000001 0.023419203747072598
1 0.97265625 0.44379391100702575 0.0078125 0.02576112412177986
1 0.984375 0.4379391100702576 0.0125 0.01873536299765808
1 0.82421875 0.4274004683840749 0.0140625 0.02107728337236534
1 0.8367187500000001 0.4274004683840749 0.010937500000000001 0.02107728337236534
1 0.84921875 0.4274004683840749 0.0140625 0.02107728337236534
1 0.8617187500000001 0.42857142857142855 0.0078125 0.023419203747072598
1 0.87109375 0.4262295081967213 0.0078125 0.01405152224824356
1 0.88203125 0.42857142857142855 0.0140625 0.01873536299765808
1 0.8953125000000001 0.4297423887587822 0.0125 0.01639344262295082
1 0.9109375000000001 0.4297423887587822 0.018750000000000003 0.01639344262295082
1 0.9281250000000001 0.4297423887587822 0.015625 0.01639344262295082
1 0.9453125 0.42505854800936765 0.0125 0.01639344262295082
1 0.9539062500000001 0.42505854800936765 0.0078125 0.02107728337236534
1 0.9703125 0.4203747072599532 0.009375000000000001 0.011709601873536299
1 0.98359375 0.4098360655737705 0.0078125 0.023419203747072598
1 0.9656250000000001 0.4063231850117096 0.0125 0.02576112412177986
1 0.9546875 0.40749414519906324 0.009375000000000001 0.023419203747072598
1 0.9453125 0.405152224824356 0.009375000000000001 0.01873536299765808
1 0.93515625 0.40398126463700235 0.010937500000000001 0.02107728337236534
1 0.92578125 0.40398126463700235 0.004687500000000001 0.01639344262295082
1 0.915625 0.405152224824356 0.0125 0.01873536299765808
1 0.90390625 0.40398126463700235 0.010937500000000001 0.01639344262295082
1 0.890625 0.405152224824356 0.015625 0.01405152224824356
1 0.878125 0.40398126463700235 0.003125 0.011709601873536299
1 0.8703125 0.40398126463700235 0.0125 0.011709601873536299
1 0.859375 0.40398126463700235 0.009375000000000001 0.011709601873536299
1 0.84921875 0.405152224824356 0.010937500000000001 0.00936768149882904
1 0.8382812500000001 0.4063231850117096 0.010937500000000001 0.011709601873536299
1 0.82421875 0.4063231850117096 0.0171875 0.011709601873536299
1 0.821875 0.39227166276346603 0.0125 0.01639344262295082
1 0.8328125000000001 0.38992974238875877 0.009375000000000001 0.011709601873536299
1 0.8453125 0.3864168618266979 0.009375000000000001 0.00936768149882904
1 0.85703125 0.3875878220140515 0.010937500000000001 0.011709601873536299
1 0.875 0.382903981264637 0.0125 0.02107728337236534
1 0.88671875 0.3875878220140515 0.010937500000000001 0.011709601873536299
1 0.90234375 0.38875878220140514 0.010937500000000001 0.00468384074941452
1 0.91171875 0.38875878220140514 0.0078125 0.01405152224824356
1 0.925 0.3840749414519906 0.00625 0.01873536299765808
1 0.940625 0.38173302107728335 0.0125 0.01405152224824356
1 0.9078125 0.373536299765808 0.009375000000000001 0.02107728337236534
1 0.8992187500000001 0.3758782201405152 0.0078125 0.01639344262295082
1 0.88671875 0.3711943793911007 0.010937500000000001 0.011709601873536299
1 0.8382812500000001 0.37236533957845436 0.0171875 0.01873536299765808
1 0.7953125000000001 0.38875878220140514 0.00625 0.023419203747072598
1 0.80234375 0.41217798594847777 0.0078125 0.023419203747072598
1 0.31171875000000004 0.6241217798594848 0.0171875 0.0351288056206089
1 0.9906250000000001 0.7412177985948478 0.003125 0.12412177985948478
