1 0.718 0.6012084592145015 0.048 0.18126888217522658
1 0.66 0.4607250755287009 0.028 0.10574018126888217
1 0.626 0.4516616314199396 0.024 0.09969788519637462
1 0.554 0.6238670694864048 0.048 0.1782477341389728
1 0.496 0.6555891238670695 0.044 0.1691842900302115
1 0.423 0.6268882175226587 0.046 0.17220543806646527
1 0.47700000000000004 0.5800604229607251 0.046 0.17522658610271905
1 0.29 0.6193353474320241 0.048 0.18731117824773413
1 0.221 0.6586102719033232 0.05 0.1933534743202417
1 0.169 0.6978851963746223 0.05 0.1933534743202417
1 0.808 0.6450151057401813 0.048 0.18429003021148035
1 0.9540000000000001 0.6948640483383686 0.048 0.17522658610271905
1 0.789 0.46827794561933533 0.026000000000000002 0.09667673716012085
1 0.75 0.28700906344410876 0.016 0.030211480362537763
1 0.777 0.29003021148036257 0.018000000000000002 0.030211480362537763
