1 0.041 0.40524193548387094 0.082 0.42338709677419356
1 0.1 0.4133064516129032 0.068 0.3346774193548387
1 0.137 0.5120967741935484 0.11 0.5403225806451613
1 0.209 0.3850806451612903 0.07 0.34274193548387094
1 0.259 0.4193548387096774 0.05 0.25
1 0.289 0.4254032258064516 0.05 0.2540322580645161
1 0.368 0.532258064516129 0.12 0.5967741935483871
1 0.439 0.44556451612903225 0.098 0.4959677419354839
1 0.494 0.5060483870967741 0.088 0.4314516129032258
1 0.526 0.4495967741935484 0.088 0.4475806451612903
1 0.548 0.4213709677419355 0.076 0.375
1 0.5750000000000001 0.3951612903225806 0.05 0.25806451612903225
1 0.633 0.4012096774193548 0.034 0.17338709677419353
1 0.675 0.4637096774193548 0.066 0.33064516129032256
1 0.6940000000000001 0.4274193548387097 0.06 0.3064516129032258
1 0.726 0.4133064516129032 0.064 0.3185483870967742
1 0.769 0.4475806451612903 0.08600000000000001 0.43548387096774194
1 0.807 0.45564516129032256 0.066 0.33064516129032256
1 0.8200000000000001 0.4475806451612903 0.076 0.3709677419354839
1 0.893 0.3286290322580645 0.046 0.22983870967741934
1 0.9470000000000001 0.4798387096774193 0.106 0.532258064516129
1 0.403 0.4193548387096774 0.058 0.29032258064516125
1 0.252 0.2560483870967742 0.028 0.06854838709677419
1 0.274 0.2701612903225806 0.02 0.07258064516129031
1 0.29 0.2600806451612903 0.012 0.07661290322580645
1 0.308 0.29435483870967744 0.016 0.08870967741935484
1 0.176 0.2762096774193548 0.028 0.07661290322580645
1 0.99 0.29032258064516125 0.02 0.08870967741935484
1 0.862 0.2963709677419355 0.028 0.06048387096774194
