1 0.156 0.6494661921708185 0.076 0.3380782918149466
1 0.9570000000000001 0.38967971530249107 0.034 0.16014234875444838
1 0.902 0.38434163701067614 0.048 0.21352313167259784
1 0.23 0.48042704626334515 0.032 0.1494661921708185
1 0.262 0.49110320284697506 0.04 0.1779359430604982
1 0.292 0.4893238434163701 0.044 0.18861209964412812
1 0.328 0.494661921708185 0.044 0.199288256227758
1 0.355 0.494661921708185 0.038 0.1779359430604982
1 0.398 0.47330960854092524 0.04 0.18505338078291814
1 0.434 0.47330960854092524 0.048 0.21352313167259784
1 0.47200000000000003 0.4750889679715302 0.048 0.21708185053380782
1 0.529 0.46441281138790036 0.054 0.23131672597864766
1 0.585 0.4572953736654804 0.05 0.22419928825622776
1 0.643 0.4483985765124555 0.05 0.21352313167259784
1 0.6920000000000001 0.4270462633451957 0.06 0.26334519572953735
1 0.74 0.400355871886121 0.06 0.27402135231316727
1 0.8130000000000001 0.5177935943060498 0.034 0.14590747330960854
1 0.772 0.44306049822064053 0.056 0.24555160142348753
1 0.308 0.3274021352313167 0.02 0.028469750889679714
1 0.279 0.3701067615658363 0.022 0.03558718861209964
1 0.316 0.3558718861209964 0.028 0.028469750889679714
1 0.34500000000000003 0.3594306049822064 0.018000000000000002 0.042704626334519574
1 0.375 0.3701067615658363 0.022 0.03558718861209964
1 0.389 0.34519572953736655 0.022 0.03558718861209964
1 0.389 0.3042704626334519 0.014 0.03202846975088968
1 0.41300000000000003 0.32206405693950174 0.022 0.03914590747330961
1 0.432 0.3060498220640569 0.02 0.0498220640569395
1 0.45 0.3362989323843416 0.024 0.060498220640569395
1 0.494 0.33274021352313166 0.024 0.046263345195729534
1 0.49 0.29359430604982206 0.024 0.03914590747330961
1 0.517 0.32206405693950174 0.026000000000000002 0.05338078291814946
1 0.544 0.3416370106761566 0.028 0.05693950177935943
1 0.535 0.2864768683274021 0.022 0.046263345195729534
1 0.5650000000000001 0.30249110320284694 0.022 0.03558718861209964
1 0.6 0.3238434163701067 0.028 0.05693950177935943
1 0.608 0.26334519572953735 0.024 0.03558718861209964
1 0.624 0.30782918149466193 0.02 0.03914590747330961
1 0.65 0.298932384341637 0.024 0.05693950177935943
1 0.775 0.27580071174377224 0.034 0.08185053380782918
1 0.809 0.5658362989323843 0.042 0.07117437722419928
1 0.727 0.5622775800711743 0.034 0.06405693950177936
1 0.661 0.5516014234875445 0.034 0.0498220640569395
1 0.611 0.5587188612099644 0.038 0.06405693950177936
1 0.555 0.5604982206405693 0.038 0.07473309608540925
1 0.494 0.5729537366548042 0.028 0.06405693950177936
1 0.446 0.5747330960854092 0.028 0.060498220640569395
1 0.41200000000000003 0.6138790035587188 0.016 0.05338078291814946
1 0.396 0.6476868327402134 0.028 0.05693950177935943
1 0.389 0.588967971530249 0.022 0.05338078291814946
1 0.359 0.5960854092526691 0.026000000000000002 0.06761565836298931
1 0.313 0.592526690391459 0.022 0.060498220640569395
1 0.272 0.592526690391459 0.028 0.060498220640569395
1 0.231 0.5818505338078291 0.034 0.05338078291814946
1 0.203 0.6120996441281138 0.026000000000000002 0.042704626334519574
