1 0.032 0.44578313253012053 0.064 0.24698795180722893
1 0.057 0.43222891566265065 0.07 0.2560240963855422
1 0.09 0.45180722891566266 0.064 0.23493975903614459
1 0.124 0.44427710843373497 0.07200000000000001 0.2680722891566265
1 0.16 0.4849397590361446 0.06 0.22289156626506026
1 0.291 0.4984939759036145 0.05 0.1897590361445783
1 0.185 0.44728915662650603 0.066 0.25
1 0.212 0.44427710843373497 0.068 0.2560240963855422
1 0.233 0.4352409638554217 0.066 0.24397590361445784
1 0.305 0.4412650602409639 0.058 0.213855421686747
1 0.34400000000000003 0.44578313253012053 0.06 0.22891566265060243
1 0.389 0.44578313253012053 0.062 0.22891566265060243
1 0.428 0.48945783132530124 0.048 0.18373493975903615
1 0.467 0.45030120481927716 0.062 0.23192771084337352
1 0.503 0.4126506024096386 0.058 0.21084337349397592
1 0.538 0.49397590361445787 0.048 0.18674698795180725
1 0.556 0.4292168674698795 0.068 0.2560240963855422
1 0.605 0.43975903614457834 0.066 0.24096385542168675
1 0.579 0.4292168674698795 0.062 0.23192771084337352
1 0.632 0.43975903614457834 0.064 0.24096385542168675
1 0.68 0.4548192771084338 0.06 0.22289156626506026
1 0.736 0.43222891566265065 0.068 0.2560240963855422
1 0.794 0.5030120481927711 0.044 0.16265060240963855
1 0.795 0.43373493975903615 0.066 0.24698795180722893
1 0.834 0.4246987951807229 0.068 0.24698795180722893
1 0.861 0.42620481927710846 0.066 0.25
1 0.89 0.42168674698795183 0.064 0.23493975903614459
1 0.925 0.480421686746988 0.046 0.1716867469879518
1 0.924 0.4246987951807229 0.068 0.24698795180722893
1 0.9420000000000001 0.43975903614457834 0.064 0.23493975903614459
1 0.966 0.42168674698795183 0.068 0.25903614457831325
1 0.977 0.43373493975903615 0.046 0.2530120481927711
1 0.192 0.27710843373493976 0.024 0.042168674698795185
1 0.249 0.2801204819277109 0.026000000000000002 0.042168674698795185
1 0.303 0.27710843373493976 0.026000000000000002 0.024096385542168676
1 0.358 0.2816265060240964 0.032 0.03313253012048193
1 0.47900000000000004 0.30120481927710846 0.026000000000000002 0.024096385542168676
1 0.418 0.34789156626506024 0.024 0.045180722891566265
1 0.279 0.3493975903614458 0.026000000000000002 0.05421686746987952
1 0.677 0.34638554216867473 0.03 0.04819277108433735
1 0.77 0.34036144578313254 0.024 0.03614457831325302
1 0.874 0.3433734939759036 0.024 0.042168674698795185
