1 0.28375 0.47932330827067665 0.0525 0.19924812030075187
1 0.058750000000000004 0.6842105263157894 0.11750000000000001 0.5263157894736842
1 0.32375 0.7274436090225563 0.1375 0.5075187969924811
1 0.39 0.47932330827067665 0.06 0.22932330827067668
1 0.45625 0.46240601503759393 0.0475 0.18045112781954886
1 0.43 0.7293233082706767 0.13 0.47368421052631576
1 0.53 0.7030075187969924 0.14 0.518796992481203
1 0.6012500000000001 0.7180451127819548 0.1325 0.49624060150375937
1 0.665 0.706766917293233 0.145 0.5413533834586466
1 0.755 0.7161654135338346 0.145 0.537593984962406
1 0.80875 0.6898496240601504 0.1525 0.5601503759398496
1 0.84125 0.6992481203007519 0.1375 0.5112781954887218
1 0.93 0.7011278195488722 0.14 0.5601503759398496
1 0.54 0.4041353383458646 0.03 0.06390977443609022
1 0.50875 0.40601503759398494 0.0275 0.06015037593984962
