1 0.0775 0.49624765478424016 0.09 0.3320825515947467
1 0.064375 0.4427767354596623 0.07625 0.2851782363977486
1 0.161875 0.4718574108818011 0.07875 0.2870544090056285
1 0.199375 0.48874296435272047 0.08375 0.3058161350844278
1 0.25 0.45121951219512196 0.08 0.29831144465290804
1 0.29 0.575046904315197 0.0775 0.29080675422138835
1 0.605625 0.34615384615384615 0.07625 0.28330206378986866
1 0.576875 0.3452157598499062 0.05625 0.21013133208255158
1 0.34375 0.1022514071294559 0.055 0.20075046904315197
1 0.41875 0.08818011257035648 0.0425 0.16135084427767354
1 0.468125 0.06566604127579738 0.02375 0.09380863039399624
1 0.29375 0.09099437148217636 0.045 0.17073170731707318
1 0.691875 0.3677298311444653 0.07625 0.2851782363977486
1 0.75625 0.3602251407129456 0.0825 0.3076923076923077
1 0.8075 0.42026266416510316 0.07 0.2551594746716698
1 0.8675 0.4727954971857411 0.0575 0.21388367729831145
1 0.9525 0.4643527204502814 0.055 0.2045028142589118
1 0.9081250000000001 0.34709193245778613 0.04875 0.1801125703564728
1 0.983125 0.41369606003752346 0.03375 0.21951219512195122
1 0.356875 0.42401500938086306 0.05375 0.19887429643527205
1 0.5825 0.6378986866791745 0.0475 0.075046904315197
1 0.50625 0.5478424015009381 0.0325 0.0675422138836773
1 0.538125 0.5675422138836773 0.03375 0.054409005628517824
1 0.558125 0.5469043151969981 0.02375 0.06566604127579738
1 0.564375 0.47842401500938087 0.03375 0.0450281425891182
1 0.52375 0.3902439024390244 0.025 0.05628517823639775
1 0.39875 0.5121951219512195 0.02 0.0900562851782364
1 0.465 0.36866791744840527 0.0275 0.054409005628517824
1 0.44875 0.2870544090056285 0.0225 0.05628517823639775
1 0.474375 0.2954971857410882 0.01875 0.054409005628517824
1 0.3325 0.31894934333958724 0.03 0.06378986866791744
1 0.389375 0.30206378986866794 0.02875 0.0675422138836773
1 0.578125 0.14915572232645402 0.03625 0.05065666041275797
1 0.536875 0.17917448405253283 0.01875 0.03189493433395872
1 0.509375 0.16322701688555347 0.01875 0.0300187617260788
1 0.4675 0.13320825515947468 0.025 0.04127579737335835
1 0.324375 0.15572232645403378 0.03125 0.04127579737335835
1 0.25875 0.15196998123827393 0.03 0.052532833020637895
1 0.13625 0.12195121951219512 0.0275 0.0375234521575985
1 0.10125 0.13414634146341464 0.0225 0.039399624765478425
1 0.43875000000000003 0.39587242026266417 0.0325 0.0600375234521576
