1 0.10083333333333334 0.5892857142857143 0.04833333333333334 0.16904761904761906
1 0.25916666666666666 0.5916666666666667 0.045000000000000005 0.15476190476190477
1 0.29250000000000004 0.5523809523809524 0.025 0.09047619047619049
1 0.32333333333333336 0.6559523809523811 0.09666666666666668 0.3452380952380953
1 0.4116666666666667 0.5583333333333333 0.03666666666666667 0.13571428571428573
1 0.4633333333333334 0.5380952380952382 0.03333333333333333 0.12380952380952381
1 0.5358333333333334 0.5261904761904762 0.021666666666666667 0.08095238095238096
1 0.5816666666666667 0.5452380952380953 0.03666666666666667 0.13333333333333336
1 0.6125 0.5261904761904762 0.03166666666666667 0.10952380952380954
1 0.6425000000000001 0.6142857142857143 0.06833333333333334 0.24285714285714288
1 0.7266666666666667 0.5547619047619048 0.04666666666666667 0.17142857142857143
1 0.7733333333333334 0.6047619047619048 0.08333333333333334 0.29523809523809524
1 0.88 0.5952380952380953 0.08666666666666667 0.30000000000000004
1 0.36250000000000004 0.5297619047619048 0.018333333333333333 0.06904761904761905
1 0.2758333333333334 0.5142857142857143 0.011666666666666667 0.014285714285714287
