1 0.98375 0.5828625235404896 0.0325 0.1751412429378531
1 0.9475 0.5414312617702448 0.0275 0.10734463276836158
1 0.928125 0.524482109227872 0.02625 0.09981167608286252
1 0.915 0.5602636534839924 0.0375 0.14124293785310735
1 0.89875 0.611111111111111 0.0625 0.2278719397363465
1 0.865625 0.5414312617702448 0.03125 0.11487758945386063
1 0.83625 0.5941619585687382 0.05 0.18267419962335216
1 0.7993750000000001 0.564030131826742 0.03875 0.14124293785310735
1 0.76375 0.5555555555555556 0.0325 0.12429378531073446
1 0.735 0.6666666666666666 0.0825 0.30508474576271183
1 0.711875 0.6148775894538606 0.06125 0.22410546139359697
1 0.691875 0.5922787193973634 0.04125 0.15630885122410546
1 0.6637500000000001 0.5649717514124294 0.0375 0.1431261770244821
1 0.6525 0.547080979284369 0.035 0.1337099811676083
1 0.63875 0.5329566854990584 0.025 0.0903954802259887
1 0.626875 0.5216572504708098 0.02375 0.0903954802259887
1 0.6175 0.5112994350282486 0.0225 0.0847457627118644
1 0.521875 0.615819209039548 0.05375 0.19962335216572505
1 0.535625 0.5819209039548022 0.043750000000000004 0.16195856873822975
1 0.54875 0.5630885122410546 0.04 0.14689265536723164
1 0.563125 0.5480225988700564 0.03125 0.12052730696798493
1 0.419375 0.6930320150659134 0.07875 0.2900188323917137
1 0.486875 0.5310734463276836 0.02375 0.09416195856873823
1 0.49562500000000004 0.5084745762711864 0.01625 0.064030131826742
1 0.471875 0.5451977401129944 0.02875 0.1111111111111111
1 0.45375 0.5536723163841808 0.03 0.11299435028248588
1 0.434375 0.5649717514124294 0.03375 0.128060263653484
1 0.393125 0.5903954802259886 0.043750000000000004 0.16760828625235405
1 0.3525 0.6261770244821092 0.05 0.18267419962335216
1 0.381875 0.5433145009416196 0.02625 0.09981167608286252
1 0.36125 0.5357815442561205 0.02 0.07344632768361582
1 0.333125 0.5235404896421846 0.01875 0.07532956685499058
1 0.3125 0.5659133709981168 0.0375 0.1374764595103578
1 0.264375 0.5856873822975518 0.04625 0.1694915254237288
1 0.20125 0.6177024482109228 0.05 0.1845574387947269
1 0.22625 0.5357815442561205 0.025 0.09604519774011298
1 0.236875 0.5263653483992466 0.01875 0.07344632768361582
1 0.209375 0.5696798493408662 0.03125 0.11864406779661016
1 0.185625 0.5404896421845574 0.02125 0.08286252354048963
1 0.166875 0.5348399246704332 0.02375 0.0903954802259887
1 0.146875 0.5866290018832392 0.03625 0.1337099811676083
1 0.13125 0.559322033898305 0.03 0.10922787193973635
1 0.11625 0.5423728813559322 0.03 0.10922787193973635
1 0.075 0.6026365348399246 0.045 0.1694915254237288
1 0.085 0.5621468926553672 0.03 0.11487758945386063
1 0.100625 0.5291902071563088 0.02125 0.0790960451977401
1 0.059375000000000004 0.5564971751412429 0.02625 0.10357815442561205
1 0.045 0.5414312617702448 0.025 0.09604519774011298
1 0.03375 0.5263653483992466 0.0175 0.06967984934086628
1 0.0175 0.5357815442561205 0.02 0.07721280602636535
1 0.58 0.48493408662900184 0.01 0.04331450094161959
