1 0.124 0.199288256227758 0.068 0.3060498220640569
1 0.151 0.1690391459074733 0.058 0.25266903914590744
1 0.139 0.2597864768683274 0.05 0.21352313167259784
1 0.063 0.5871886120996441 0.106 0.4626334519572953
1 0.147 0.6672597864768683 0.106 0.46619217081850534
1 0.194 0.4697508896797153 0.088 0.39145907473309605
1 0.126 0.5462633451957295 0.108 0.47330960854092524
1 0.28 0.29359430604982206 0.07200000000000001 0.3167259786476868
1 0.312 0.7259786476868327 0.116 0.5124555160142349
1 0.5740000000000001 0.7384341637010676 0.116 0.5017793594306049
1 0.535 0.4555160142348754 0.074 0.3274021352313167
1 0.659 0.23131672597864766 0.066 0.2918149466192171
1 0.737 0.6459074733096085 0.10200000000000001 0.45195729537366547
1 0.9420000000000001 0.4252669039145907 0.076 0.3309608540925267
1 0.894 0.43416370106761565 0.08 0.3487544483985765
1 0.848 0.6103202846975089 0.1 0.4377224199288256
1 0.809 0.5765124555160142 0.082 0.3558718861209964
1 0.025 0.199288256227758 0.05 0.32028469750889677
1 0.038 0.12633451957295372 0.028 0.17437722419928825
1 0.032 0.28113879003558717 0.06 0.24199288256227758
1 0.20600000000000002 0.14768683274021352 0.056 0.15302491103202845
1 0.224 0.05693950177935943 0.024 0.07117437722419928
1 0.244 0.11387900355871886 0.032 0.1779359430604982
1 0.28400000000000003 0.09430604982206406 0.06 0.1387900355871886
1 0.4 0.06761565836298931 0.036000000000000004 0.07117437722419928
1 0.301 0.37722419928825623 0.126 0.1708185053380783
1 0.401 0.3558718861209964 0.08600000000000001 0.21352313167259784
1 0.483 0.38434163701067614 0.066 0.19217081850533807
1 0.115 0.8042704626334519 0.226 0.3701067615658363
1 0.317 0.8879003558718861 0.178 0.20284697508896796
1 0.738 0.8487544483985765 0.136 0.2882562277580071
1 0.8170000000000001 0.33451957295373663 0.08600000000000001 0.15658362989323843
1 0.844 0.30249110320284694 0.052000000000000005 0.199288256227758
1 0.885 0.2669039145907473 0.042 0.12811387900355872
