1 0.019 0.7335329341317366 0.038 0.14970059880239522
1 0.017 0.6766467065868264 0.034 0.15568862275449102
1 0.041 0.7320359281437127 0.034 0.1287425149700599
1 0.056 0.7155688622754491 0.028 0.11377245508982037
1 0.07 0.7125748502994013 0.028 0.10179640718562875
1 0.078 0.7155688622754491 0.028 0.10179640718562875
1 0.10200000000000001 0.7110778443113773 0.036000000000000004 0.1347305389221557
1 0.125 0.7245508982035929 0.034 0.1317365269461078
1 0.17200000000000001 0.7919161676646707 0.04 0.15269461077844312
1 0.248 0.8203592814371258 0.044 0.16766467065868265
1 0.299 0.8398203592814372 0.046 0.17664670658682635
1 0.28500000000000003 0.7230538922155689 0.038 0.1407185628742515
1 0.36 0.8682634730538923 0.052000000000000005 0.19760479041916168
1 0.426 0.8488023952095809 0.044 0.17065868263473055
1 0.499 0.8263473053892216 0.046 0.17365269461077845
1 0.579 0.847305389221557 0.05 0.17964071856287425
1 0.654 0.8847305389221557 0.052000000000000005 0.18862275449101798
1 0.733 0.847305389221557 0.046 0.16766467065868265
1 0.784 0.8233532934131736 0.044 0.16766467065868265
1 0.8300000000000001 0.7964071856287426 0.04 0.15568862275449102
1 0.804 0.7245508982035929 0.032 0.11976047904191617
1 0.8250000000000001 0.718562874251497 0.042 0.15568862275449102
1 0.837 0.7305389221556887 0.038 0.14371257485029942
1 0.871 0.7679640718562875 0.034 0.1347305389221557
1 0.857 0.751497005988024 0.034 0.125748502994012
1 0.889 0.7649700598802396 0.042 0.15868263473053892
1 0.908 0.7664670658682635 0.04 0.14371257485029942
1 0.924 0.751497005988024 0.028 0.10778443113772455
1 0.9450000000000001 0.8008982035928144 0.042 0.16467065868263475
1 0.962 0.7934131736526947 0.04 0.14371257485029942
1 0.985 0.7709580838323353 0.03 0.1287425149700599
1 0.979 0.7365269461077845 0.038 0.1377245508982036
1 0.023 0.655688622754491 0.018000000000000002 0.023952095808383235
1 0.055 0.6676646706586826 0.014 0.04790419161676647
1 0.054 0.6197604790419162 0.016 0.035928143712574856
1 0.07100000000000001 0.6182634730538923 0.018000000000000002 0.038922155688622756
1 0.846 0.6616766467065869 0.024 0.04790419161676647
1 0.762 0.7395209580838323 0.044 0.059880239520958084
1 0.873 0.688622754491018 0.018000000000000002 0.04191616766467066
1 0.892 0.6706586826347306 0.02 0.023952095808383235
1 0.879 0.9041916167664671 0.058 0.11377245508982037
1 0.895 0.8413173652694611 0.042 0.09580838323353294
1 0.991 0.7005988023952097 0.006 0.059880239520958084
