1 0.743298969072165 0.6634877384196185 0.10927835051546392 0.3569482288828338
1 0.6154639175257732 0.7057220708446866 0.088659793814433 0.2888283378746594
1 0.6 0.6444141689373297 0.09072164948453608 0.29155313351498635
1 0.5608247422680412 0.6267029972752043 0.08247422680412371 0.2724795640326975
1 0.5195876288659794 0.6171662125340599 0.08247422680412371 0.27520435967302453
1 0.43608247422680413 0.6049046321525885 0.08041237113402062 0.2670299727520436
1 0.016494845360824743 0.47956403269754766 0.032989690721649485 0.16893732970027248
1 0.03814432989690722 0.47275204359673023 0.05567010309278351 0.1771117166212534
1 0.0979381443298969 0.48092643051771117 0.04742268041237113 0.16076294277929154
1 0.01958762886597938 0.5544959128065395 0.03917525773195876 0.1662125340599455
1 0.050515463917525774 0.5517711171662125 0.051546391752577324 0.1662125340599455
1 0.08556701030927835 0.5613079019073569 0.04742268041237113 0.15258855585831063
1 0.1309278350515464 0.553133514986376 0.04329896907216495 0.14713896457765668
1 0.17422680412371133 0.5544959128065395 0.04329896907216495 0.13896457765667575
1 0.22061855670103092 0.555858310626703 0.04536082474226804 0.14713896457765668
1 0.23402061855670103 0.5040871934604905 0.05979381443298969 0.19618528610354222
1 0.29690721649484536 0.5177111716621253 0.04948453608247423 0.16893732970027248
1 0.10927835051546392 0.4128065395095368 0.024742268041237116 0.05722070844686648
1 0.2154639175257732 0.4523160762942779 0.03505154639175258 0.08719346049046321
1 0.24329896907216494 0.41689373297002724 0.04536082474226804 0.11444141689373297
1 0.31649484536082473 0.47411444141689374 0.03505154639175258 0.08719346049046321
1 0.3 0.7098092643051771 0.11752577319587629 0.23705722070844687
1 0.3505154639175258 0.7493188010899182 0.2845360824742268 0.2125340599455041
1 0.6061855670103093 0.779291553133515 0.2268041237113402 0.2506811989100817
1 0.4381443298969072 0.667574931880109 0.08453608247422681 0.2506811989100817
1 0.36082474226804123 0.5953678474114441 0.10309278350515465 0.26430517711171664
1 0.5381443298969072 0.7002724795640327 0.07010309278350516 0.22343324250681199
