1 0.9575 0.5767716535433071 0.06166666666666667 0.35826771653543305
1 0.9208333333333334 0.47244094488188976 0.05166666666666667 0.2992125984251969
1 0.9091666666666667 0.4271653543307087 0.04166666666666667 0.24803149606299213
1 0.8933333333333334 0.39763779527559057 0.030000000000000002 0.1732283464566929
1 0.8791666666666668 0.4015748031496063 0.028333333333333335 0.1732283464566929
1 0.8650000000000001 0.3641732283464567 0.030000000000000002 0.16929133858267717
1 0.8616666666666667 0.33267716535433073 0.023333333333333334 0.1377952755905512
1 0.8491666666666667 0.31299212598425197 0.021666666666666667 0.12992125984251968
1 0.75 0.5610236220472441 0.08 0.46062992125984253
1 0.6541666666666667 0.6456692913385826 0.09166666666666667 0.5275590551181102
1 0.19 0.6220472440944882 0.10333333333333335 0.5984251968503937
1 0.12666666666666668 0.5374015748031497 0.08666666666666667 0.5
1 0.06166666666666667 0.46653543307086615 0.06666666666666667 0.38976377952755903
1 0.03166666666666667 0.40551181102362205 0.06333333333333334 0.36220472440944884
1 0.07500000000000001 0.24606299212598426 0.03333333333333333 0.19291338582677164
1 0.14500000000000002 0.2736220472440945 0.03333333333333333 0.19291338582677164
1 0.16833333333333333 0.20866141732283464 0.023333333333333334 0.14960629921259844
1 0.2366666666666667 0.36811023622047245 0.05 0.3031496062992126
1 0.21333333333333335 0.23031496062992127 0.030000000000000002 0.16929133858267717
1 0.25583333333333336 0.23818897637795275 0.03166666666666667 0.18503937007874016
1 0.31833333333333336 0.4035433070866142 0.05666666666666667 0.3346456692913386
1 0.29000000000000004 0.20669291338582677 0.016666666666666666 0.1062992125984252
1 0.30333333333333334 0.18503937007874016 0.016666666666666666 0.09448818897637795
1 0.3466666666666667 0.19881889763779528 0.016666666666666666 0.1062992125984252
1 0.36833333333333335 0.19685039370078738 0.016666666666666666 0.09448818897637795
1 0.38583333333333336 0.1732283464566929 0.011666666666666667 0.07874015748031496
1 0.4 0.18110236220472442 0.01 0.07086614173228346
1 0.4166666666666667 0.19488188976377951 0.016666666666666666 0.09842519685039369
1 0.43000000000000005 0.18700787401574803 0.013333333333333334 0.09055118110236221
1 0.4491666666666667 0.20078740157480315 0.015000000000000001 0.09448818897637795
1 0.4141666666666667 0.5059055118110236 0.06833333333333334 0.40551181102362205
1 0.49250000000000005 0.39960629921259844 0.04833333333333334 0.2795275590551181
1 0.4591666666666667 0.18110236220472442 0.008333333333333333 0.06299212598425197
1 0.4791666666666667 0.1889763779527559 0.011666666666666667 0.07874015748031496
1 0.48833333333333334 0.19291338582677164 0.013333333333333334 0.08661417322834646
1 0.49583333333333335 0.19881889763779528 0.015000000000000001 0.0826771653543307
1 0.5016666666666667 0.20078740157480315 0.013333333333333334 0.08661417322834646
1 0.5133333333333334 0.1889763779527559 0.013333333333333334 0.07874015748031496
1 0.5216666666666667 0.19291338582677164 0.01 0.06299212598425197
1 0.5316666666666667 0.19291338582677164 0.01 0.07086614173228346
1 0.5433333333333333 0.19488188976377951 0.01 0.05905511811023622
1 0.5583333333333333 0.1830708661417323 0.013333333333333334 0.0826771653543307
1 0.5733333333333334 0.2874015748031496 0.02666666666666667 0.1653543307086614
1 0.5741666666666667 0.19488188976377951 0.011666666666666667 0.07480314960629922
1 0.6008333333333333 0.39763779527559057 0.045000000000000005 0.25984251968503935
1 0.625 0.3543307086614173 0.03666666666666667 0.2204724409448819
1 0.645 0.3346456692913386 0.03333333333333333 0.1889763779527559
1 0.6641666666666667 0.2952755905511811 0.028333333333333335 0.1732283464566929
1 0.6766666666666667 0.29133858267716534 0.030000000000000002 0.1732283464566929
1 0.6891666666666667 0.2795275590551181 0.028333333333333335 0.1653543307086614
1 0.7008333333333334 0.26968503937007876 0.021666666666666667 0.1220472440944882
1 0.7116666666666667 0.26771653543307083 0.016666666666666666 0.11023622047244094
1 0.7200000000000001 0.25196850393700787 0.016666666666666666 0.09448818897637795
1 0.7316666666666667 0.2578740157480315 0.013333333333333334 0.09055118110236221
1 0.0125 0.1377952755905512 0.015000000000000001 0.10236220472440945
1 0.029166666666666667 0.1279527559055118 0.018333333333333333 0.07480314960629922
1 0.04916666666666667 0.13582677165354332 0.021666666666666667 0.06692913385826771
1 0.05416666666666667 0.21850393700787402 0.03166666666666667 0.1062992125984252
1 0.015000000000000001 0.2440944881889764 0.02666666666666667 0.13385826771653542
1 0.08750000000000001 0.16929133858267717 0.015000000000000001 0.07086614173228346
1 0.07 0.13188976377952755 0.016666666666666666 0.0826771653543307
1 0.115 0.17913385826771652 0.03333333333333333 0.11417322834645668
1 0.18416666666666667 0.25393700787401574 0.04166666666666667 0.1062992125984252
1 0.15333333333333335 0.1377952755905512 0.03333333333333333 0.07874015748031496
1 0.1991666666666667 0.15748031496062992 0.028333333333333335 0.07874015748031496
1 0.23583333333333334 0.1437007874015748 0.018333333333333333 0.05905511811023622
1 0.28500000000000003 0.13582677165354332 0.013333333333333334 0.027559055118110236
1 0.275 0.1437007874015748 0.016666666666666666 0.051181102362204724
1 0.26166666666666666 0.13582677165354332 0.01 0.03543307086614173
1 0.29500000000000004 0.6791338582677166 0.29333333333333333 0.5944881889763779
1 0.33083333333333337 0.14566929133858267 0.011666666666666667 0.047244094488188976
1 0.3125 0.13582677165354332 0.015000000000000001 0.03543307086614173
1 0.795 0.34448818897637795 0.08333333333333334 0.12992125984251968
1 0.7625000000000001 0.28346456692913385 0.04166666666666667 0.08661417322834646
1 0.7841666666666667 0.25393700787401574 0.025 0.06692913385826771
1 0.8341666666666667 0.2421259842519685 0.018333333333333333 0.05905511811023622
1 0.8283333333333334 0.23228346456692914 0.02 0.06299212598425197
1 0.785 0.22244094488188976 0.023333333333333334 0.04330708661417323
1 0.6216666666666667 0.23031496062992127 0.023333333333333334 0.051181102362204724
1 0.6000000000000001 0.24015748031496062 0.03333333333333333 0.07874015748031496
1 0.61 0.17913385826771652 0.01 0.027559055118110236
1 0.6183333333333334 0.17519685039370078 0.01 0.03543307086614173
1 0.6258333333333334 0.17716535433070865 0.005 0.023622047244094488
1 0.6358333333333334 0.18110236220472442 0.008333333333333333 0.031496062992125984
1 0.6441666666666667 0.1830708661417323 0.008333333333333333 0.03543307086614173
1 0.6566666666666667 0.17913385826771652 0.006666666666666667 0.027559055118110236
1 0.6733333333333333 0.18700787401574803 0.01 0.03543307086614173
