1 0.08750000000000001 0.7388724035608308 0.115 0.5044510385756676
1 0.12833333333333335 0.7166172106824926 0.12666666666666668 0.5548961424332345
1 0.21333333333333335 0.7255192878338279 0.11666666666666667 0.5074183976261127
1 0.2783333333333334 0.6632047477744807 0.11 0.47774480712166173
1 0.23500000000000001 0.5059347181008902 0.030000000000000002 0.12759643916913946
1 0.18916666666666668 0.4807121661721068 0.028333333333333335 0.12462908011869436
1 0.5575 0.5014836795252225 0.03166666666666667 0.1483679525222552
1 0.5441666666666667 0.5207715133531158 0.028333333333333335 0.13353115727002968
1 0.525 0.5163204747774481 0.030000000000000002 0.13649851632047477
1 0.5850000000000001 0.5192878338278932 0.02666666666666667 0.12462908011869436
1 0.6058333333333333 0.5014836795252225 0.028333333333333335 0.13056379821958458
1 0.6233333333333334 0.5089020771513353 0.02666666666666667 0.12166172106824927
1 0.7066666666666667 0.5163204747774481 0.03333333333333333 0.1543026706231454
1 0.6741666666666667 0.5163204747774481 0.03166666666666667 0.1483679525222552
1 0.07916666666666668 0.7937685459940653 0.15166666666666667 0.33531157270029677
1 0.33416666666666667 0.7448071216617211 0.17500000000000002 0.46884272997032644
1 0.34750000000000003 0.5 0.058333333333333334 0.12759643916913946
1 0.32333333333333336 0.5 0.07 0.10385756676557864
1 0.375 0.49554896142433236 0.04666666666666667 0.09495548961424333
1 0.44833333333333336 0.5326409495548962 0.05333333333333334 0.1632047477744807
1 0.4808333333333334 0.6201780415430267 0.11166666666666668 0.21364985163204747
1 0.5266666666666667 0.7967359050445104 0.10666666666666667 0.3590504451038576
1 0.5333333333333333 0.5727002967359051 0.02666666666666667 0.0771513353115727
1 0.5608333333333334 0.5771513353115727 0.03166666666666667 0.12166172106824927
1 0.5908333333333333 0.5875370919881305 0.035 0.10682492581602374
1 0.6716666666666667 0.7655786350148368 0.20333333333333334 0.4629080118694362
1 0.7716666666666667 0.7210682492581603 0.07666666666666667 0.16023738872403562
1 0.8216666666666668 0.6409495548961425 0.05666666666666667 0.08308605341246292
1 0.8216666666666668 0.8130563798219584 0.12666666666666668 0.34421364985163205
1 0.9325000000000001 0.8086053412462908 0.115 0.3590504451038576
1 0.9533333333333334 0.6765578635014837 0.06666666666666667 0.17210682492581603
1 0.9325000000000001 0.5771513353115727 0.03166666666666667 0.08605341246290801
1 0.9600000000000001 0.5875370919881305 0.03666666666666667 0.09495548961424333
1 0.8958333333333334 0.6112759643916914 0.045000000000000005 0.08308605341246292
1 0.8808333333333334 0.5875370919881305 0.04833333333333334 0.0712166172106825
1 0.8566666666666667 0.5534124629080119 0.03333333333333333 0.06824925816023739
1 0.8133333333333334 0.5875370919881305 0.04 0.08308605341246292
1 0.7866666666666667 0.5712166172106825 0.04 0.0741839762611276
1 0.9758333333333334 0.5103857566765578 0.035 0.08308605341246292
1 0.9525 0.5 0.028333333333333335 0.06824925816023739
1 0.9291666666666667 0.4821958456973294 0.03166666666666667 0.06824925816023739
1 0.9041666666666667 0.48961424332344217 0.025 0.08902077151335312
1 0.8908333333333334 0.470326409495549 0.021666666666666667 0.04451038575667656
1 0.8591666666666667 0.5029673590504451 0.025 0.09792284866468844
1 0.8333333333333334 0.5029673590504451 0.02666666666666667 0.09198813056379822
1 0.8108333333333334 0.4940652818991098 0.021666666666666667 0.09198813056379822
1 0.8008333333333334 0.4821958456973294 0.021666666666666667 0.05637982195845698
1 0.7741666666666667 0.526706231454006 0.025 0.12166172106824927
1 0.7508333333333334 0.5252225519287834 0.021666666666666667 0.11275964391691395
1 0.7425 0.4673590504451039 0.021666666666666667 0.050445103857566766
1 0.7166666666666667 0.5608308605341247 0.05333333333333334 0.12462908011869436
1 0.665 0.4851632047477745 0.030000000000000002 0.06231454005934718
1 0.6416666666666667 0.4940652818991098 0.023333333333333334 0.050445103857566766
1 0.6508333333333334 0.4599406528189911 0.028333333333333335 0.04747774480712166
1 0.5700000000000001 0.4599406528189911 0.02 0.03560830860534125
1 0.48750000000000004 0.4465875370919882 0.03833333333333334 0.04451038575667656
1 0.5 0.5222551928783383 0.05333333333333334 0.12462908011869436
1 0.43500000000000005 0.43768545994065283 0.02 0.02077151335311573
1 0.45333333333333337 0.4421364985163205 0.01 0.02967359050445104
1 0.41500000000000004 0.47477744807121663 0.03666666666666667 0.06528189910979229
1 0.42333333333333334 0.4362017804154303 0.02666666666666667 0.02373887240356083
1 0.39416666666666667 0.4362017804154303 0.018333333333333333 0.02373887240356083
1 0.36083333333333334 0.4362017804154303 0.015000000000000001 0.02373887240356083
1 0.305 0.4391691394658754 0.02 0.02967359050445104
1 0.15083333333333335 0.4421364985163205 0.015000000000000001 0.05341246290801187
1 0.16833333333333333 0.4465875370919882 0.02 0.05637982195845698
1 0.09250000000000001 0.4599406528189911 0.045000000000000005 0.08308605341246292
1 0.028333333333333335 0.4540059347181009 0.043333333333333335 0.08902077151335312
1 0.04 0.5637982195845698 0.08 0.20771513353115728
