1 0.10187500000000001 0.5552083333333333 0.11125 0.45625
1 0.065 0.6020833333333333 0.0425 0.17083333333333334
1 0.0125 0.58125 0.025 0.1625
1 0.02 0.58125 0.035 0.14166666666666666
1 0.27187500000000003 0.5739583333333333 0.05625 0.23541666666666666
1 0.38625 0.4864583333333333 0.095 0.38958333333333334
1 0.47125 0.5552083333333333 0.055 0.22291666666666665
1 0.62 0.58125 0.0525 0.2125
1 0.7675000000000001 0.5572916666666666 0.1075 0.44375
1 0.78125 0.5385416666666667 0.085 0.3520833333333333
1 0.8325 0.559375 0.0775 0.3229166666666667
1 0.9075 0.5864583333333333 0.0525 0.21875
1 0.959375 0.5729166666666666 0.07875 0.325
1 0.74 0.5552083333333333 0.065 0.26875
1 0.16625 0.5822916666666667 0.055 0.23124999999999998
1 0.144375 0.5479166666666666 0.08625000000000001 0.35833333333333334
1 0.199375 0.6020833333333333 0.03625 0.07916666666666666
1 0.22187500000000002 0.603125 0.03125 0.07708333333333334
1 0.336875 0.6 0.03125 0.09166666666666666
1 0.5231250000000001 0.575 0.05625 0.17083333333333334
1 0.57625 0.5572916666666666 0.055 0.20625
1 0.6 0.48125 0.0375 0.09166666666666666
1 0.553125 0.48020833333333335 0.02875 0.06458333333333333
