1 0.0425 0.48000000000000004 0.035 0.12000000000000001
1 0.051250000000000004 0.8500000000000001 0.0475 0.16666666666666669
1 0.3225 0.63 0.035 0.12666666666666668
1 0.36625 0.6366666666666667 0.0425 0.14
1 0.4 0.6516666666666667 0.035 0.12333333333333334
1 0.45375 0.685 0.0475 0.16333333333333333
1 0.50875 0.7066666666666667 0.0525 0.17333333333333334
1 0.5275 0.7233333333333334 0.045 0.14666666666666667
1 0.5575 0.75 0.04 0.14
1 0.5700000000000001 0.9316666666666668 0.035 0.12333333333333334
1 0.64 0.7516666666666667 0.055 0.18333333333333335
1 0.6075 0.7166666666666667 0.045 0.14666666666666667
1 0.58 0.7000000000000001 0.045 0.14666666666666667
1 0.69875 0.775 0.0575 0.19
1 0.75375 0.8383333333333334 0.0425 0.14333333333333334
1 0.805 0.8266666666666668 0.045 0.15333333333333335
1 0.87125 0.8650000000000001 0.0525 0.17666666666666667
1 0.9325 0.8866666666666667 0.055 0.18000000000000002
1 0.88625 0.8066666666666668 0.0475 0.16666666666666669
1 0.785 0.76 0.055 0.18000000000000002
1 0.75875 0.7300000000000001 0.0475 0.16666666666666669
1 0.04875 0.385 0.0225 0.08333333333333334
1 0.0825 0.37833333333333335 0.02 0.07666666666666667
1 0.37875000000000003 0.33333333333333337 0.0125 0.05333333333333334
1 0.36 0.32333333333333336 0.015 0.04666666666666667
1 0.38625 0.32 0.0175 0.060000000000000005
1 0.435 0.33166666666666667 0.015 0.05666666666666667
1 0.45375 0.325 0.0125 0.05
1 0.5175 0.31333333333333335 0.015 0.04666666666666667
1 0.53 0.31333333333333335 0.015 0.04666666666666667
1 0.58125 0.38 0.0175 0.06666666666666667
1 0.6275000000000001 0.39 0.015 0.060000000000000005
1 0.87 0.47000000000000003 0.03 0.1
1 0.90625 0.465 0.0225 0.07666666666666667
1 0.9 0.445 0.02 0.07666666666666667
1 0.9725 0.43833333333333335 0.025 0.09000000000000001
1 0.9450000000000001 0.37833333333333335 0.02 0.07
1 0.92625 0.375 0.0225 0.07
1 0.8975 0.36333333333333334 0.015 0.05333333333333334
1 0.9875 0.5033333333333334 0.025 0.10666666666666667
1 0.265 0.6000000000000001 0.035 0.12666666666666668
1 0.84375 0.6966666666666667 0.0525 0.17333333333333334
1 0.9075 0.7566666666666667 0.04 0.14
1 0.9575 0.8250000000000001 0.045 0.15666666666666668
1 0.925 0.7150000000000001 0.045 0.15000000000000002
