1 0.05859375 0.6152777777777778 0.1015625 0.44722222222222224
1 0.14765625000000002 0.6208333333333333 0.1046875 0.4527777777777778
1 0.24375000000000002 0.6055555555555556 0.096875 0.4277777777777778
1 0.35234375 0.5958333333333333 0.1015625 0.4416666666666667
1 0.43203125000000003 0.5930555555555556 0.09531250000000001 0.41944444444444445
1 0.47421875 0.625 0.13593750000000002 0.5944444444444444
1 0.60546875 0.6027777777777777 0.0921875 0.40555555555555556
1 0.68359375 0.5847222222222223 0.0859375 0.375
1 0.7679687500000001 0.5861111111111111 0.08281250000000001 0.3666666666666667
1 0.84765625 0.5736111111111112 0.0921875 0.4027777777777778
1 0.9234375 0.5722222222222223 0.08750000000000001 0.38333333333333336
1 0.9750000000000001 0.5722222222222223 0.05 0.3944444444444445
