1 0.03875 0.6437371663244353 0.055 0.21971252566735114
1 0.015625 0.6344969199178645 0.03125 0.20533880903490762
1 0.10312500000000001 0.6519507186858317 0.06125 0.25256673511293637
1 0.164375 0.6149897330595483 0.051250000000000004 0.21149897330595482
1 0.21 0.5913757700205339 0.045 0.18480492813141686
1 0.24625 0.6468172484599589 0.065 0.2587268993839836
1 0.28250000000000003 0.6262833675564682 0.0525 0.20944558521560575
1 0.30875 0.5924024640657084 0.045 0.18275154004106778
1 0.32875 0.5749486652977412 0.0425 0.17248459958932238
1 0.34750000000000003 0.5595482546201233 0.035 0.14168377823408626
1 0.359375 0.5574948665297742 0.03375 0.1375770020533881
1 0.39875 0.6416837782340863 0.0625 0.2484599589322382
1 0.41875 0.6139630390143738 0.0525 0.21765913757700206
1 0.4325 0.5636550308008214 0.04 0.16221765913757702
1 0.445 0.5379876796714579 0.035 0.13963039014373718
1 0.4575 0.5174537987679672 0.0275 0.11498973305954827
1 0.5625 0.6416837782340863 0.0625 0.2484599589322382
1 0.5275 0.5503080082135524 0.0375 0.15605749486652978
1 0.514375 0.5349075975359343 0.03375 0.1375770020533881
1 0.619375 0.5225872689938399 0.03375 0.14168377823408626
1 0.6012500000000001 0.5164271047227926 0.03 0.12525667351129363
1 0.589375 0.513347022587269 0.03125 0.13141683778234087
1 0.64375 0.5472279260780287 0.0375 0.15811088295687886
1 0.665625 0.5708418891170431 0.04625 0.19301848049281314
1 0.700625 0.5995893223819302 0.05625 0.22997946611909653
1 0.719375 0.6232032854209446 0.06375 0.2607802874743327
1 0.749375 0.5431211498973306 0.03875 0.15811088295687886
1 0.77625 0.5564681724845996 0.0475 0.188911704312115
1 0.798125 0.5328542094455853 0.03375 0.14168377823408626
1 0.82875 0.580082135523614 0.0575 0.23203285420944558
1 0.880625 0.5503080082135524 0.04625 0.19301848049281314
1 0.899375 0.6129363449691992 0.06625 0.2648870636550308
1 0.9525 0.5862422997946612 0.0525 0.21149897330595482
1 0.983125 0.5924024640657084 0.03375 0.23613963039014374
1 0.04875 0.47741273100616016 0.015 0.06365503080082136
1 0.06 0.4743326488706366 0.015 0.06570841889117043
1 0.14125000000000001 0.6149897330595483 0.035 0.13347022587268995
1 0.32375 0.47946611909650927 0.0225 0.039014373716632446
1 0.25875 0.5071868583162218 0.03 0.03696098562628337
1 0.73 0.4815195071868583 0.0125 0.043121149897330596
