1 0.0675 0.47557003257328995 0.125 0.40390879478827363
1 0.0225 0.3713355048859935 0.045 0.20195439739413681
1 0.12875 0.32573289902280134 0.0325 0.11074918566775245
1 0.15 0.32736156351791534 0.03 0.10749185667752444
1 0.20750000000000002 0.36156351791530944 0.06 0.19543973941368079
1 0.23750000000000002 0.32573289902280134 0.025 0.09120521172638436
1 0.26625 0.3127035830618893 0.0225 0.07817589576547232
1 0.28250000000000003 0.3159609120521173 0.025 0.07817589576547232
1 0.30125 0.3159609120521173 0.0275 0.08469055374592835
1 0.325 0.3583061889250814 0.05 0.15635179153094464
1 0.38625 0.4153094462540717 0.0725 0.23127035830618894
1 0.35875 0.3159609120521173 0.0325 0.10423452768729642
1 0.5387500000000001 0.3387622149837134 0.0375 0.11726384364820848
1 0.6062500000000001 0.32410423452768733 0.0375 0.1205211726384365
1 0.635 0.3175895765472313 0.045 0.14006514657980457
1 0.66625 0.33061889250814336 0.0325 0.11400651465798047
1 0.68 0.2996742671009772 0.02 0.06514657980456026
1 0.7000000000000001 0.30293159609120524 0.02 0.06514657980456026
1 0.7225 0.30130293159609123 0.025 0.08143322475570033
1 0.74 0.2915309446254072 0.015 0.048859934853420196
1 0.76625 0.31107491856677527 0.0225 0.06840390879478828
1 0.78125 0.30781758957654726 0.0175 0.06188925081433225
1 0.80125 0.30456026058631924 0.0225 0.06840390879478828
1 0.82625 0.32410423452768733 0.0325 0.10749185667752444
1 0.86375 0.32573289902280134 0.0325 0.10423452768729642
1 0.8875000000000001 0.30293159609120524 0.015 0.05863192182410424
1 0.905 0.30293159609120524 0.015 0.05863192182410424
1 0.9425 0.30944625407166126 0.025 0.07817589576547232
1 0.9675 0.3338762214983714 0.03 0.09446254071661238
1 0.98375 0.32410423452768733 0.0325 0.11400651465798047
1 0.42875 0.28827361563517917 0.0325 0.06188925081433225
1 0.4525 0.28827361563517917 0.015 0.042345276872964174
1 0.48 0.28827361563517917 0.02 0.042345276872964174
1 0.505 0.30944625407166126 0.03 0.05211726384364821
1 0.51125 0.2719869706840391 0.0175 0.02931596091205212
1 0.0975 0.2964169381107492 0.04 0.06514657980456026
1 0.51125 0.6400651465798046 0.2775 0.7068403908794788
