1 0.06666666666666667 0.59375 0.04 0.1525
1 0.12083333333333333 0.6 0.04166666666666667 0.16
1 0.17916666666666667 0.64 0.045000000000000005 0.165
1 0.19583333333333336 0.5962500000000001 0.03833333333333334 0.14250000000000002
1 0.27666666666666667 0.64 0.05 0.185
1 0.26833333333333337 0.6 0.043333333333333335 0.165
1 0.3191666666666667 0.5475 0.028333333333333335 0.105
1 0.33 0.61 0.04 0.15
1 0.3591666666666667 0.645 0.04833333333333334 0.185
1 0.39083333333333337 0.57375 0.035 0.1375
1 0.46 0.555 0.02666666666666667 0.105
1 0.4716666666666667 0.63625 0.05 0.1925
1 0.5516666666666667 0.57125 0.03666666666666667 0.14250000000000002
1 0.5833333333333334 0.655 0.04666666666666667 0.18
1 0.6466666666666667 0.6062500000000001 0.043333333333333335 0.1625
1 0.685 0.6587500000000001 0.05 0.1925
1 0.7325 0.62 0.04166666666666667 0.155
1 0.7233333333333334 0.57125 0.03333333333333333 0.1275
1 0.8133333333333334 0.62125 0.043333333333333335 0.1575
1 0.9133333333333334 0.61625 0.043333333333333335 0.1625
1 0.8483333333333334 0.52375 0.030000000000000002 0.1075
1 0.8091666666666667 0.52125 0.028333333333333335 0.10250000000000001
1 0.7775000000000001 0.515 0.025 0.1
1 0.9825 0.53125 0.03166666666666667 0.11750000000000001
1 0.021666666666666667 0.5025000000000001 0.02666666666666667 0.1
1 0.13833333333333334 0.49625 0.023333333333333334 0.0925
1 0.88 0.46875 0.016666666666666666 0.0625
1 0.8483333333333334 0.44875 0.01 0.0425
1 0.6691666666666667 0.4475 0.008333333333333333 0.04
1 0.6425000000000001 0.44375000000000003 0.008333333333333333 0.0375
1 0.92 0.48375 0.016666666666666666 0.0675
