1 0.5404761904761904 0.5888888888888889 0.44285714285714284 0.7227513227513228
1 0.9531746031746031 0.5486772486772488 0.08095238095238096 0.1322751322751323
1 0.9801587301587301 0.5481481481481482 0.03968253968253968 0.10158730158730159
1 0.9158730158730158 0.5486772486772488 0.08571428571428572 0.14285714285714288
1 0.830952380952381 0.5502645502645503 0.049206349206349205 0.08253968253968255
1 0.8753968253968254 0.5513227513227513 0.04285714285714286 0.07195767195767196
1 0.6761904761904762 0.5550264550264551 0.04126984126984127 0.06666666666666667
1 0.3523809523809524 0.5470899470899472 0.09206349206349207 0.15026455026455027
1 0.30952380952380953 0.5492063492063493 0.05396825396825397 0.091005291005291
1 0.26031746031746034 0.5566137566137567 0.05396825396825397 0.08888888888888889
1 0.22142857142857142 0.5534391534391535 0.05873015873015873 0.09735449735449736
1 0.15 0.5529100529100529 0.03015873015873016 0.04973544973544974
1 0.11746031746031746 0.5497354497354497 0.031746031746031744 0.05185185185185186
1 0.05793650793650794 0.5465608465608466 0.03333333333333333 0.05396825396825397
1 0.6309523809523809 0.4735449735449736 0.03333333333333333 0.05608465608465609
1 0.6214285714285714 0.4402116402116402 0.03968253968253968 0.027513227513227514
1 0.7642857142857142 0.5354497354497355 0.04285714285714286 0.0380952380952381
