1 0.06375 0.8411371237458194 0.08750000000000001 0.2909698996655518
1 0.20375000000000001 0.8311036789297659 0.0975 0.3177257525083612
1 0.265 0.7892976588628763 0.065 0.2140468227424749
1 0.31 0.7859531772575251 0.06 0.20735785953177258
1 0.38625 0.765886287625418 0.0675 0.22073578595317725
1 0.33 0.7608695652173912 0.055 0.18394648829431437
1 0.4425 0.7190635451505016 0.045 0.15384615384615385
1 0.41625 0.7224080267558528 0.0425 0.1471571906354515
1 0.09875 0.7107023411371237 0.0525 0.17725752508361203
1 0.1325 0.7090301003344481 0.045 0.15384615384615385
1 0.03125 0.717391304347826 0.0525 0.1705685618729097
1 0.015 0.7123745819397993 0.03 0.15384615384615385
1 0.49875 0.7558528428093645 0.0475 0.1605351170568562
1 0.625 0.8177257525083612 0.105 0.3511705685618729
1 0.77125 0.7274247491638796 0.0425 0.13712374581939799
1 0.73375 0.7324414715719063 0.0425 0.1471571906354515
1 0.6675 0.7290969899665551 0.04 0.14046822742474915
1 0.54125 0.7157190635451505 0.0475 0.1605351170568562
1 0.5675 0.7357859531772575 0.045 0.15384615384615385
1 0.15 0.717391304347826 0.045 0.14381270903010032
1 0.0725 0.6705685618729097 0.035 0.11705685618729096
1 0.165 0.7157190635451505 0.045 0.1471571906354515
1 0.21 0.7591973244147157 0.06 0.20066889632107024
1 0.4625 0.7090301003344481 0.045 0.1471571906354515
1 0.5225 0.7090301003344481 0.04 0.13377926421404682
1 0.69875 0.6688963210702341 0.0225 0.0802675585284281
1 0.3675 0.6739130434782609 0.03 0.043478260869565216
1 0.35375 0.6622073578595318 0.0375 0.04013377926421405
1 0.54625 0.7993311036789298 0.0675 0.17391304347826086
1 0.785 0.8595317725752508 0.095 0.20066889632107024
1 0.725 0.8645484949832776 0.065 0.1505016722408027
1 0.9500000000000001 0.8645484949832776 0.095 0.1906354515050167
1 0.89125 0.8612040133779264 0.0625 0.1705685618729097
1 0.8200000000000001 0.6989966555183946 0.05 0.11371237458193979
