1 0.9225000000000001 0.5853365384615385 0.155 0.5697115384615385
1 0.8616666666666667 0.6033653846153847 0.15666666666666668 0.5528846153846154
1 0.7825000000000001 0.561298076923077 0.11833333333333335 0.4206730769230769
1 0.7225 0.6057692307692308 0.135 0.4759615384615385
1 0.6291666666666667 0.5360576923076923 0.11166666666666668 0.3942307692307693
1 0.5841666666666667 0.5396634615384616 0.09833333333333334 0.34375
1 0.14666666666666667 0.4098557692307693 0.04 0.14182692307692307
1 0.16666666666666669 0.421875 0.03666666666666667 0.13701923076923078
1 0.32583333333333336 0.4447115384615385 0.06166666666666667 0.22115384615384617
1 0.66 0.3701923076923077 0.030000000000000002 0.08653846153846154
1 0.6958333333333334 0.38461538461538464 0.035 0.057692307692307696
1 0.555 0.38341346153846156 0.04666666666666667 0.07451923076923077
1 0.5366666666666667 0.5600961538461539 0.060000000000000005 0.2932692307692308
1 0.49000000000000005 0.5228365384615384 0.03333333333333333 0.2572115384615385
1 0.47250000000000003 0.5096153846153847 0.07500000000000001 0.25480769230769235
1 0.48583333333333334 0.3774038461538462 0.058333333333333334 0.09134615384615385
1 0.42083333333333334 0.5072115384615384 0.07500000000000001 0.19230769230769232
1 0.3591666666666667 0.49278846153846156 0.07833333333333334 0.19711538461538464
1 0.30250000000000005 0.35697115384615385 0.035 0.040865384615384616
1 0.28833333333333333 0.43149038461538464 0.04 0.06490384615384616
1 0.2575 0.5036057692307693 0.04166666666666667 0.18028846153846154
1 0.21083333333333334 0.49278846153846156 0.07500000000000001 0.15384615384615385
1 0.24083333333333334 0.42307692307692313 0.03166666666666667 0.05288461538461539
1 0.22666666666666668 0.4338942307692308 0.043333333333333335 0.040865384615384616
1 0.22083333333333335 0.40384615384615385 0.025 0.04326923076923077
1 0.22666666666666668 0.3701923076923077 0.030000000000000002 0.06730769230769232
1 0.21333333333333335 0.359375 0.023333333333333334 0.040865384615384616
1 0.25 0.3701923076923077 0.04666666666666667 0.07211538461538462
1 0.16166666666666668 0.4362980769230769 0.030000000000000002 0.06490384615384616
1 0.11333333333333334 0.3822115384615385 0.04666666666666667 0.07692307692307693
1 0.0975 0.40384615384615385 0.05166666666666667 0.057692307692307696
1 0.0325 0.4362980769230769 0.065 0.13701923076923078
1 0.05333333333333334 0.36899038461538464 0.03666666666666667 0.09375
