1 0.791 0.6592592592592592 0.222 0.6765432098765432
1 0.965 0.5641975308641975 0.042 0.1259259259259259
1 0.936 0.5481481481481482 0.024 0.07901234567901234
1 0.598 0.5382716049382716 0.036000000000000004 0.10864197530864197
1 0.58 0.5259259259259259 0.024 0.07901234567901234
1 0.514 0.5271604938271605 0.028 0.09135802469135802
1 0.534 0.5259259259259259 0.028 0.08395061728395062
1 0.466 0.5382716049382716 0.032 0.1037037037037037
1 0.394 0.5358024691358024 0.028 0.09382716049382715
1 0.43 0.5271604938271605 0.024 0.07160493827160494
1 0.41600000000000004 0.5209876543209876 0.02 0.0691358024691358
1 0.108 0.5407407407407407 0.032 0.1037037037037037
1 0.094 0.5222222222222223 0.028 0.08641975308641975
1 0.058 0.5222222222222223 0.024 0.07654320987654321
1 0.031 0.5407407407407407 0.042 0.13333333333333333
1 0.666 0.865432098765432 0.192 0.2641975308641975
