1 0.6108333333333333 0.6177944862155388 0.10833333333333334 0.39849624060150374
1 0.49083333333333334 0.6027568922305764 0.09166666666666667 0.3383458646616541
1 0.3875 0.593984962406015 0.07833333333333334 0.2857142857142857
1 0.33083333333333337 0.5789473684210527 0.07166666666666667 0.2606516290726817
1 0.2783333333333334 0.568922305764411 0.060000000000000005 0.22556390977443608
1 0.2391666666666667 0.5526315789473684 0.055 0.20300751879699247
1 0.2066666666666667 0.5551378446115288 0.05 0.19298245614035087
1 0.18250000000000002 0.5426065162907268 0.045000000000000005 0.17293233082706766
1 0.16333333333333333 0.5476190476190476 0.03666666666666667 0.14285714285714285
1 0.03916666666666667 0.5213032581453634 0.028333333333333335 0.11027568922305764
1 0.04833333333333334 0.5238095238095237 0.02666666666666667 0.10526315789473684
1 0.05916666666666667 0.5275689223057644 0.028333333333333335 0.11278195488721804
1 0.07 0.5300751879699248 0.03333333333333333 0.12280701754385964
1 0.085 0.5300751879699248 0.03333333333333333 0.12280701754385964
1 0.09916666666666667 0.5325814536340852 0.035 0.13283208020050125
1 0.11583333333333334 0.5363408521303258 0.03833333333333334 0.14536340852130325
1 0.13166666666666668 0.537593984962406 0.04 0.14786967418546365
1 0.5366666666666667 0.56265664160401 0.06666666666666667 0.24310776942355888
1 0.41500000000000004 0.5601503759398496 0.06666666666666667 0.24310776942355888
1 0.6841666666666667 0.5989974937343359 0.09833333333333334 0.3609022556390977
1 0.7383333333333334 0.581453634085213 0.08666666666666667 0.3157894736842105
1 0.7825000000000001 0.5739348370927317 0.08166666666666667 0.3007518796992481
1 0.8158333333333334 0.5664160401002506 0.07500000000000001 0.2756892230576441
1 0.8391666666666667 0.5614035087719298 0.06833333333333334 0.2506265664160401
1 0.8641666666666667 0.5538847117794485 0.06166666666666667 0.23558897243107768
1 0.8758333333333334 0.5438596491228069 0.06166666666666667 0.22556390977443608
1 0.8925000000000001 0.5413533834586466 0.055 0.21052631578947367
1 0.9125000000000001 0.5350877192982456 0.05166666666666667 0.19799498746867167
1 0.9400000000000001 0.5300751879699248 0.05 0.18295739348370926
1 0.9491666666666667 0.5288220551378446 0.04833333333333334 0.18045112781954886
1 0.9325000000000001 0.5426065162907268 0.045000000000000005 0.16791979949874686
1 0.5700000000000001 0.45238095238095233 0.04666666666666667 0.05263157894736842
1 0.6625000000000001 0.44110275689223055 0.025 0.05012531328320802
1 0.515 0.45112781954887216 0.016666666666666666 0.045112781954887216
1 0.4666666666666667 0.45363408521303256 0.02 0.05012531328320802
1 0.45083333333333336 0.4598997493734336 0.025 0.047619047619047616
1 0.3566666666666667 0.46240601503759393 0.023333333333333334 0.03759398496240601
1 0.34750000000000003 0.43859649122807015 0.018333333333333333 0.03007518796992481
1 0.37583333333333335 0.4423558897243107 0.015000000000000001 0.03258145363408521
1 0.31333333333333335 0.45864661654135336 0.02 0.045112781954887216
1 0.24500000000000002 0.44862155388471175 0.02 0.03007518796992481
1 0.255 0.46365914786967416 0.02 0.03007518796992481
1 0.7033333333333334 0.45363408521303256 0.02 0.040100250626566414
1 0.7250000000000001 0.4348370927318296 0.013333333333333334 0.03258145363408521
1 0.7616666666666667 0.4423558897243107 0.023333333333333334 0.042606516290726815
1 0.6475000000000001 0.45238095238095233 0.021666666666666667 0.042606516290726815
1 0.6091666666666667 0.3383458646616541 0.018333333333333333 0.02506265664160401
1 0.6233333333333334 0.3383458646616541 0.016666666666666666 0.03007518796992481
1 0.78 0.3320802005012531 0.023333333333333334 0.02756892230576441
1 0.805 0.3333333333333333 0.02 0.05012531328320802
