1 0.13375 0.7416666666666667 0.0575 0.19
1 0.25625 0.7300000000000001 0.0575 0.19333333333333336
1 0.4375 0.7316666666666667 0.05 0.17
1 0.56 0.7266666666666667 0.05 0.17333333333333334
1 0.655 0.7116666666666667 0.05 0.17
1 0.73875 0.7116666666666667 0.0525 0.17
1 0.8175 0.7083333333333334 0.05 0.16333333333333333
1 0.85875 0.7016666666666667 0.0525 0.17666666666666667
1 0.88 0.6966666666666667 0.055 0.18666666666666668
1 0.9400000000000001 0.6950000000000001 0.055 0.18333333333333335
1 0.9725 0.7016666666666667 0.055 0.17666666666666667
1 0.19875 0.6816666666666668 0.0125 0.05
1 0.0675 0.6900000000000001 0.015 0.05333333333333334
1 0.9862500000000001 0.65 0.0175 0.060000000000000005
1 0.83875 0.6566666666666667 0.0175 0.06666666666666667
1 0.7987500000000001 0.655 0.0125 0.05
1 0.76875 0.6583333333333333 0.0175 0.05666666666666667
1 0.75125 0.6566666666666667 0.0125 0.05333333333333334
1 0.705 0.6616666666666667 0.02 0.06333333333333334
1 0.68625 0.665 0.0175 0.05666666666666667
1 0.465 0.68 0.01 0.02666666666666667
1 0.47750000000000004 0.6816666666666668 0.015 0.03666666666666667
1 0.9175 0.6283333333333334 0.01 0.023333333333333334
