1 0.2478723404255319 0.7552 0.0851063829787234 0.3168
1 0.1851063829787234 0.7552 0.08297872340425531 0.30720000000000003
1 0.10531914893617021 0.7384000000000001 0.08085106382978724 0.29600000000000004
1 0.05585106382978724 0.7288 0.08191489361702128 0.3024
1 0.019680851063829788 0.7392000000000001 0.039361702127659576 0.272
1 0.028191489361702127 0.7272000000000001 0.05638297872340425 0.264
1 0.0797872340425532 0.7192000000000001 0.07872340425531915 0.2928
1 0.15372340425531916 0.7368 0.0797872340425532 0.2928
1 0.22446808510638297 0.7448 0.07872340425531915 0.2928
1 0.2074468085106383 0.6936 0.08936170212765958 0.3312
1 0.27180851063829786 0.6920000000000001 0.0925531914893617 0.34400000000000003
1 0.30531914893617024 0.7496 0.08297872340425531 0.30560000000000004
1 0.3446808510638298 0.776 0.08297872340425531 0.3104
1 0.3829787234042553 0.7536 0.08085106382978724 0.3008
1 0.3404255319148936 0.7024 0.09148936170212767 0.3392
1 0.4042553191489362 0.7072 0.09787234042553192 0.3584
1 0.4218085106382979 0.7704000000000001 0.08617021276595745 0.3216
1 0.46808510638297873 0.7712 0.08297872340425531 0.3104
1 0.5356382978723404 0.7776000000000001 0.08617021276595745 0.3168
1 0.6239361702127659 0.7752 0.08404255319148936 0.3088
1 0.652127659574468 0.764 0.08723404255319149 0.3216
1 0.698404255319149 0.7776000000000001 0.08191489361702128 0.304
1 0.7547872340425532 0.78 0.08404255319148936 0.3088
1 0.7909574468085107 0.7648 0.08404255319148936 0.3136
1 0.848404255319149 0.7816000000000001 0.0797872340425532 0.2928
1 0.8962765957446809 0.7624000000000001 0.08829787234042553 0.32480000000000003
1 0.9345744680851064 0.7672 0.08617021276595745 0.3184
1 0.976063829787234 0.7712 0.047872340425531915 0.3136
1 0.8329787234042554 0.6256 0.023404255319148935 0.057600000000000005
1 0.7425531914893617 0.5504 0.027659574468085108 0.064
1 0.06595744680851064 0.3704 0.02127659574468085 0.0368
1 0.0398936170212766 0.3776 0.018085106382978725 0.0352
1 0.018085106382978725 0.3824 0.019148936170212766 0.0512
1 0.14680851063829786 0.3776 0.02127659574468085 0.041600000000000005
1 0.1 0.38 0.01702127659574468 0.046400000000000004
1 0.1803191489361702 0.38480000000000003 0.018085106382978725 0.0368
1 0.20851063829787234 0.37520000000000003 0.02127659574468085 0.0432
1 0.2478723404255319 0.3728 0.01702127659574468 0.048
1 0.2712765957446809 0.3784 0.019148936170212766 0.0368
1 0.29095744680851066 0.3744 0.022340425531914895 0.038400000000000004
1 0.7776595744680851 0.3704 0.019148936170212766 0.027200000000000002
1 0.7446808510638298 0.364 0.019148936170212766 0.04
1 0.7079787234042554 0.34 0.018085106382978725 0.04
1 0.7207446808510638 0.3216 0.018085106382978725 0.028800000000000003
1 0.9319148936170213 0.3728 0.014893617021276596 0.038400000000000004
1 0.8946808510638298 0.3784 0.02127659574468085 0.033600000000000005
1 0.8723404255319149 0.3768 0.019148936170212766 0.0432
1 0.9537234042553192 0.37920000000000004 0.018085106382978725 0.0448
1 0.9787234042553191 0.3664 0.01702127659574468 0.041600000000000005
1 0.824468085106383 0.34240000000000004 0.01702127659574468 0.0448
1 0.9063829787234042 0.13040000000000002 0.019148936170212766 0.0528
1 0.8425531914893617 0.3728 0.01702127659574468 0.038400000000000004
1 0.7436170212765958 0.25120000000000003 0.023404255319148935 0.057600000000000005
1 0.8393617021276596 0.1864 0.014893617021276596 0.027200000000000002
1 0.8393617021276596 0.2232 0.014893617021276596 0.033600000000000005
1 0.08404255319148936 0.0664 0.02127659574468085 0.046400000000000004
1 0.4521276595744681 0.09920000000000001 0.019148936170212766 0.0352
1 0.34414893617021275 0.0896 0.026595744680851064 0.032
1 0.3803191489361702 0.1008 0.018085106382978725 0.038400000000000004
1 0.2377659574468085 0.1496 0.022340425531914895 0.033600000000000005
1 0.20957446808510638 0.16160000000000002 0.027659574468085108 0.048
1 0.6755319148936171 0.1512 0.019148936170212766 0.0688
1 0.9829787234042553 0.2736 0.012765957446808512 0.0448
