1 0.87375 0.7666666666666667 0.1275 0.42000000000000004
1 0.4625 0.7350000000000001 0.155 0.51
1 0.55125 0.385 0.0525 0.18333333333333335
1 0.63875 0.395 0.0525 0.17
1 0.845 0.4683333333333334 0.065 0.22333333333333336
1 0.8025 0.42333333333333334 0.045 0.14666666666666667
1 0.9137500000000001 0.35333333333333333 0.0425 0.14
1 0.96875 0.5616666666666666 0.0625 0.24333333333333335
1 0.9425 0.5083333333333334 0.065 0.21000000000000002
1 0.81125 0.36333333333333334 0.0425 0.14
1 0.57875 0.39 0.0425 0.14
1 0.24375 0.4716666666666667 0.1525 0.33
1 0.68375 0.6433333333333334 0.1325 0.37333333333333335
1 0.81875 0.7150000000000001 0.1375 0.24333333333333335
1 0.68375 0.2516666666666667 0.0375 0.05666666666666667
1 0.82125 0.29333333333333333 0.0175 0.05333333333333334
1 0.8625 0.29333333333333333 0.025 0.06666666666666667
1 0.89125 0.30333333333333334 0.0275 0.06666666666666667
1 0.87 0.35333333333333333 0.02 0.060000000000000005
1 0.9425 0.3433333333333334 0.025 0.060000000000000005
1 0.97 0.3666666666666667 0.025 0.08
1 0.57125 0.2733333333333334 0.0375 0.060000000000000005
1 0.11875000000000001 0.4083333333333334 0.1675 0.3166666666666667
