1 0.29833333333333334 0.7225 0.14666666666666667 0.545
1 0.25 0.68875 0.15000000000000002 0.5525
1 0.18000000000000002 0.515 0.09000000000000001 0.33
1 0.4425 0.59375 0.12833333333333335 0.47250000000000003
1 0.5208333333333334 0.6587500000000001 0.135 0.4925
1 0.5891666666666667 0.55625 0.10500000000000001 0.3825
1 0.6716666666666667 0.6 0.11 0.41000000000000003
1 0.7825000000000001 0.55375 0.08833333333333333 0.3275
1 0.8633333333333334 0.52 0.07666666666666667 0.29
1 0.9133333333333334 0.48375 0.07333333333333333 0.2725
1 0.9616666666666668 0.455 0.060000000000000005 0.22
1 0.9333333333333333 0.43 0.060000000000000005 0.225
1 0.8858333333333334 0.43125 0.06833333333333334 0.2525
1 0.8416666666666667 0.47000000000000003 0.07 0.265
1 0.7691666666666667 0.47625 0.085 0.3175
1 0.7050000000000001 0.495 0.09000000000000001 0.33
1 0.011666666666666667 0.28750000000000003 0.02 0.045
1 0.06666666666666667 0.29 0.030000000000000002 0.065
1 0.055 0.3175 0.023333333333333334 0.045
1 0.023333333333333334 0.34750000000000003 0.030000000000000002 0.04
1 0.02 0.41250000000000003 0.03666666666666667 0.075
1 0.04666666666666667 0.38625 0.030000000000000002 0.0425
1 0.07583333333333334 0.38625 0.025 0.0475
1 0.14250000000000002 0.3575 0.021666666666666667 0.045
1 0.195 0.40625 0.030000000000000002 0.0575
1 0.11750000000000001 0.36375 0.015000000000000001 0.0275
1 0.10166666666666667 0.375 0.02 0.03
1 0.5633333333333334 0.21625 0.02 0.0375
1 0.5158333333333334 0.21375 0.018333333333333333 0.0325
1 0.4816666666666667 0.21375 0.02 0.0425
1 0.35000000000000003 0.39 0.02666666666666667 0.055
1 0.3766666666666667 0.3725 0.04 0.07
1 0.41250000000000003 0.33 0.025 0.05
1 0.3016666666666667 0.35375 0.030000000000000002 0.0675
1 0.265 0.375 0.030000000000000002 0.05
1 0.2325 0.38125000000000003 0.025 0.0425
1 0.22416666666666668 0.35625 0.018333333333333333 0.0325
1 0.3375 0.34 0.025 0.05
1 0.37000000000000005 0.36 0.023333333333333334 0.055
1 0.4708333333333334 0.37875000000000003 0.03166666666666667 0.0525
1 0.5125000000000001 0.35125 0.028333333333333335 0.0475
1 0.4475 0.34500000000000003 0.021666666666666667 0.035
1 0.4675 0.32625 0.018333333333333333 0.0325
1 0.5841666666666667 0.32625 0.025 0.0525
1 0.5358333333333334 0.35125 0.021666666666666667 0.0475
1 0.5441666666666667 0.32375 0.015000000000000001 0.0375
1 0.555 0.3125 0.016666666666666666 0.03
1 0.6508333333333334 0.3625 0.028333333333333335 0.055
1 0.6683333333333333 0.35625 0.016666666666666666 0.0325
1 0.6241666666666668 0.335 0.021666666666666667 0.055
1 0.5066666666666667 0.31 0.016666666666666666 0.025
1 0.6575000000000001 0.3175 0.018333333333333333 0.035
1 0.8358333333333334 0.3125 0.015000000000000001 0.035
1 0.8625 0.32375 0.021666666666666667 0.0425
1 0.6766666666666667 0.33 0.016666666666666666 0.04
1 0.7275 0.335 0.018333333333333333 0.055
1 0.7533333333333334 0.34500000000000003 0.023333333333333334 0.04
1 0.8008333333333334 0.34500000000000003 0.028333333333333335 0.03
1 0.8008333333333334 0.3125 0.015000000000000001 0.03
1 0.9491666666666667 0.3175 0.021666666666666667 0.045
1 0.7691666666666667 0.315 0.018333333333333333 0.045
