1 0.22503961965134708 0.5739795918367346 0.1648177496038035 0.6530612244897959
1 0.09112519809825674 0.5956632653061223 0.1347068145800317 0.5382653061224489
1 0.2781299524564184 0.582908163265306 0.1283676703645008 0.5127551020408163
1 0.39857369255150554 0.5931122448979591 0.1347068145800317 0.5331632653061225
1 0.595879556259905 0.5841836734693877 0.16798732171156894 0.6581632653061223
1 0.6949286846275753 0.5790816326530612 0.14421553090332806 0.5714285714285714
1 0.5467511885895404 0.5778061224489796 0.12678288431061807 0.5025510204081632
1 0.757527733755943 0.5637755102040816 0.0919175911251981 0.36224489795918363
1 0.8225039619651348 0.5880102040816326 0.12361331220285263 0.49234693877551017
1 0.8724247226624406 0.5625 0.11885895404120445 0.471938775510204
1 0.9183835182250396 0.582908163265306 0.15055467511885895 0.5994897959183673
1 0.6434231378763867 0.5229591836734694 0.0919175911251981 0.36224489795918363
1 0.6735340729001585 0.5739795918367346 0.11093502377179082 0.4387755102040816
1 0.35578446909667194 0.5714285714285714 0.09033280507131537 0.3571428571428571
1 0.011885895404120444 0.5905612244897959 0.02377179080824089 0.2474489795918367
1 0.03882725832012678 0.5841836734693877 0.0364500792393027 0.22448979591836732
