1 0.029687500000000002 0.5481220657276995 0.059375000000000004 0.2323943661971831
1 0.059375000000000004 0.5410798122065728 0.059375000000000004 0.2183098591549296
1 0.1 0.5375586854460094 0.05625 0.2112676056338028
1 0.11640625 0.5469483568075117 0.0578125 0.2112676056338028
1 0.32343750000000004 0.5375586854460094 0.0625 0.2347417840375587
1 0.80625 0.5375586854460094 0.065625 0.24413145539906103
1 0.753125 0.5387323943661972 0.05625 0.2136150234741784
1 0.69140625 0.5469483568075117 0.0578125 0.2112676056338028
1 0.63984375 0.5446009389671361 0.0546875 0.20657276995305165
1 0.60546875 0.5422535211267606 0.0578125 0.2112676056338028
1 0.51875 0.5375586854460094 0.05625 0.20657276995305165
1 0.5593750000000001 0.5422535211267606 0.05 0.18309859154929578
1 0.48203125 0.5446009389671361 0.051562500000000004 0.1971830985915493
1 0.4234375 0.545774647887324 0.053125000000000006 0.19483568075117372
1 0.371875 0.5446009389671361 0.053125000000000006 0.19248826291079812
1 0.04296875 0.44483568075117375 0.0140625 0.04460093896713615
1 0.14921875 0.4565727699530516 0.026562500000000003 0.07276995305164319
1 0.18359375 0.4565727699530516 0.0203125 0.07276995305164319
1 0.20546875 0.4612676056338028 0.0171875 0.06807511737089202
1 0.23359375000000002 0.4647887323943662 0.0203125 0.06572769953051644
1 0.259375 0.47535211267605637 0.0125 0.07746478873239437
1 0.2828125 0.47300469483568075 0.028125 0.06338028169014084
1 0.38828125 0.46361502347417843 0.010937500000000001 0.04929577464788733
1 0.35546875 0.5539906103286385 0.029687500000000002 0.03286384976525822
1 0.4234375 0.5469483568075117 0.025 0.06103286384976526
1 0.47890625000000003 0.5492957746478874 0.0484375 0.051643192488262914
1 0.5554687500000001 0.5563380281690141 0.029687500000000002 0.03755868544600939
1 0.43828125 0.4647887323943662 0.010937500000000001 0.04225352112676056
1 0.453125 0.46361502347417843 0.018750000000000003 0.04460093896713615
1 0.46875 0.4612676056338028 0.0125 0.04929577464788733
1 0.546875 0.4671361502347418 0.0125 0.04225352112676056
1 0.61328125 0.5446009389671361 0.0390625 0.046948356807511735
1 0.7093750000000001 0.5434272300469484 0.034375 0.04460093896713615
1 0.6531250000000001 0.4624413145539906 0.018750000000000003 0.046948356807511735
1 0.66953125 0.45422535211267606 0.0234375 0.05868544600938967
1 0.7093750000000001 0.46830985915492956 0.03125 0.04929577464788733
1 0.7359375 0.4565727699530516 0.015625 0.03990610328638498
1 0.8171875000000001 0.5539906103286385 0.065625 0.06572769953051644
