1 0.036000000000000004 0.6434659090909091 0.07200000000000001 0.2755681818181818
1 0.092 0.6505681818181819 0.088 0.3125
1 0.189 0.6775568181818182 0.122 0.42329545454545453
1 0.28200000000000003 0.703125 0.152 0.5369318181818182
1 0.47200000000000003 0.7301136363636364 0.14 0.4943181818181818
1 0.63 0.6917613636363636 0.164 0.5767045454545455
1 0.803 0.7144886363636364 0.154 0.5426136363636364
1 0.926 0.703125 0.148 0.5596590909090909
1 0.835 0.65625 0.11800000000000001 0.4090909090909091
1 0.865 0.6051136363636364 0.098 0.34090909090909094
1 0.707 0.6775568181818182 0.122 0.42329545454545453
1 0.591 0.6477272727272727 0.098 0.3465909090909091
1 0.518 0.6747159090909091 0.1 0.3494318181818182
1 0.403 0.6136363636363636 0.082 0.2840909090909091
1 0.437 0.6860795454545455 0.106 0.3778409090909091
1 0.35100000000000003 0.5184659090909091 0.026000000000000002 0.06534090909090909
1 0.058 0.5340909090909091 0.028 0.07386363636363637
1 0.51 0.5142045454545454 0.044 0.07954545454545454
