1 0.03 0.6098765432098765 0.03 0.15308641975308643
1 0.0825 0.6259259259259259 0.0425 0.20493827160493827
1 0.131875 0.6283950617283951 0.04125 0.19999999999999998
1 0.10875 0.5320987654320988 0.04 0.19506172839506172
1 0.1975 0.6604938271604938 0.0725 0.35802469135802467
1 0.47375 0.6222222222222222 0.0525 0.2518518518518518
1 0.52375 0.6506172839506172 0.055 0.2641975308641975
1 0.5437500000000001 0.5148148148148148 0.0475 0.22962962962962963
1 0.6225 0.6185185185185185 0.05 0.23950617283950618
1 0.916875 0.5938271604938271 0.03625 0.18024691358024691
1 0.9812500000000001 0.5814814814814815 0.0325 0.15555555555555556
1 0.959375 0.5851851851851851 0.03125 0.15308641975308643
1 0.281875 0.7209876543209877 0.09875 0.21728395061728395
1 0.828125 0.7061728395061728 0.058750000000000004 0.17777777777777778
1 0.733125 0.6580246913580247 0.051250000000000004 0.22469135802469134
1 0.668125 0.662962962962963 0.058750000000000004 0.21975308641975308
1 0.570625 0.7382716049382716 0.058750000000000004 0.2074074074074074
1 0.583125 0.6148148148148148 0.03625 0.11851851851851852
1 0.38125000000000003 0.6246913580246913 0.0275 0.12345679012345678
1 0.409375 0.6753086419753086 0.03375 0.2345679012345679
1 0.48562500000000003 0.6876543209876543 0.04625 0.21481481481481482
1 0.5700000000000001 0.5209876543209876 0.02 0.05432098765432099
1 0.58875 0.5296296296296297 0.0175 0.06172839506172839
1 0.84 0.5160493827160494 0.03 0.11851851851851852
1 0.886875 0.4604938271604938 0.03625 0.08148148148148147
