1 0.037500000000000006 0.5802005012531328 0.07500000000000001 0.48872180451127817
1 0.09250000000000001 0.5776942355889724 0.12166666666666667 0.44862155388471175
1 0.1925 0.6403508771929824 0.155 0.5739348370927317
1 0.26166666666666666 0.5964912280701754 0.15000000000000002 0.5513784461152882
1 0.3775 0.6090225563909775 0.17500000000000002 0.6466165413533834
1 0.48250000000000004 0.6052631578947368 0.15833333333333335 0.5789473684210527
1 0.4416666666666667 0.6052631578947368 0.14333333333333334 0.5238095238095237
1 0.6475000000000001 0.6353383458646616 0.18166666666666667 0.6691729323308271
1 0.7125 0.5789473684210527 0.125 0.46115288220551376
1 0.8058333333333334 0.6090225563909775 0.14833333333333334 0.5513784461152882
1 0.8933333333333334 0.6754385964912281 0.16666666666666669 0.6140350877192982
1 0.93 0.5676691729323308 0.13 0.47869674185463656
1 0.9491666666666667 0.6203007518796992 0.10166666666666667 0.5789473684210527
1 0.05666666666666667 0.4398496240601504 0.03666666666666667 0.11779448621553884
