1 0.10413694721825963 0.7294117647058823 0.07417974322396577 0.30588235294117644
1 0.16690442225392296 0.7105882352941176 0.05420827389443652 0.22588235294117645
1 0.4222539229671897 0.7399999999999999 0.07132667617689016 0.2941176470588235
1 0.4536376604850214 0.7105882352941176 0.059914407988587735 0.24941176470588233
1 0.4907275320970043 0.7047058823529411 0.05135520684736092 0.21411764705882352
1 0.5235378031383737 0.6847058823529412 0.039942938659058486 0.16470588235294117
1 0.29386590584878747 0.46705882352941175 0.02567760342368046 0.10588235294117646
1 0.5905848787446505 0.6799999999999999 0.03138373751783167 0.12705882352941175
1 0.6469329529243938 0.6847058823529412 0.029957203994293868 0.12705882352941175
1 0.6747503566333809 0.6552941176470588 0.011412268188302425 0.04941176470588235
1 0.6697574893009985 0.656470588235294 0.01283880171184023 0.05647058823529411
1 0.6619115549215406 0.6541176470588235 0.014265335235378032 0.05647058823529411
1 0.6833095577746078 0.6517647058823529 0.011412268188302425 0.047058823529411764
1 0.6904422253922967 0.656470588235294 0.014265335235378032 0.05647058823529411
1 0.6968616262482169 0.6576470588235294 0.01283880171184023 0.04941176470588235
1 0.7039942938659058 0.6541176470588235 0.009985734664764621 0.042352941176470586
1 0.7196861626248217 0.6517647058823529 0.009985734664764621 0.047058823529411764
1 0.7310984308131241 0.6552941176470588 0.009985734664764621 0.04470588235294117
1 0.7446504992867332 0.6529411764705881 0.011412268188302425 0.04470588235294117
1 0.7589158345221113 0.6505882352941176 0.011412268188302425 0.04470588235294117
1 0.7724679029957204 0.6529411764705881 0.01283880171184023 0.04941176470588235
1 0.7874465049928674 0.6517647058823529 0.008559201141226819 0.042352941176470586
1 0.7967189728958631 0.6529411764705881 0.009985734664764621 0.039999999999999994
1 0.8031383737517832 0.6552941176470588 0.011412268188302425 0.04470588235294117
1 0.8131241084165478 0.6529411764705881 0.008559201141226819 0.03529411764705882
1 0.8273894436519258 0.6494117647058822 0.008559201141226819 0.042352941176470586
1 0.8402282453637661 0.6529411764705881 0.011412268188302425 0.04941176470588235
1 0.855206847360913 0.6517647058823529 0.009985734664764621 0.047058823529411764
1 0.8666191155492154 0.6552941176470588 0.01283880171184023 0.04941176470588235
1 0.9671897289586305 0.6541176470588235 0.014265335235378032 0.06117647058823529
1 0.9115549215406562 0.6505882352941176 0.011412268188302425 0.04941176470588235
1 0.9265335235378032 0.656470588235294 0.009985734664764621 0.042352941176470586
1 0.9201141226818831 0.6541176470588235 0.008559201141226819 0.042352941176470586
1 0.9343794579172611 0.656470588235294 0.008559201141226819 0.03764705882352941
1 0.9393723252496434 0.6588235294117647 0.009985734664764621 0.047058823529411764
1 0.9486447931526392 0.6541176470588235 0.011412268188302425 0.047058823529411764
1 0.9572039942938659 0.648235294117647 0.008559201141226819 0.03529411764705882
1 0.9778887303851641 0.6517647058823529 0.007132667617689016 0.03764705882352941
1 0.985734664764622 0.6517647058823529 0.008559201141226819 0.042352941176470586
1 0.9914407988587732 0.6517647058823529 0.011412268188302425 0.051764705882352935
1 0.012125534950071327 0.5423529411764706 0.024251069900142655 0.05411764705882353
1 0.034236804564907276 0.5399999999999999 0.017118402282453638 0.0588235294117647
1 0.07061340941512126 0.5505882352941176 0.03851640513552069 0.06117647058823529
1 0.10128388017118403 0.5529411764705882 0.019971469329529243 0.047058823529411764
1 0.14907275320970043 0.5388235294117647 0.03851640513552069 0.07058823529411765
