1 0.7672727272727272 0.5218446601941747 0.18545454545454546 0.6116504854368932
1 0.8545454545454545 0.4672330097087378 0.16727272727272727 0.5461165048543689
1 0.9409090909090909 0.4478155339805825 0.11818181818181818 0.47330097087378636
1 0.69 0.4757281553398058 0.13272727272727272 0.4320388349514563
1 0.610909090909091 0.47208737864077666 0.13818181818181818 0.4490291262135922
1 0.24 0.5473300970873786 0.16 0.5266990291262136
1 0.31272727272727274 0.4817961165048543 0.1890909090909091 0.6140776699029126
1 0.38636363636363635 0.4793689320388349 0.14727272727272728 0.4781553398058252
1 0.1481818181818182 0.4757281553398058 0.12181818181818181 0.4029126213592233
1 0.06272727272727273 0.6019417475728155 0.12545454545454546 0.7524271844660193
1 0.47545454545454546 0.44296116504854366 0.056363636363636366 0.19174757281553395
