1 0.3358333333333334 0.8225 0.08166666666666667 0.305
1 0.42333333333333334 0.845 0.060000000000000005 0.225
1 0.49750000000000005 0.8225 0.06833333333333334 0.25
1 0.5391666666666667 0.7937500000000001 0.055 0.2025
1 0.5883333333333334 0.8525 0.06666666666666667 0.25
1 0.6583333333333333 0.8300000000000001 0.08666666666666667 0.315
1 0.7141666666666667 0.89 0.05166666666666667 0.195
1 0.7608333333333334 0.8425 0.07833333333333334 0.295
1 0.8641666666666667 0.8300000000000001 0.08166666666666667 0.305
1 0.925 0.80625 0.05 0.1925
1 0.9800000000000001 0.80375 0.04 0.2025
1 0.37583333333333335 0.795 0.06833333333333334 0.255
1 0.2941666666666667 0.80125 0.055 0.20750000000000002
1 0.225 0.8475 0.07333333333333333 0.275
1 0.03666666666666667 0.81875 0.07333333333333333 0.3375
1 0.0975 0.82125 0.09166666666666667 0.3425
1 0.61 0.7225 0.03666666666666667 0.07
1 0.7325 0.7325 0.025 0.075
1 0.6775 0.39125 0.09166666666666667 0.4225
