1 0.35375 0.6052631578947368 0.1925 0.656140350877193
1 0.5575 0.5543859649122808 0.17500000000000002 0.5964912280701754
1 0.745 0.5228070175438596 0.145 0.4982456140350877
1 0.9450000000000001 0.4736842105263158 0.11 0.3859649122807018
1 0.85375 0.4 0.0425 0.1543859649122807
1 0.82875 0.39824561403508774 0.0425 0.15789473684210525
1 0.63375 0.4543859649122807 0.0675 0.2280701754385965
1 0.4025 0.456140350877193 0.085 0.28771929824561404
1 0.21375 0.47017543859649125 0.0675 0.23157894736842105
1 0.1675 0.45263157894736844 0.065 0.22456140350877193
1 0.08375 0.47719298245614034 0.0775 0.2736842105263158
1 0.9125 0.4035087719298246 0.055 0.18947368421052632
