1 0.14347826086956522 0.830373001776199 0.057971014492753624 0.17584369449378331
1 0.4260869565217391 0.8143872113676732 0.05507246376811594 0.16518650088809947
1 0.4666666666666667 0.8197158081705151 0.052173913043478265 0.15808170515097691
1 0.7427536231884058 0.8161634103019538 0.0536231884057971 0.16518650088809947
1 0.8666666666666667 0.8285968028419183 0.0463768115942029 0.1438721136767318
1 0.9050724637681159 0.8259325044404974 0.04782608695652174 0.14564831261101244
1 0.7369565217391304 0.6900532859680284 0.03333333333333333 0.10479573712255773
1 0.6282608695652174 0.680284191829485 0.02753623188405797 0.08880994671403197
1 0.6594202898550725 0.6793960923623447 0.026086956521739132 0.07992895204262877
1 0.6942028985507247 0.6847246891651865 0.028985507246376812 0.09058614564831262
1 0.7072463768115942 0.6882770870337478 0.03188405797101449 0.09769094138543517
1 0.3753623188405797 0.6847246891651865 0.028985507246376812 0.09058614564831262
1 0.4043478260869565 0.6900532859680284 0.028985507246376812 0.08703374777975134
1 0.42391304347826086 0.6785079928952042 0.02463768115942029 0.07815275310834814
1 0.26231884057971017 0.6847246891651865 0.034782608695652174 0.10479573712255773
1 0.28840579710144926 0.6856127886323269 0.03188405797101449 0.09591474245115453
1 0.21739130434782608 0.6847246891651865 0.03188405797101449 0.09769094138543517
1 0.2 0.6829484902309059 0.034782608695652174 0.108348134991119
1 0.16666666666666666 0.680284191829485 0.028985507246376812 0.09236234458259325
1 0.13478260869565217 0.6740674955595027 0.026086956521739132 0.0763765541740675
1 0.08768115942028985 0.6811722912966253 0.030434782608695653 0.09058614564831262
1 0.0644927536231884 0.6811722912966253 0.02753623188405797 0.08348134991119005
1 0.04782608695652174 0.6714031971580817 0.020289855072463767 0.06394316163410302
1 0.486231884057971 0.658081705150977 0.04492753623188406 0.0763765541740675
1 0.5543478260869565 0.6642984014209592 0.03333333333333333 0.08170515097690942
