1 0.765 0.7184466019417475 0.12666666666666668 0.45631067961165045
1 0.53 0.703883495145631 0.10333333333333335 0.3689320388349514
1 0.6316666666666667 0.6905339805825242 0.06666666666666667 0.24514563106796114
1 0.5925 0.6844660194174756 0.07166666666666667 0.2524271844660194
1 0.25083333333333335 0.7148058252427184 0.07833333333333334 0.279126213592233
1 0.43500000000000005 0.7026699029126213 0.07666666666666667 0.279126213592233
1 0.3775 0.7160194174757281 0.06833333333333334 0.24271844660194172
1 0.46166666666666667 0.6990291262135921 0.06666666666666667 0.2378640776699029
1 0.33 0.7160194174757281 0.06333333333333334 0.2233009708737864
1 0.1875 0.7196601941747572 0.06166666666666667 0.22087378640776698
1 0.11333333333333334 0.7390776699029126 0.06666666666666667 0.2402912621359223
1 0.08666666666666667 0.7317961165048543 0.06666666666666667 0.23543689320388347
1 0.7191666666666667 0.6432038834951456 0.025 0.09223300970873785
1 0.675 0.6529126213592232 0.023333333333333334 0.09223300970873785
1 0.6566666666666667 0.6480582524271844 0.02666666666666667 0.09708737864077668
1 0.9366666666666668 0.625 0.023333333333333334 0.08980582524271843
