1 0.14565217391304347 0.6032608695652174 0.09710144927536232 0.358695652173913
1 0.29492753623188406 0.525 0.04782608695652174 0.17608695652173914
1 0.3210144927536232 0.5347826086956522 0.0391304347826087 0.14782608695652175
1 0.37318840579710144 0.5445652173913044 0.04492753623188406 0.1673913043478261
1 0.42536231884057973 0.5532608695652174 0.04782608695652174 0.18043478260869567
1 0.48405797101449277 0.566304347826087 0.052173913043478265 0.19782608695652174
1 0.5855072463768116 0.5760869565217391 0.06086956521739131 0.2217391304347826
1 0.7253623188405797 0.6010869565217392 0.06811594202898551 0.25434782608695655
1 0.8876811594202899 0.65 0.06811594202898551 0.2565217391304348
1 0.8144927536231884 0.5847826086956521 0.06086956521739131 0.23043478260869565
1 0.9623188405797102 0.616304347826087 0.06376811594202898 0.24130434782608695
1 0.7557971014492754 0.5521739130434783 0.050724637681159424 0.18695652173913044
1 0.26666666666666666 0.4608695652173913 0.020289855072463767 0.07391304347826087
1 0.06739130434782609 0.4565217391304348 0.015942028985507246 0.05652173913043478
1 0.05579710144927536 0.45760869565217394 0.013043478260869566 0.05434782608695652
1 0.043478260869565216 0.45543478260869563 0.011594202898550725 0.04565217391304348
1 0.029710144927536233 0.45217391304347826 0.013043478260869566 0.052173913043478265
1 0.015217391304347827 0.4597826086956522 0.01884057971014493 0.07608695652173914
1 0.2398550724637681 0.44782608695652176 0.013043478260869566 0.04782608695652174
1 0.5173913043478261 0.5434782608695652 0.043478260869565216 0.16086956521739132
1 0.5362318840579711 0.5217391304347826 0.034782608695652174 0.13478260869565217
1 0.644927536231884 0.5456521739130434 0.0463768115942029 0.16956521739130434
1 0.6876811594202898 0.5619565217391305 0.050724637681159424 0.1934782608695652
1 0.85 0.5413043478260869 0.042028985507246375 0.16086956521739132
1 0.4528985507246377 0.5304347826086957 0.0391304347826087 0.14347826086956522
1 0.17101449275362318 0.45108695652173914 0.011594202898550725 0.05
1 0.20724637681159422 0.44456521739130433 0.011594202898550725 0.05
1 0.1 0.45108695652173914 0.014492753623188406 0.058695652173913045
1 0.11304347826086956 0.45108695652173914 0.011594202898550725 0.04565217391304348
1 0.6166666666666667 0.5347826086956522 0.0391304347826087 0.14782608695652175
1 0.6753623188405797 0.5228260869565218 0.03768115942028986 0.13695652173913045
1 0.5449275362318841 0.5086956521739131 0.034782608695652174 0.13043478260869565
1 0.413768115942029 0.525 0.042028985507246375 0.15869565217391304
