1 0.42625 0.5489208633093525 0.20750000000000002 0.8733812949640288
1 0.6604166666666668 0.24820143884892087 0.0675 0.28345323741007195
1 0.7125 0.3769784172661871 0.018333333333333333 0.08057553956834533
1 0.59375 0.31079136690647485 0.0275 0.12086330935251799
1 0.5700000000000001 0.320863309352518 0.018333333333333333 0.07769784172661871
1 0.5720833333333334 0.3057553956834532 0.022500000000000003 0.09352517985611511
1 0.5383333333333333 0.2992805755395683 0.023333333333333334 0.09784172661870504
1 0.30583333333333335 0.21798561151079138 0.030000000000000002 0.12517985611510793
1 0.10750000000000001 0.18489208633093526 0.030000000000000002 0.12517985611510793
1 0.07791666666666668 0.19136690647482016 0.030833333333333334 0.12949640287769784
1 0.015416666666666667 0.1971223021582734 0.02416666666666667 0.10647482014388489
1 0.21625000000000003 0.22661870503597123 0.0175 0.07625899280575539
1 0.22958333333333336 0.23093525179856117 0.015833333333333335 0.07050359712230216
1 0.25625000000000003 0.2517985611510791 0.009166666666666667 0.040287769784172665
1 0.16416666666666668 0.23741007194244604 0.015000000000000001 0.06618705035971223
1 0.12666666666666668 0.23309352517985613 0.016666666666666666 0.06906474820143885
1 0.76 0.4035971223021583 0.015000000000000001 0.06762589928057554
1 0.14458333333333334 0.24172661870503598 0.009166666666666667 0.04316546762589928
1 0.9125000000000001 0.42302158273381296 0.03833333333333334 0.1669064748201439
1 0.9375000000000001 0.4374100719424461 0.035 0.15251798561151078
1 0.9695833333333334 0.4510791366906475 0.03916666666666667 0.16546762589928057
1 0.98375 0.4676258992805756 0.0325 0.15539568345323743
1 0.7358333333333333 0.40863309352517985 0.01 0.04892086330935252
1 0.7208333333333333 0.39928057553956836 0.013333333333333334 0.041726618705035974
1 0.36541666666666667 0.2827338129496403 0.007500000000000001 0.033093525179856115
1 0.3579166666666667 0.2798561151079137 0.009166666666666667 0.030215827338129497
1 0.3479166666666667 0.28057553956834536 0.009166666666666667 0.034532374100719423
1 0.33458333333333334 0.2755395683453237 0.007500000000000001 0.02733812949640288
1 0.3383333333333334 0.25323741007194245 0.01 0.014388489208633094
