1 0.08300395256916995 0.550221565731167 0.03162055335968379 0.11669128508124077
1 0.141798418972332 0.5457902511078286 0.0266798418972332 0.09601181683899558
1 0.10573122529644267 0.5494830132939439 0.017786561264822132 0.06499261447562778
1 0.04693675889328063 0.5391432791728213 0.036561264822134384 0.1358936484490399
1 0.028162055335968376 0.5413589364844904 0.04051383399209486 0.14918759231905465
1 0.4268774703557312 0.5480059084194978 0.18577075098814227 0.6824224519940916
1 0.3275691699604743 0.5450516986706057 0.12944664031620554 0.47267355982274745
1 0.299901185770751 0.5420974889217135 0.10177865612648221 0.3722304283604136
1 0.2519762845849802 0.5369276218611522 0.08498023715415019 0.3087149187592319
1 0.2243083003952569 0.5376661742983753 0.07312252964426877 0.2658788774002954
1 0.15019762845849802 0.5413589364844904 0.02766798418972332 0.10192023633677992
1 0.19565217391304346 0.5369276218611522 0.043478260869565216 0.16395864106351551
1 0.18033596837944663 0.5376661742983753 0.04051383399209486 0.14771048744460857
1 0.7114624505928854 0.5384047267355982 0.11857707509881422 0.4327917282127031
1 0.5904150197628458 0.5420974889217135 0.09189723320158102 0.33677991137370755
1 0.942687747035573 0.5273264401772526 0.11462450592885375 0.6558345642540621
1 0.8488142292490118 0.5265878877400296 0.08300395256916995 0.30576070901033975
1 0.9214426877470355 0.5295420974889218 0.06818181818181818 0.2496307237813885
1 0.7994071146245059 0.5324963072378139 0.05533596837944664 0.20531757754800592
1 0.6299407114624506 0.5258493353028065 0.06620553359683794 0.24224519940915806
