1 0.2416798732171157 0.7494033412887828 0.12519809825673534 0.4630071599045346
1 0.7939778129952457 0.594272076372315 0.05071315372424723 0.19093078758949883
1 0.8478605388272583 0.6050119331742244 0.05705229793977813 0.20763723150357996
1 0.8954041204437402 0.6109785202863962 0.05705229793977813 0.21479713603818618
1 0.9675118858954042 0.6241050119331742 0.06497622820919176 0.24105011933174225
1 0.7614896988906498 0.5763723150357996 0.049128367670364506 0.18377088305489261
1 0.3225039619651347 0.5155131264916468 0.0427892234548336 0.162291169451074
1 0.28209191759112523 0.522673031026253 0.03486529318541997 0.13365155131264916
1 0.19413629160063392 0.7326968973747017 0.11885895404120445 0.4343675417661098
1 0.3510301109350238 0.5167064439140812 0.039619651347068144 0.14558472553699284
1 0.3803486529318542 0.5274463007159905 0.03486529318541997 0.13365155131264916
1 0.4041204437400951 0.5250596658711217 0.03486529318541997 0.1288782816229117
1 0.42472266244057055 0.522673031026253 0.03169572107765452 0.12410501193317423
1 0.4556259904912837 0.5202863961813843 0.030110935023771792 0.10978520286396182
1 0.4770206022187005 0.5262529832935561 0.03169572107765452 0.11694510739856802
1 0.49524564183835185 0.5190930787589499 0.03328050713153724 0.12171837708830549
1 0.5206022187004754 0.5155131264916468 0.030110935023771792 0.11455847255369929
1 0.3510301109350238 0.7505966587112172 0.08082408874801902 0.2315035799522673
1 0.4746434231378764 0.7684964200477328 0.10618066561014264 0.2720763723150358
1 0.5903328050713154 0.8269689737470167 0.11568938193343899 0.24582338902147974
1 0.7385103011093502 0.8508353221957041 0.09508716323296355 0.22673031026252985
1 0.8898573692551506 0.8711217183770883 0.18541996830427893 0.23389021479713604
