1 0.028 0.23042168674698796 0.056 0.23192771084337352
1 0.084 0.18674698795180725 0.068 0.25903614457831325
1 0.147 0.12650602409638556 0.066 0.24096385542168675
1 0.095 0.3132530120481928 0.078 0.28915662650602414
1 0.148 0.2876506024096386 0.08 0.2921686746987952
1 0.211 0.22590361445783133 0.074 0.28313253012048195
1 0.031 0.6039156626506025 0.062 0.3885542168674699
1 0.091 0.5075301204819277 0.094 0.34638554216867473
1 0.137 0.4563253012048193 0.094 0.34638554216867473
1 0.18 0.42168674698795183 0.084 0.3072289156626506
1 0.216 0.36596385542168675 0.08 0.3042168674698795
1 0.247 0.32228915662650603 0.078 0.29518072289156627
1 0.435 0.14909638554216867 0.074 0.2801204819277109
1 0.37 0.2243975903614458 0.076 0.286144578313253
1 0.085 0.8253012048192772 0.09 0.3373493975903615
1 0.16 0.7921686746987953 0.112 0.4096385542168675
1 0.21 0.7213855421686748 0.112 0.41867469879518077
1 0.245 0.6671686746987953 0.106 0.39457831325301207
1 0.28800000000000003 0.6024096385542169 0.1 0.3734939759036145
1 0.333 0.536144578313253 0.10200000000000001 0.3734939759036145
1 0.367 0.5045180722891567 0.094 0.35240963855421686
1 0.40700000000000003 0.427710843373494 0.09 0.3373493975903615
1 0.444 0.4051204819277109 0.092 0.34036144578313254
1 0.47200000000000003 0.3614457831325301 0.076 0.28313253012048195
1 0.521 0.27560240963855426 0.08600000000000001 0.32228915662650603
1 0.403 0.7515060240963856 0.10200000000000001 0.38253012048192775
1 0.464 0.641566265060241 0.112 0.4096385542168675
1 0.517 0.5813253012048193 0.094 0.3493975903614458
1 0.557 0.7951807228915663 0.10200000000000001 0.3855421686746988
1 0.513 0.8328313253012049 0.09 0.3283132530120482
1 0.587 0.7530120481927711 0.106 0.39759036144578314
1 0.627 0.6807228915662651 0.10200000000000001 0.3855421686746988
1 0.656 0.5918674698795181 0.108 0.39457831325301207
1 0.674 0.5512048192771085 0.092 0.3493975903614458
1 0.6960000000000001 0.516566265060241 0.088 0.33433734939759036
1 0.781 0.3418674698795181 0.074 0.2801204819277109
1 0.801 0.2801204819277109 0.07 0.26506024096385544
1 0.75 0.3930722891566265 0.08 0.29819277108433734
1 0.8220000000000001 0.6400602409638555 0.1 0.37650602409638556
1 0.778 0.7906626506024097 0.1 0.36445783132530124
1 0.801 0.746987951807229 0.11 0.4036144578313253
1 0.8320000000000001 0.625 0.092 0.34036144578313254
