1 0.02 0.51125 0.02666666666666667 0.0975
1 0.22666666666666668 0.53 0.05666666666666667 0.215
1 0.2791666666666667 0.53125 0.065 0.2425
1 0.2 0.5325 0.04666666666666667 0.18
1 0.1691666666666667 0.525 0.04166666666666667 0.155
1 0.155 0.525 0.03333333333333333 0.13
1 0.37333333333333335 0.5325 0.06333333333333334 0.23
1 0.335 0.52875 0.05333333333333334 0.2025
1 0.25 0.525 0.04 0.155
1 0.4108333333333334 0.535 0.05166666666666667 0.19
1 0.46416666666666667 0.535 0.055 0.20500000000000002
1 0.5491666666666667 0.5325 0.055 0.21
1 0.6033333333333334 0.53125 0.05333333333333334 0.1975
1 0.6566666666666667 0.56 0.05666666666666667 0.21
1 0.5933333333333334 0.535 0.043333333333333335 0.165
1 0.4866666666666667 0.53 0.04666666666666667 0.17
1 0.43083333333333335 0.53 0.04166666666666667 0.15
1 0.6925 0.53125 0.03166666666666667 0.11750000000000001
1 0.6375000000000001 0.5275 0.028333333333333335 0.105
1 0.7400000000000001 0.53625 0.030000000000000002 0.1125
1 0.8208333333333334 0.54625 0.035 0.1275
1 0.88 0.54625 0.03666666666666667 0.1375
1 0.9533333333333334 0.5475 0.04 0.145
1 0.11 0.50875 0.02 0.0725
