1 0.3433333333333334 0.5760598503740648 0.22666666666666668 0.8329177057356608
1 0.1975 0.5922693266832918 0.165 0.600997506234414
1 0.13833333333333334 0.5985037406483791 0.13333333333333333 0.4937655860349127
1 0.07416666666666667 0.5997506234413965 0.115 0.42144638403990026
1 0.4291666666666667 0.5947630922693267 0.13833333333333334 0.5062344139650873
1 0.2516666666666667 0.5985037406483791 0.11 0.40399002493765584
1 0.5083333333333334 0.5885286783042394 0.10333333333333335 0.38403990024937656
1 0.6508333333333334 0.5698254364089775 0.2016666666666667 0.7356608478802993
1 0.8116666666666668 0.5885286783042394 0.15333333333333335 0.5586034912718204
1 0.9441666666666667 0.5760598503740648 0.11166666666666668 0.46384039900249374
1 0.8625 0.5947630922693267 0.07833333333333334 0.286783042394015
1 0.5425 0.5922693266832918 0.07833333333333334 0.286783042394015
