1 0.1037344398340249 0.70625 0.04149377593360996 0.17500000000000002
1 0.38381742738589214 0.7625000000000001 0.05394190871369295 0.21250000000000002
1 0.3029045643153527 0.671875 0.04149377593360996 0.15625
1 0.491701244813278 0.603125 0.04564315352697095 0.18125000000000002
1 0.5850622406639004 0.6531250000000001 0.04149377593360996 0.15625
1 0.6058091286307054 0.65 0.03319502074688797 0.125
1 0.7012448132780082 0.65 0.04149377593360996 0.15000000000000002
1 0.6680497925311203 0.6125 0.04149377593360996 0.15000000000000002
1 0.6410788381742739 0.578125 0.04564315352697095 0.18125000000000002
1 0.7344398340248963 0.55625 0.04149377593360996 0.1625
1 0.7551867219917012 0.53125 0.03319502074688797 0.125
1 0.946058091286307 0.5750000000000001 0.03319502074688797 0.1375
1 0.970954356846473 0.58125 0.04149377593360996 0.1625
1 0.9273858921161826 0.8250000000000001 0.05394190871369295 0.2
1 0.8838174273858921 0.6781250000000001 0.03319502074688797 0.14375000000000002
1 0.8112033195020747 0.503125 0.03734439834024896 0.13125
1 0.7406639004149378 0.421875 0.029045643153526972 0.10625000000000001
1 0.6473029045643154 0.43125 0.024896265560165977 0.1125
1 0.5394190871369294 0.45937500000000003 0.024896265560165977 0.10625000000000001
1 0.42738589211618255 0.5906250000000001 0.04149377593360996 0.15625
1 0.3941908713692946 0.5750000000000001 0.024896265560165977 0.1125
1 0.10995850622406639 0.42812500000000003 0.029045643153526972 0.10625000000000001
1 0.07053941908713693 0.503125 0.03319502074688797 0.11875000000000001
1 0.04149377593360996 0.525 0.03319502074688797 0.1375
1 0.014522821576763486 0.509375 0.029045643153526972 0.14375000000000002
