1 0.6536231884057971 0.3781431334622824 0.11884057971014493 0.38878143133462284
1 0.6855072463768116 0.3771760154738878 0.09565217391304348 0.3172147001934236
1 0.3652173913043478 0.39748549323017407 0.11304347826086956 0.3733075435203095
1 0.4166666666666667 0.28916827852998067 0.05652173913043478 0.18762088974854932
1 0.32318840579710145 0.2620889748549323 0.034782608695652174 0.11411992263056094
1 0.16086956521739132 0.2330754352030948 0.034782608695652174 0.11798839458413926
1 0.1847826086956522 0.2379110251450677 0.03333333333333333 0.11218568665377177
1 0.9804347826086957 0.2553191489361702 0.0391304347826087 0.13539651837524178
1 0.9550724637681159 0.23887814313346228 0.026086956521739132 0.08704061895551257
1 0.5615942028985508 0.25822050290135395 0.05652173913043478 0.18375241779497098
1 0.5318840579710145 0.2601547388781431 0.06086956521739131 0.19922630560928434
1 0.07681159420289856 0.23500967117988394 0.04057971014492753 0.13346228239845262
1 0.04710144927536232 0.24564796905222439 0.04492753623188406 0.1470019342359768
1 0.014492753623188406 0.24564796905222439 0.028985507246376812 0.1586073500967118
1 0.2855072463768116 0.21083172147001936 0.028985507246376812 0.10058027079303675
1 0.23550724637681159 0.22340425531914893 0.030434782608695653 0.10638297872340426
1 0.2108695652173913 0.22340425531914893 0.03333333333333333 0.11411992263056094
1 0.4956521739130435 0.2504835589941973 0.052173913043478265 0.16827852998065765
1 0.4434782608695652 0.2611218568665377 0.04057971014492753 0.13539651837524178
1 0.5971014492753624 0.2601547388781431 0.04927536231884058 0.16054158607350097
1 0.11376811594202899 0.23500967117988394 0.021739130434782608 0.0793036750483559
1 0.1463768115942029 0.28916827852998067 0.057971014492753624 0.0793036750483559
1 0.20869565217391306 0.2649903288201161 0.026086956521739132 0.0735009671179884
1 0.34202898550724636 0.24177949709864605 0.020289855072463767 0.0851063829787234
1 0.7992753623188406 0.23017408123791103 0.02753623188405797 0.0735009671179884
1 0.7188405797101449 0.23694390715667313 0.02318840579710145 0.08317214700193423
