1 0.1278481012658228 0.6426116838487972 0.07341772151898734 0.24742268041237114
1 0.21012658227848102 0.6323024054982818 0.06075949367088608 0.1993127147766323
1 0.34936708860759497 0.6838487972508591 0.10126582278481013 0.3367697594501718
1 0.30253164556962026 0.6323024054982818 0.06329113924050633 0.21305841924398625
1 0.2569620253164557 0.6134020618556701 0.06329113924050633 0.20962199312714777
1 0.056962025316455694 0.6030927835051546 0.05822784810126582 0.1958762886597938
1 0.4329113924050633 0.6323024054982818 0.06075949367088608 0.20618556701030927
1 0.46329113924050636 0.6632302405498282 0.0759493670886076 0.2611683848797251
1 0.3860759493670886 0.6563573883161512 0.07848101265822785 0.26804123711340205
1 0.5936708860759494 0.6890034364261168 0.07848101265822785 0.25773195876288657
1 0.6506329113924051 0.647766323024055 0.07088607594936709 0.24398625429553264
1 0.5379746835443038 0.6941580756013745 0.10379746835443038 0.35051546391752575
1 0.7873417721518987 0.6993127147766323 0.09620253164556962 0.31958762886597936
1 0.8189873417721519 0.6872852233676976 0.08354430379746836 0.27491408934707906
1 0.8430379746835444 0.654639175257732 0.0759493670886076 0.2508591065292096
1 0.8696202531645569 0.6374570446735395 0.05822784810126582 0.1958762886597938
1 0.8974683544303798 0.6168384879725086 0.05822784810126582 0.2027491408934708
1 0.9392405063291139 0.6013745704467354 0.06075949367088608 0.20618556701030927
1 0.9721518987341773 0.7147766323024055 0.05569620253164557 0.3367697594501718
1 0.7265822784810126 0.6237113402061856 0.06582278481012659 0.2233676975945017
1 0.6860759493670886 0.6288659793814433 0.06582278481012659 0.21993127147766323
