1 0.17833333333333334 0.58625 0.060000000000000005 0.2175
1 0.23083333333333333 0.5725 0.058333333333333334 0.22
1 0.29833333333333334 0.57875 0.043333333333333335 0.1675
1 0.32916666666666666 0.5775 0.045000000000000005 0.17
1 0.35333333333333333 0.55 0.043333333333333335 0.165
1 0.3925 0.54875 0.04166666666666667 0.1525
1 0.4216666666666667 0.5475 0.03666666666666667 0.135
1 0.4441666666666667 0.54875 0.035 0.1375
1 0.4666666666666667 0.5387500000000001 0.03666666666666667 0.1375
1 0.5 0.535 0.03333333333333333 0.13
1 0.525 0.5375 0.03333333333333333 0.12
1 0.5533333333333333 0.5275 0.03333333333333333 0.125
1 0.5800000000000001 0.5325 0.02666666666666667 0.1
1 0.61 0.5175 0.02666666666666667 0.105
1 0.6175 0.53 0.025 0.095
1 0.6483333333333334 0.5225 0.023333333333333334 0.095
1 0.6825 0.51 0.03166666666666667 0.125
1 0.7016666666666667 0.51375 0.03333333333333333 0.1225
1 0.7283333333333334 0.5125 0.03333333333333333 0.13
1 0.7433333333333334 0.52 0.03333333333333333 0.125
1 0.7616666666666667 0.51375 0.04 0.1475
1 0.7858333333333334 0.5175 0.03833333333333334 0.14
1 0.8133333333333334 0.52625 0.03666666666666667 0.14250000000000002
1 0.8400000000000001 0.52625 0.04 0.1475
1 0.8691666666666668 0.525 0.04833333333333334 0.18
1 0.8966666666666667 0.535 0.043333333333333335 0.165
1 0.9166666666666667 0.5275 0.04666666666666667 0.17
1 0.9583333333333334 0.53625 0.043333333333333335 0.1675
1 0.9400000000000001 0.49125 0.023333333333333334 0.0925
1 0.6358333333333334 0.51125 0.03166666666666667 0.11750000000000001
