1 0.055 0.658703071672355 0.11 0.6143344709897611
1 0.092 0.6279863481228669 0.148 0.6279863481228669
1 0.168 0.6535836177474402 0.152 0.6382252559726963
1 0.314 0.5938566552901023 0.152 0.6348122866894198
1 0.381 0.6313993174061433 0.154 0.6484641638225256
1 0.501 0.5887372013651877 0.154 0.6450511945392492
1 0.624 0.6006825938566553 0.156 0.6552901023890785
1 0.763 0.5921501706484642 0.154 0.6518771331058021
1 0.68 0.5699658703071673 0.14 0.5870307167235495
1 0.842 0.515358361774744 0.136 0.5733788395904437
1 0.89 0.5290102389078498 0.14 0.5802047781569966
1 0.9490000000000001 0.5631399317406144 0.10200000000000001 0.6279863481228669
1 0.216 0.5426621160409556 0.132 0.552901023890785
1 0.264 0.46928327645051193 0.124 0.5290102389078498
1 0.106 0.295221843003413 0.07200000000000001 0.08532423208191127
1 0.355 0.27303754266211605 0.046 0.07508532423208192
1 0.41200000000000003 0.2986348122866894 0.032 0.07167235494880546
1 0.445 0.27474402730375425 0.034 0.10580204778156997
1 0.524 0.2491467576791809 0.04 0.06825938566552901
1 0.801 0.13651877133105803 0.03 0.08873720136518772
1 0.859 0.11604095563139932 0.038 0.07508532423208192
1 0.764 0.11604095563139932 0.04 0.06143344709897611
1 0.871 0.06825938566552901 0.058 0.08191126279863481
1 0.718 0.12286689419795221 0.032 0.07508532423208192
1 0.71 0.20477815699658702 0.044 0.07508532423208192
1 0.608 0.1416382252559727 0.036000000000000004 0.08532423208191127
1 0.649 0.11604095563139932 0.042 0.06143344709897611
1 0.28300000000000003 0.06825938566552901 0.026000000000000002 0.06825938566552901
1 0.251 0.05802047781569966 0.03 0.06143344709897611
1 0.197 0.040955631399317405 0.026000000000000002 0.05460750853242321
1 0.161 0.08361774744027303 0.034 0.07167235494880546
1 0.125 0.06143344709897611 0.026000000000000002 0.07508532423208192
1 0.101 0.06655290102389079 0.022 0.051194539249146756
1 0.085 0.09556313993174062 0.034 0.05460750853242321
1 0.07 0.03754266211604096 0.02 0.05460750853242321
1 0.041 0.03924914675767918 0.034 0.05802047781569966
