1 0.01 0.5823353293413174 0.02 0.14670658682634732
1 0.042 0.5014970059880239 0.012 0.05089820359281438
1 0.079 0.5898203592814372 0.054 0.19760479041916168
1 0.229 0.5823353293413174 0.038 0.1407185628742515
1 0.291 0.5793413173652695 0.046 0.17065868263473055
1 0.299 0.5239520958083833 0.03 0.11377245508982037
1 0.334 0.5823353293413174 0.052000000000000005 0.19461077844311378
1 0.405 0.5838323353293413 0.058 0.2155688622754491
1 0.47500000000000003 0.6002994011976048 0.062 0.22455089820359284
1 0.511 0.6332335329341318 0.08600000000000001 0.3203592814371258
1 0.741 0.657185628742515 0.10200000000000001 0.37425149700598803
1 0.809 0.531437125748503 0.046 0.17664670658682635
1 0.864 0.46556886227544914 0.024 0.08682634730538923
1 0.934 0.48353293413173654 0.036000000000000004 0.1287425149700599
1 0.98 0.4880239520958084 0.04 0.14371257485029942
1 0.782 0.4191616766467066 0.148 0.07185628742514971
1 0.657 0.4326347305389222 0.082 0.05089820359281438
1 0.373 0.4416167664670659 0.13 0.05089820359281438
1 0.084 0.47754491017964074 0.024 0.07485029940119761
1 0.249 0.5538922155688623 0.03 0.07784431137724551
1 0.132 0.49850299401197606 0.056 0.05089820359281438
