1 0.020833333333333336 0.5626702997275204 0.021666666666666667 0.08446866485013624
1 0.0475 0.5217983651226158 0.015000000000000001 0.06811989100817438
1 0.14166666666666666 0.6376021798365122 0.023333333333333334 0.09264305177111716
1 0.16666666666666669 0.6158038147138964 0.016666666666666666 0.07629427792915532
1 0.20833333333333334 0.5994550408719346 0.016666666666666666 0.07084468664850135
1 0.225 0.5803814713896458 0.013333333333333334 0.05449591280653951
1 0.25333333333333335 0.5749318801089918 0.016666666666666666 0.07084468664850135
1 0.27166666666666667 0.5653950953678474 0.016666666666666666 0.07356948228882834
1 0.2941666666666667 0.553133514986376 0.018333333333333333 0.08174386920980926
1 0.3141666666666667 0.5381471389645777 0.015000000000000001 0.05722070844686648
1 0.33083333333333337 0.5299727520435967 0.015000000000000001 0.06811989100817438
1 0.34500000000000003 0.5395095367847411 0.016666666666666666 0.07084468664850135
1 0.36083333333333334 0.5762942779291553 0.018333333333333333 0.07356948228882834
1 0.3741666666666667 0.5408719346049046 0.015000000000000001 0.06811989100817438
1 0.39 0.55858310626703 0.013333333333333334 0.05994550408719346
1 0.40750000000000003 0.5435967302452316 0.015000000000000001 0.05722070844686648
1 0.4191666666666667 0.5517711171662125 0.018333333333333333 0.07356948228882834
1 0.4416666666666667 0.5735694822888283 0.016666666666666666 0.06811989100817438
1 0.4658333333333334 0.5980926430517711 0.021666666666666667 0.08991825613079019
1 0.48000000000000004 0.55858310626703 0.016666666666666666 0.07084468664850135
1 0.5008333333333334 0.5694822888283378 0.021666666666666667 0.08719346049046321
1 0.5233333333333333 0.5885558583106267 0.016666666666666666 0.07084468664850135
1 0.55 0.6103542234332425 0.02 0.08174386920980926
1 0.5175000000000001 0.5095367847411444 0.015000000000000001 0.05994550408719346
1 0.5425 0.5231607629427792 0.015000000000000001 0.05994550408719346
1 0.5516666666666667 0.49591280653950953 0.013333333333333334 0.05994550408719346
1 0.5725 0.47411444141689374 0.008333333333333333 0.043596730245231606
1 0.5925 0.46185286103542234 0.011666666666666667 0.051771117166212535
1 0.61 0.43324250681198906 0.01 0.049046321525885554
1 0.6233333333333334 0.44959128065395093 0.013333333333333334 0.05449591280653951
1 0.6483333333333334 0.4645776566757493 0.013333333333333334 0.05722070844686648
1 0.6633333333333333 0.41689373297002724 0.006666666666666667 0.0326975476839237
1 0.6791666666666667 0.385558583106267 0.008333333333333333 0.04087193460490463
1 0.6975 0.37193460490463215 0.008333333333333333 0.04087193460490463
1 0.7250000000000001 0.3964577656675749 0.01 0.04087193460490463
1 0.7616666666666667 0.3010899182561308 0.01 0.04632152588555858
1 0.8016666666666667 0.3528610354223433 0.013333333333333334 0.06267029972752043
1 0.6925 0.5326975476839236 0.011666666666666667 0.051771117166212535
1 0.7375 0.5299727520435967 0.015000000000000001 0.05722070844686648
1 0.8608333333333333 0.7302452316076294 0.028333333333333335 0.11444141689373297
1 0.42083333333333334 0.826975476839237 0.028333333333333335 0.11171662125340599
1 0.4766666666666667 0.8773841961852861 0.02666666666666667 0.11444141689373297
1 0.24750000000000003 0.9264305177111716 0.025 0.10899182561307902
1 0.23083333333333333 0.888283378746594 0.028333333333333335 0.11989100817438691
1 0.20083333333333334 0.8555858310626703 0.028333333333333335 0.11989100817438691
1 0.17916666666666667 0.8405994550408719 0.025 0.10626702997275204
1 0.06916666666666667 0.8801089918256131 0.03166666666666667 0.1307901907356948
1 0.11916666666666667 0.7438692098092643 0.025 0.09809264305177111
1 0.04083333333333333 0.7247956403269754 0.028333333333333335 0.11444141689373297
1 0.28250000000000003 0.6498637602179836 0.021666666666666667 0.08991825613079019
1 0.035833333333333335 0.4141689373297003 0.045000000000000005 0.15258855585831063
1 0.11916666666666667 0.5354223433242506 0.07500000000000001 0.12806539509536785
1 0.18416666666666667 0.5149863760217983 0.08833333333333333 0.1416893732970027
1 0.26166666666666666 0.47275204359673023 0.11666666666666667 0.12261580381471389
1 0.3358333333333334 0.46185286103542234 0.155 0.1662125340599455
1 0.4316666666666667 0.4427792915531335 0.15333333333333335 0.22615803814713895
1 0.5308333333333334 0.3760217983651226 0.165 0.12534059945504086
1 0.6166666666666667 0.3106267029972752 0.14333333333333334 0.07629427792915532
1 0.6375000000000001 0.25885558583106266 0.10166666666666667 0.0653950953678474
1 0.08 0.33787465940054495 0.09333333333333334 0.1416893732970027
1 0.1691666666666667 0.31335149863760214 0.11833333333333335 0.11989100817438691
1 0.26666666666666666 0.29155313351498635 0.08666666666666667 0.10899182561307902
1 0.3466666666666667 0.23705722070844687 0.11666666666666667 0.09264305177111716
1 0.48500000000000004 0.220708446866485 0.14666666666666667 0.0653950953678474
1 0.4683333333333334 0.27111716621253407 0.12000000000000001 0.03542234332425068
1 0.8300000000000001 0.32697547683923706 0.10333333333333335 0.08719346049046321
1 0.9 0.35013623978201636 0.16 0.03542234332425068
1 0.8925000000000001 0.4196185286103542 0.18833333333333335 0.10899182561307902
1 0.8325 0.6457765667574932 0.2916666666666667 0.12534059945504086
1 0.795 0.7302452316076294 0.38 0.1416893732970027
1 0.7308333333333333 0.8337874659400545 0.4683333333333334 0.15803814713896458
1 0.7133333333333334 0.944141689373297 0.49000000000000005 0.11171662125340599
1 0.41500000000000004 0.9618528610354223 0.08666666666666667 0.07084468664850135
1 0.6475000000000001 0.37193460490463215 0.07166666666666667 0.08446866485013624
