1 0.336 0.5653333333333334 0.076 0.25066666666666665
1 0.497 0.512 0.05 0.16
1 0.20800000000000002 0.4693333333333333 0.04 0.128
1 0.222 0.4573333333333333 0.032 0.10933333333333332
1 0.3 0.48533333333333334 0.044 0.144
1 0.038 0.4746666666666666 0.076 0.24533333333333332
1 0.34700000000000003 0.42533333333333334 0.026000000000000002 0.088
1 0.355 0.432 0.022 0.08
1 0.366 0.43066666666666664 0.024 0.08266666666666667
1 0.396 0.42666666666666664 0.016 0.058666666666666666
1 0.681 0.6639999999999999 0.162 0.528
1 0.921 0.6386666666666666 0.146 0.48266666666666663
1 0.875 0.46399999999999997 0.03 0.10666666666666666
1 0.974 0.4693333333333333 0.032 0.10666666666666666
1 0.805 0.428 0.006 0.029333333333333333
1 0.849 0.42533333333333334 0.006 0.029333333333333333
1 0.782 0.43466666666666665 0.012 0.03733333333333333
1 0.768 0.42933333333333334 0.008 0.032
1 0.717 0.4413333333333333 0.018000000000000002 0.056
1 0.647 0.42533333333333334 0.01 0.034666666666666665
1 0.243 0.42133333333333334 0.022 0.08
1 0.075 0.344 0.038 0.064
1 0.122 0.33866666666666667 0.028 0.06933333333333333
1 0.158 0.3453333333333333 0.024 0.04533333333333333
1 0.187 0.352 0.03 0.05333333333333333
1 0.23500000000000001 0.37066666666666664 0.054 0.03733333333333333
1 0.358 0.372 0.04 0.024
1 0.491 0.41466666666666663 0.114 0.034666666666666665
1 0.611 0.42 0.098 0.04533333333333333
1 0.751 0.424 0.062 0.048
1 0.864 0.42266666666666663 0.032 0.024
