1 0.13166666666666668 0.6625 0.15666666666666668 0.585
1 0.26166666666666666 0.5475 0.12333333333333334 0.465
1 0.2316666666666667 0.3775 0.023333333333333334 0.095
1 0.33666666666666667 0.51 0.09333333333333334 0.34
1 0.4316666666666667 0.5675 0.13 0.485
1 0.49833333333333335 0.6575 0.17666666666666667 0.645
1 0.5966666666666667 0.5 0.08 0.31
1 0.7116666666666667 0.6825 0.16333333333333333 0.605
1 0.8533333333333334 0.6475 0.18000000000000002 0.665
1 0.9533333333333334 0.615 0.09333333333333334 0.56
1 0.16666666666666669 0.3225 0.02 0.055
1 0.76 0.38 0.02666666666666667 0.08
1 0.7966666666666667 0.3975 0.03333333333333333 0.075
1 0.5333333333333333 0.3675 0.04 0.105
1 0.92 0.4 0.060000000000000005 0.13
