1 0.165 0.7270168855534709 0.045 0.17073170731707318
1 0.203125 0.7288930581613509 0.04625 0.17448405253283303
1 0.275 0.7307692307692307 0.05 0.18574108818011256
1 0.32875 0.7317073170731707 0.0475 0.17636022514071295
1 0.408125 0.7213883677298312 0.05625 0.2045028142589118
1 0.460625 0.7382739212007504 0.06375 0.23827392120075047
1 0.494375 0.7345215759849906 0.051250000000000004 0.19324577861163228
1 0.64375 0.7270168855534709 0.05 0.18574108818011256
1 0.666875 0.7120075046904315 0.06375 0.23452157598499063
1 0.685625 0.7373358348968105 0.06375 0.2401500938086304
1 0.75125 0.7213883677298312 0.055 0.2045028142589118
1 0.735 0.6960600375234521 0.0275 0.10131332082551595
1 0.935 0.6454033771106942 0.0325 0.1200750469043152
