1 0.24666666666666667 0.37777777777777777 0.05666666666666667 0.18222222222222223
1 0.32583333333333336 0.3788888888888889 0.058333333333333334 0.18888888888888888
1 0.11416666666666668 0.5377777777777778 0.135 0.44
1 0.39916666666666667 0.39111111111111113 0.055 0.18666666666666668
1 0.41583333333333333 0.41888888888888887 0.058333333333333334 0.18888888888888888
1 0.44583333333333336 0.5022222222222222 0.11833333333333335 0.38666666666666666
1 0.545 0.4033333333333333 0.05666666666666667 0.18888888888888888
1 0.5241666666666667 0.39444444444444443 0.058333333333333334 0.19777777777777777
1 0.5641666666666667 0.35333333333333333 0.045000000000000005 0.1511111111111111
1 0.5975 0.38333333333333336 0.04833333333333334 0.15777777777777777
1 0.61 0.39111111111111113 0.05666666666666667 0.18222222222222223
1 0.6483333333333334 0.49333333333333335 0.12000000000000001 0.39111111111111113
1 0.7091666666666667 0.3844444444444444 0.045000000000000005 0.14666666666666667
1 0.7250000000000001 0.37555555555555553 0.04666666666666667 0.16
1 0.7400000000000001 0.38222222222222224 0.05 0.16444444444444445
1 0.7666666666666667 0.3922222222222222 0.060000000000000005 0.19333333333333333
1 0.8383333333333334 0.37444444444444447 0.043333333333333335 0.14444444444444443
1 0.9258333333333334 0.4577777777777778 0.085 0.27555555555555555
1 0.9083333333333334 0.33 0.05 0.11333333333333333
