1 0.028 0.4572953736654804 0.048 0.2099644128113879
1 0.08 0.42170818505338076 0.028 0.13167259786476868
1 0.12 0.4252669039145907 0.044 0.18861209964412812
1 0.149 0.45373665480427045 0.034 0.16014234875444838
1 0.164 0.4555160142348754 0.032 0.14234875444839856
1 0.189 0.4501779359430605 0.03 0.13167259786476868
1 0.20800000000000002 0.4501779359430605 0.04 0.18149466192170818
1 0.249 0.45373665480427045 0.054 0.24555160142348753
1 0.318 0.5177935943060498 0.092 0.40925266903914587
1 0.34500000000000003 0.48042704626334515 0.07 0.3060498220640569
1 0.371 0.4768683274021352 0.05 0.2277580071174377
1 0.533 0.5266903914590747 0.08600000000000001 0.37722419928825623
1 0.675 0.5195729537366548 0.08600000000000001 0.37722419928825623
1 0.841 0.49644128113879 0.062 0.27402135231316727
1 0.976 0.4750889679715302 0.048 0.24555160142348753
1 0.792 0.4555160142348754 0.04 0.1779359430604982
1 0.737 0.4572953736654804 0.046 0.2099644128113879
1 0.709 0.4555160142348754 0.03 0.14234875444839856
1 0.5720000000000001 0.4555160142348754 0.04 0.1708185053380783
1 0.89 0.40391459074733094 0.028 0.06761565836298931
1 0.925 0.44306049822064053 0.014 0.07473309608540925
1 0.9430000000000001 0.40213523131672596 0.022 0.07117437722419928
