1 0.09083333333333334 0.47125 0.058333333333333334 0.2225
1 0.04916666666666667 0.42125 0.03166666666666667 0.11750000000000001
1 0.15416666666666667 0.43625 0.028333333333333335 0.10250000000000001
1 0.14 0.42 0.03666666666666667 0.135
1 0.1991666666666667 0.425 0.04166666666666667 0.15
1 0.21916666666666668 0.42125 0.03833333333333334 0.1475
1 0.26333333333333336 0.43 0.04666666666666667 0.17
1 0.29083333333333333 0.455 0.04166666666666667 0.15
1 0.3441666666666667 0.45375 0.058333333333333334 0.2125
1 0.3841666666666667 0.44875 0.06166666666666667 0.2275
1 0.4658333333333334 0.45125 0.058333333333333334 0.2175
1 0.41500000000000004 0.4425 0.04666666666666667 0.18
1 0.5166666666666667 0.38375000000000004 0.030000000000000002 0.1075
1 0.6683333333333333 0.43875000000000003 0.05333333333333334 0.1975
1 0.62 0.40750000000000003 0.04 0.145
1 0.6083333333333334 0.38625 0.03666666666666667 0.14250000000000002
1 0.7733333333333334 0.37625000000000003 0.023333333333333334 0.0925
1 0.8158333333333334 0.42125 0.07166666666666667 0.2625
1 0.9216666666666667 0.37375 0.05 0.1875
1 0.2816666666666667 0.4325 0.043333333333333335 0.165
1 0.31083333333333335 0.3575 0.018333333333333333 0.025
1 0.47500000000000003 0.33 0.02666666666666667 0.025
1 0.9033333333333334 0.36 0.02 0.025
