1 0.13416666666666668 0.5035799522673031 0.09166666666666667 0.32935560859188545
1 0.4625 0.49522673031026254 0.09166666666666667 0.32219570405727926
1 0.6591666666666667 0.46897374701670647 0.08166666666666667 0.28878281622911695
1 0.8041666666666667 0.45584725536992843 0.07833333333333334 0.2768496420047733
1 0.8483333333333334 0.3723150357995227 0.043333333333333335 0.1575178997613365
1 0.9233333333333333 0.3556085918854415 0.04 0.1431980906921241
1 0.9400000000000001 0.3544152744630072 0.043333333333333335 0.15990453460620527
1 0.9775 0.4128878281622912 0.045000000000000005 0.21957040572792363
1 0.8725 0.3544152744630072 0.03166666666666667 0.11217183770883056
1 0.7533333333333334 0.3639618138424821 0.02666666666666667 0.09307875894988067
1 0.5666666666666667 0.3436754176610979 0.02666666666666667 0.10023866348448687
1 0.5158333333333334 0.36873508353221957 0.025 0.0883054892601432
1 0.5325000000000001 0.3651551312649165 0.018333333333333333 0.07159904534606205
1 0.5541666666666667 0.36754176610978523 0.018333333333333333 0.07159904534606205
1 0.5 0.36754176610978523 0.02666666666666667 0.09546539379474941
1 0.4141666666666667 0.3532219570405728 0.025 0.09069212410501194
1 0.39333333333333337 0.3556085918854415 0.023333333333333334 0.08591885441527447
1 0.38083333333333336 0.3568019093078759 0.025 0.0883054892601432
1 0.3641666666666667 0.3532219570405728 0.025 0.09546539379474941
1 0.32333333333333336 0.3544152744630072 0.02666666666666667 0.09785202863961814
1 0.28750000000000003 0.3651551312649165 0.028333333333333335 0.10023866348448687
1 0.26833333333333337 0.36992840095465396 0.023333333333333334 0.081145584725537
1 0.24750000000000003 0.3723150357995227 0.021666666666666667 0.07637231503579953
1 0.23500000000000001 0.36276849642004777 0.023333333333333334 0.09069212410501194
1 0.18500000000000003 0.35799522673031026 0.023333333333333334 0.08591885441527447
1 0.2025 0.3556085918854415 0.028333333333333335 0.10501193317422435
1 0.08666666666666667 0.3735083532219571 0.03666666666666667 0.1360381861575179
1 0.0625 0.37708830548926014 0.03166666666666667 0.10978520286396182
1 0.0475 0.3866348448687351 0.028333333333333335 0.10501193317422435
1 0.014166666666666668 0.38902147971360385 0.028333333333333335 0.1431980906921241
1 0.015833333333333335 0.2852028639618139 0.021666666666666667 0.07875894988066826
1 0.5925 0.35083532219570407 0.03166666666666667 0.10978520286396182
1 0.6125 0.34725536992840095 0.028333333333333335 0.09785202863961814
