1 0.092 0.8428571428571429 0.06 0.2642857142857143
1 0.11800000000000001 0.8392857142857143 0.064 0.2785714285714286
1 0.183 0.8571428571428571 0.054 0.2357142857142857
1 0.17 0.8357142857142857 0.056 0.2571428571428571
1 0.20400000000000001 0.8392857142857143 0.048 0.21428571428571427
1 0.227 0.8375 0.05 0.21785714285714286
1 0.257 0.8642857142857142 0.05 0.22142857142857142
1 0.306 0.8321428571428571 0.048 0.22142857142857142
1 0.33 0.8357142857142857 0.044 0.19999999999999998
1 0.373 0.8392857142857143 0.054 0.24285714285714285
1 0.418 0.8357142857142857 0.04 0.18571428571428572
1 0.442 0.8303571428571428 0.04 0.18214285714285713
1 0.47400000000000003 0.7535714285714286 0.02 0.08571428571428572
1 0.504 0.8160714285714286 0.028 0.125
1 0.557 0.8482142857142857 0.034 0.15357142857142855
1 0.593 0.8357142857142857 0.038 0.17142857142857143
1 0.645 0.8267857142857142 0.034 0.14642857142857144
1 0.681 0.8767857142857143 0.046 0.20357142857142857
1 0.6990000000000001 0.8321428571428571 0.046 0.19999999999999998
1 0.731 0.8410714285714286 0.062 0.27499999999999997
1 0.764 0.8589285714285714 0.052000000000000005 0.23214285714285712
1 0.785 0.85 0.05 0.21428571428571427
1 0.833 0.8392857142857143 0.054 0.24285714285714285
1 0.86 0.8303571428571428 0.048 0.21071428571428572
1 0.922 0.8267857142857142 0.048 0.21071428571428572
1 0.545 0.7160714285714286 0.026000000000000002 0.039285714285714285
1 0.466 0.8464285714285714 0.028 0.04285714285714286
