1 0.0305 0.6874062968515742 0.029 0.10944527736131934
1 0.0625 0.6784107946026986 0.031 0.11544227886056971
1 0.0765 0.6739130434782609 0.027 0.10044977511244378
1 0.2595 0.7286356821589205 0.039 0.14392803598200898
1 0.294 0.7421289355322339 0.028 0.10194902548725637
1 0.364 0.7038980509745127 0.018000000000000002 0.0704647676161919
1 0.4025 0.7113943028485757 0.025 0.0914542728635682
1 0.4415 0.724887556221889 0.023 0.08845577211394302
1 0.5215 0.7443778110944528 0.019 0.07346326836581708
1 0.6025 0.7721139430284857 0.037 0.13493253373313344
1 0.6635 0.775112443778111 0.039 0.14692653673163417
1 0.47600000000000003 0.7788605697151424 0.036000000000000004 0.13343328335832083
1 0.7945 0.712143928035982 0.009000000000000001 0.035982008995502246
1 0.976 0.7661169415292354 0.038 0.13793103448275862
1 0.842 0.7136431784107946 0.012 0.04497751124437781
1 0.106 0.6461769115442278 0.018000000000000002 0.03298350824587706
1 0.2025 0.6731634182908546 0.017 0.0239880059970015
1 0.2975 0.6469265367316341 0.017 0.02848575712143928
