1 0.2758333333333334 0.8333333333333334 0.07833333333333334 0.2577777777777778
1 0.21000000000000002 0.8233333333333334 0.07 0.2288888888888889
1 0.085 0.8188888888888889 0.07 0.23333333333333334
1 0.021666666666666667 0.8022222222222222 0.043333333333333335 0.20444444444444446
1 0.3075 0.7577777777777778 0.04833333333333334 0.15555555555555556
1 0.38333333333333336 0.7922222222222223 0.05 0.1711111111111111
1 0.33916666666666667 0.7855555555555556 0.04833333333333334 0.1622222222222222
1 0.445 0.7555555555555555 0.05333333333333334 0.17333333333333334
1 0.5366666666666667 0.7977777777777778 0.06666666666666667 0.21777777777777776
1 0.5766666666666667 0.7233333333333334 0.03333333333333333 0.10888888888888888
1 0.5966666666666667 0.7244444444444444 0.03666666666666667 0.12444444444444444
1 0.5541666666666667 0.7233333333333334 0.03166666666666667 0.10444444444444445
1 0.6325000000000001 0.76 0.04833333333333334 0.16444444444444445
1 0.6916666666666668 0.6933333333333334 0.02666666666666667 0.09333333333333334
1 0.7383333333333334 0.7988888888888889 0.07666666666666667 0.25555555555555554
1 0.7858333333333334 0.7522222222222222 0.05166666666666667 0.16666666666666666
1 0.8408333333333334 0.6677777777777778 0.018333333333333333 0.06444444444444444
1 0.9575 0.8177777777777778 0.085 0.3244444444444444
1 0.15833333333333335 0.7633333333333333 0.043333333333333335 0.1622222222222222
1 0.21166666666666667 0.6633333333333333 0.013333333333333334 0.028888888888888888
1 0.2341666666666667 0.6677777777777778 0.018333333333333333 0.051111111111111114
1 0.5141666666666667 0.6788888888888889 0.021666666666666667 0.042222222222222223
1 0.7283333333333334 0.6444444444444445 0.030000000000000002 0.03111111111111111
