1 0.20083333333333334 0.5893333333333333 0.07166666666666667 0.2826666666666667
1 0.2991666666666667 0.5973333333333333 0.06166666666666667 0.24533333333333332
1 0.4083333333333334 0.58 0.06333333333333334 0.2533333333333333
1 0.5975 0.5853333333333333 0.06166666666666667 0.24266666666666667
1 0.53 0.5586666666666666 0.05666666666666667 0.22666666666666666
1 0.49333333333333335 0.5519999999999999 0.043333333333333335 0.176
1 0.47250000000000003 0.5493333333333333 0.03833333333333334 0.14933333333333332
1 0.35250000000000004 0.532 0.03833333333333334 0.15733333333333333
1 0.1 0.5426666666666666 0.030000000000000002 0.11466666666666667
1 0.9258333333333334 0.5479999999999999 0.065 0.25866666666666666
1 0.9725 0.592 0.055 0.25066666666666665
1 0.8558333333333333 0.5533333333333333 0.05166666666666667 0.21066666666666667
1 0.8091666666666667 0.5333333333333333 0.04833333333333334 0.19733333333333333
1 0.7241666666666667 0.5226666666666666 0.04166666666666667 0.17066666666666666
1 0.6775 0.5346666666666666 0.035 0.14666666666666667
1 0.635 0.5146666666666666 0.03333333333333333 0.128
1 0.035 0.5173333333333333 0.030000000000000002 0.11733333333333333
1 0.5633333333333334 0.5426666666666666 0.043333333333333335 0.17333333333333334
1 0.22333333333333336 0.45599999999999996 0.013333333333333334 0.032
1 0.115 0.47866666666666663 0.01 0.024
1 0.2525 0.46399999999999997 0.011666666666666667 0.026666666666666665
1 0.885 0.4413333333333333 0.02666666666666667 0.04
1 0.9591666666666667 0.4413333333333333 0.025 0.072
1 0.7716666666666667 0.4693333333333333 0.030000000000000002 0.042666666666666665
1 0.4625 0.4653333333333333 0.021666666666666667 0.04
1 0.44333333333333336 0.45999999999999996 0.013333333333333334 0.04
1 0.38583333333333336 0.45199999999999996 0.025 0.04533333333333333
1 0.32833333333333337 0.46799999999999997 0.023333333333333334 0.034666666666666665
