1 0.33666666666666667 0.584788029925187 0.11333333333333334 0.41147132169576056
1 0.49333333333333335 0.6197007481296758 0.11 0.4014962593516209
1 0.21166666666666667 0.5910224438902743 0.09333333333333334 0.3491271820448878
1 0.09666666666666668 0.5448877805486284 0.07 0.256857855361596
1 0.5775 0.4451371571072319 0.058333333333333334 0.2169576059850374
1 0.5366666666666667 0.3316708229426434 0.04 0.14962593516209477
1 0.4841666666666667 0.3179551122194514 0.028333333333333335 0.10723192019950124
1 0.44833333333333336 0.3167082294264339 0.04 0.14463840399002492
1 0.41583333333333333 0.27556109725685785 0.03833333333333334 0.14713216957605985
1 0.7433333333333334 0.32169576059850374 0.03666666666666667 0.1396508728179551
1 0.6991666666666667 0.2967581047381546 0.03166666666666667 0.11471321695760599
1 0.6441666666666667 0.2655860349127182 0.025 0.09725685785536159
1 0.8250000000000001 0.28927680798004984 0.03333333333333333 0.11970074812967581
1 0.8566666666666667 0.26932668329177056 0.02666666666666667 0.10473815461346633
1 0.905 0.26059850374064836 0.030000000000000002 0.10723192019950124
1 0.2366666666666667 0.3478802992518703 0.043333333333333335 0.08229426433915212
1 0.20500000000000002 0.36159600997506236 0.03333333333333333 0.07481296758104738
1 0.2941666666666667 0.29177057356608477 0.028333333333333335 0.10473815461346633
1 0.35333333333333333 0.270573566084788 0.03666666666666667 0.08728179551122195
1 0.5058333333333334 0.2256857855361596 0.04833333333333334 0.06733167082294264
