1 0.585 0.6390977443609023 0.17 0.6240601503759398
1 0.7825 0.5300751879699248 0.12 0.44360902255639095
1 0.87625 0.5037593984962405 0.08750000000000001 0.3308270676691729
1 0.93875 0.46240601503759393 0.0725 0.2706766917293233
1 0.98 0.44360902255639095 0.04 0.21052631578947367
1 0.19875 0.3890977443609022 0.0325 0.12406015037593984
1 0.34625 0.37593984962406013 0.0225 0.12030075187969924
1 0.43125 0.34962406015037595 0.0125 0.07518796992481203
1 0.6475 0.3872180451127819 0.01 0.07518796992481203
1 0.68 0.38533834586466165 0.005 0.08646616541353383
1 0.70875 0.381578947368421 0.0125 0.05639097744360902
1 0.81875 0.36278195488721804 0.0075 0.06390977443609022
1 0.90625 0.3533834586466165 0.0125 0.045112781954887216
1 0.0525 0.3571428571428571 0.015 0.05263157894736842
1 0.10250000000000001 0.35526315789473684 0.015 0.03383458646616541
1 0.2625 0.3308270676691729 0.01 0.07518796992481203
1 0.29 0.3421052631578947 0.01 0.03007518796992481
1 0.38 0.35526315789473684 0.015 0.041353383458646614
1 0.48625 0.3421052631578947 0.0125 0.045112781954887216
1 0.62375 0.3590225563909774 0.0075 0.041353383458646614
1 0.7425 0.34774436090225563 0.015 0.041353383458646614
1 0.14250000000000002 0.3308270676691729 0.015 0.09022556390977443
1 0.51875 0.34774436090225563 0.0175 0.041353383458646614
