1 0.061 0.6951951951951952 0.122 0.4774774774774775
1 0.28400000000000003 0.6876876876876877 0.148 0.5465465465465466
1 0.423 0.6306306306306306 0.098 0.3663663663663664
1 0.494 0.5840840840840841 0.084 0.30930930930930933
1 0.5700000000000001 0.6741741741741741 0.164 0.6036036036036035
1 0.647 0.6051051051051051 0.11800000000000001 0.43543543543543545
1 0.683 0.5675675675675675 0.08600000000000001 0.32432432432432434
1 0.705 0.5480480480480481 0.07 0.26726726726726724
1 0.917 0.6411411411411412 0.166 0.6516516516516516
1 0.23800000000000002 0.6396396396396397 0.1 0.3663663663663664
1 0.34600000000000003 0.6051051051051051 0.08 0.2972972972972973
1 0.165 0.5855855855855856 0.05 0.18018018018018017
1 0.20600000000000002 0.5930930930930931 0.06 0.23123123123123124
1 0.766 0.5105105105105106 0.032 0.12012012012012012
1 0.75 0.5135135135135135 0.028 0.10810810810810811
1 0.975 0.536036036036036 0.05 0.2732732732732733
1 0.969 0.5135135135135135 0.062 0.24624624624624625
1 0.08700000000000001 0.6531531531531531 0.08600000000000001 0.3213213213213213
