1 0.68 0.6027874564459931 0.22 0.759581881533101
1 0.8425 0.6027874564459931 0.22 0.7456445993031359
1 0.51375 0.5766550522648084 0.2025 0.686411149825784
1 0.28250000000000003 0.5766550522648084 0.15 0.519163763066202
1 0.12875 0.5696864111498258 0.1075 0.37282229965156793
1 0.20875 0.5331010452961672 0.11750000000000001 0.40418118466898956
1 0.41625 0.5627177700348432 0.10250000000000001 0.3519163763066202
1 0.95125 0.5696864111498258 0.0975 0.40069686411149824
1 0.905 0.5662020905923345 0.115 0.40069686411149824
1 0.05 0.5261324041811847 0.065 0.2229965156794425
1 0.0325 0.5522648083623694 0.065 0.39372822299651566
1 0.33375 0.5470383275261324 0.0975 0.34146341463414637
