1 0.28583333333333333 0.58875 0.10500000000000001 0.3925
1 0.37833333333333335 0.445 0.043333333333333335 0.16
1 0.5341666666666667 0.41875 0.035 0.1375
1 0.665 0.39125 0.03333333333333333 0.1225
1 0.8250000000000001 0.38375000000000004 0.023333333333333334 0.08750000000000001
1 0.9783333333333334 0.41625 0.043333333333333335 0.1975
1 0.05 0.38625 0.04666666666666667 0.1775
1 0.41500000000000004 0.37375 0.030000000000000002 0.11750000000000001
1 0.43250000000000005 0.3675 0.03166666666666667 0.115
1 0.45333333333333337 0.37 0.03666666666666667 0.135
1 0.4966666666666667 0.37 0.03333333333333333 0.125
1 0.5283333333333333 0.3675 0.02666666666666667 0.105
1 0.5433333333333333 0.36125 0.030000000000000002 0.1125
1 0.5608333333333334 0.36625 0.028333333333333335 0.1075
1 0.5833333333333334 0.365 0.030000000000000002 0.115
1 0.5950000000000001 0.3675 0.02666666666666667 0.1
1 0.6241666666666668 0.365 0.03166666666666667 0.115
1 0.7175 0.1625 0.018333333333333333 0.07
1 0.7025 0.1475 0.018333333333333333 0.065
1 0.07833333333333334 0.0475 0.023333333333333334 0.09
1 0.8108333333333334 0.1325 0.018333333333333333 0.075
1 0.7975000000000001 0.36 0.025 0.09
1 0.11083333333333334 0.10125 0.03166666666666667 0.0675
1 0.13416666666666668 0.115 0.04833333333333334 0.065
1 0.27666666666666667 0.08875 0.02 0.0725
1 0.3066666666666667 0.10375000000000001 0.023333333333333334 0.0525
1 0.3191666666666667 0.10125 0.021666666666666667 0.0525
1 0.335 0.10250000000000001 0.023333333333333334 0.055
1 0.3725 0.16625 0.025 0.0825
1 0.07500000000000001 0.39875 0.04 0.0925
1 0.016666666666666666 0.165 0.030000000000000002 0.09
1 0.4166666666666667 0.18875 0.03333333333333333 0.0575
1 0.445 0.1875 0.03333333333333333 0.055
1 0.47250000000000003 0.13125 0.05166666666666667 0.0725
1 0.4133333333333334 0.1125 0.03333333333333333 0.05
1 0.395 0.15625 0.02 0.0825
