1 0.728 0.5885885885885885 0.176 0.6426426426426426
1 0.446 0.575075075075075 0.148 0.5495495495495496
1 0.212 0.545045045045045 0.124 0.46546546546546547
1 0.116 0.5435435435435435 0.092 0.3483483483483483
1 0.264 0.524024024024024 0.056 0.2072072072072072
1 0.168 0.5075075075075075 0.064 0.23423423423423423
1 0.34700000000000003 0.5330330330330331 0.054 0.2072072072072072
1 0.316 0.5225225225225225 0.052000000000000005 0.1981981981981982
1 0.28800000000000003 0.5045045045045045 0.056 0.21021021021021022
1 0.485 0.539039039039039 0.042 0.15315315315315314
1 0.515 0.5495495495495496 0.038 0.15015015015015015
1 0.534 0.5585585585585585 0.04 0.15015015015015015
1 0.623 0.5690690690690691 0.042 0.15315315315315314
1 0.592 0.5570570570570571 0.044 0.17117117117117117
1 0.647 0.581081081081081 0.042 0.15315315315315314
1 0.763 0.5855855855855856 0.042 0.15615615615615616
1 0.846 0.5870870870870871 0.04 0.14714714714714713
1 0.876 0.5840840840840841 0.04 0.15315315315315314
1 0.92 0.6051051051051051 0.044 0.16516516516516516
1 0.97 0.5765765765765766 0.06 0.23423423423423423
1 0.9510000000000001 0.566066066066066 0.062 0.23723723723723725
1 0.299 0.5645645645645646 0.038 0.12612612612612611
