1 0.667 0.7327327327327328 0.106 0.3963963963963964
1 0.434 0.7252252252252253 0.084 0.3153153153153153
1 0.5 0.7057057057057057 0.064 0.24024024024024024
1 0.553 0.7087087087087087 0.058 0.2222222222222222
1 0.59 0.7117117117117117 0.08 0.29429429429429427
1 0.538 0.6396396396396397 0.056 0.2042042042042042
1 0.20500000000000002 0.7387387387387387 0.066 0.24624624624624625
1 0.261 0.7357357357357357 0.066 0.24024024024024024
1 0.306 0.7192192192192192 0.052000000000000005 0.2012012012012012
1 0.342 0.7267267267267267 0.064 0.24024024024024024
1 0.375 0.7102102102102102 0.058 0.2132132132132132
1 0.41300000000000003 0.7192192192192192 0.066 0.24324324324324323
1 0.155 0.7237237237237237 0.062 0.23423423423423423
1 0.136 0.7132132132132132 0.06 0.21921921921921922
1 0.108 0.7027027027027027 0.052000000000000005 0.1981981981981982
1 0.082 0.6921921921921922 0.056 0.2072072072072072
1 0.065 0.6876876876876877 0.05 0.1921921921921922
1 0.045 0.6846846846846847 0.05 0.18018018018018017
1 0.023 0.6741741741741741 0.046 0.1831831831831832
1 0.313 0.6156156156156156 0.03 0.05405405405405406
1 0.274 0.6051051051051051 0.016 0.03903903903903904
1 0.199 0.5990990990990991 0.022 0.03303303303303303
