1 0.2736363636363636 0.4677871148459384 0.19090909090909092 0.7226890756302521
1 0.6336363636363637 0.4789915966386555 0.23454545454545456 0.8851540616246498
1 0.4681818181818182 0.49019607843137253 0.07818181818181819 0.3025210084033613
1 0.5145454545454545 0.49299719887955185 0.07272727272727272 0.27450980392156865
1 0.12272727272727273 0.5252100840336135 0.08181818181818182 0.30532212885154064
1 0.18363636363636363 0.511204481792717 0.07272727272727272 0.27170868347338933
1 0.057272727272727274 0.5266106442577031 0.08181818181818182 0.3137254901960784
1 0.4109090909090909 0.5056022408963585 0.06181818181818182 0.23249299719887956
1 0.44181818181818183 0.5014005602240896 0.06909090909090909 0.26330532212885155
1 0.3809090909090909 0.5098039215686274 0.06 0.23529411764705882
1 0.3481818181818182 0.5028011204481793 0.06727272727272728 0.2549019607843137
1 0.32636363636363636 0.515406162464986 0.08545454545454545 0.31932773109243695
1 0.7527272727272727 0.4887955182072829 0.08 0.30532212885154064
1 0.7272727272727273 0.5224089635854342 0.06545454545454546 0.24929971988795518
1 0.8854545454545455 0.48179271708683474 0.10181818181818182 0.39215686274509803
1 0.9445454545454546 0.469187675070028 0.11090909090909092 0.42857142857142855
1 0.7936363636363636 0.5098039215686274 0.06727272727272728 0.257703081232493
1 0.8209090909090909 0.5070028011204482 0.06727272727272728 0.26330532212885155
1 0.05909090909090909 0.6078431372549019 0.0890909090909091 0.26330532212885155
1 0.13818181818181818 0.5952380952380952 0.08727272727272728 0.21008403361344538
1 0.7618181818181818 0.5854341736694678 0.07272727272727272 0.18487394957983194
1 0.8590909090909091 0.5938375350140056 0.1290909090909091 0.23529411764705882
1 0.9527272727272728 0.5980392156862745 0.08727272727272728 0.3389355742296919
1 0.8636363636363636 0.34173669467787116 0.04 0.056022408963585436
