1 0.275 0.6656976744186046 0.040625 0.19186046511627908
1 0.2515625 0.5988372093023255 0.034375 0.1569767441860465
1 0.37734375000000003 0.6584302325581395 0.0328125 0.15988372093023256
1 0.4140625 0.6642441860465116 0.034375 0.16569767441860464
1 0.44140625 0.6555232558139534 0.0390625 0.17732558139534885
1 0.48515625 0.6656976744186046 0.0390625 0.1744186046511628
1 0.59140625 0.7238372093023255 0.0390625 0.18604651162790697
1 0.54921875 0.7063953488372093 0.0421875 0.19767441860465115
1 0.7109375 0.7456395348837209 0.046875 0.21220930232558138
1 0.7367187500000001 0.7151162790697674 0.0421875 0.19767441860465115
1 0.81796875 0.7776162790697674 0.0484375 0.2238372093023256
1 0.88046875 0.8212209302325582 0.0546875 0.25290697674418605
1 0.9234375 0.8502906976744186 0.046875 0.21220930232558138
1 0.6359375 0.7223837209302325 0.034375 0.16569767441860464
1 0.6171875 0.6627906976744186 0.03125 0.1511627906976744
1 0.34296875000000004 0.627906976744186 0.029687500000000002 0.14534883720930233
1 0.13984375000000002 0.5421511627906976 0.026562500000000003 0.1308139534883721
1 0.178125 0.5508720930232558 0.028125 0.13662790697674418
1 0.7609375 0.6162790697674418 0.025 0.12209302325581395
1 0.9578125000000001 0.8997093023255813 0.037500000000000006 0.17732558139534885
1 0.07734375 0.5203488372093024 0.0234375 0.11627906976744186
1 0.051562500000000004 0.5290697674418604 0.03125 0.13953488372093023
1 0.8992187500000001 0.8066860465116279 0.0484375 0.2238372093023256
1 0.09062500000000001 0.5508720930232558 0.021875000000000002 0.07848837209302326
