1 0.05090909090909091 0.6297814207650273 0.10181818181818182 0.4180327868852459
1 0.11363636363636363 0.6461748633879781 0.10363636363636364 0.38524590163934425
1 0.18363636363636363 0.6366120218579235 0.11272727272727273 0.41530054644808745
1 0.25 0.6352459016393442 0.11454545454545455 0.4180327868852459
1 0.35545454545454547 0.5969945355191257 0.11090909090909092 0.412568306010929
1 0.42727272727272725 0.6120218579234973 0.10909090909090909 0.40437158469945356
1 0.4954545454545455 0.5956284153005464 0.11818181818181818 0.4426229508196721
1 0.5736363636363636 0.6038251366120219 0.11818181818181818 0.43169398907103823
1 0.6936363636363636 0.6980874316939891 0.12181818181818181 0.45081967213114754
1 0.7609090909090909 0.7117486338797814 0.11818181818181818 0.4344262295081967
1 0.8454545454545455 0.7131147540983607 0.12 0.4371584699453552
1 0.93 0.7281420765027322 0.11090909090909092 0.412568306010929
