1 0.04859484777517564 0.61875 0.08079625292740047 0.26875
1 0.07845433255269321 0.6359375 0.08430913348946135 0.278125
1 0.14754098360655737 0.6015625 0.08899297423887588 0.290625
1 0.17330210772833723 0.609375 0.07962529274004684 0.2625
1 0.23536299765807964 0.6062500000000001 0.07494145199063232 0.246875
1 0.28337236533957844 0.5828125000000001 0.06791569086651054 0.225
1 0.3337236533957845 0.58046875 0.07259953161592506 0.23593750000000002
1 0.41159250585480095 0.5875 0.07377049180327869 0.24375000000000002
1 0.3834894613583138 0.5921875 0.06908665105386416 0.225
1 0.452576112412178 0.5984375000000001 0.06440281030444965 0.215625
1 0.48360655737704916 0.58828125 0.0702576112412178 0.2328125
1 0.5269320843091335 0.59609375 0.07494145199063232 0.24531250000000002
1 0.5802107728337237 0.60078125 0.07377049180327869 0.24531250000000002
1 0.6334894613583139 0.6101562500000001 0.0702576112412178 0.2328125
1 0.6709601873536299 0.6078125000000001 0.07259953161592506 0.240625
1 0.7125292740046838 0.6179687500000001 0.08313817330210772 0.2703125
1 0.7622950819672131 0.63828125 0.09367681498829039 0.30781250000000004
1 0.797423887587822 0.6515625 0.09601873536299765 0.3125
1 0.8360655737704918 0.64453125 0.10070257611241218 0.32656250000000003
1 0.8782201405152225 0.66015625 0.10304449648711944 0.33906250000000004
1 0.9238875878220141 0.65546875 0.1053864168618267 0.3453125
1 0.9584309133489461 0.6507812500000001 0.08313817330210772 0.33906250000000004
1 0.7980093676814989 0.43984375000000003 0.08079625292740047 0.2671875
1 0.7523419203747073 0.45625000000000004 0.07377049180327869 0.240625
1 0.3325526932084309 0.42265625 0.06791569086651054 0.2234375
1 0.17681498829039813 0.7781250000000001 0.12412177985948478 0.371875
1 0.2980093676814988 0.80625 0.13934426229508196 0.359375
1 0.5620608899297423 0.7781250000000001 0.14754098360655737 0.384375
1 0.6820843091334895 0.8375 0.19320843091334894 0.31562500000000004
1 0.6791569086651054 0.3484375 0.046838407494145196 0.065625
1 0.6059718969555035 0.34140625 0.026932084309133488 0.0484375
1 0.49414519906323184 0.34218750000000003 0.0351288056206089 0.034375
1 0.3946135831381733 0.33671875 0.03044496487119438 0.0421875
