1 0.082 0.8093333333333333 0.112 0.37066666666666664
1 0.034 0.7013333333333334 0.068 0.33066666666666666
1 0.187 0.6493333333333333 0.08600000000000001 0.2853333333333333
1 0.357 0.7853333333333333 0.122 0.3973333333333333
1 0.314 0.6213333333333333 0.08 0.2613333333333333
1 0.227 0.564 0.05 0.16799999999999998
1 0.256 0.5106666666666666 0.036000000000000004 0.12
1 0.613 0.7986666666666666 0.114 0.376
1 0.426 0.8093333333333333 0.108 0.34933333333333333
1 0.531 0.72 0.11 0.368
1 0.749 0.776 0.106 0.352
1 0.786 0.6719999999999999 0.088 0.29333333333333333
1 0.6900000000000001 0.604 0.076 0.2533333333333333
1 0.64 0.6306666666666666 0.07200000000000001 0.23199999999999998
1 0.8300000000000001 0.6146666666666667 0.08 0.2693333333333333
1 0.87 0.5986666666666667 0.064 0.216
1 0.922 0.58 0.06 0.20533333333333334
1 0.9460000000000001 0.5493333333333333 0.06 0.20266666666666666
1 0.98 0.524 0.04 0.16799999999999998
1 0.898 0.5133333333333333 0.04 0.13599999999999998
1 0.757 0.5533333333333333 0.046 0.15733333333333333
1 0.405 0.568 0.058 0.19733333333333333
1 0.446 0.5493333333333333 0.048 0.16533333333333333
1 0.489 0.5693333333333334 0.054 0.184
1 0.28800000000000003 0.536 0.048 0.16533333333333333
1 0.051000000000000004 0.5559999999999999 0.042 0.10933333333333332
1 0.099 0.5346666666666666 0.058 0.072
1 0.132 0.5133333333333333 0.04 0.06133333333333333
1 0.184 0.48133333333333334 0.036000000000000004 0.06133333333333333
