1 0.31382978723404253 0.7626262626262627 0.13120567375886524 0.4545454545454546
1 0.14893617021276595 0.7752525252525253 0.07446808510638298 0.26262626262626265
1 0.22340425531914893 0.6742424242424243 0.07801418439716312 0.27272727272727276
1 0.4601063829787234 0.6641414141414141 0.08333333333333333 0.2878787878787879
1 0.6631205673758865 0.763888888888889 0.13120567375886524 0.46212121212121215
1 0.599290780141844 0.6982323232323233 0.09574468085106383 0.3358585858585859
1 0.8315602836879432 0.6830808080808082 0.09219858156028368 0.3257575757575758
1 0.875 0.6755050505050506 0.08333333333333333 0.29040404040404044
1 0.025709219858156027 0.6944444444444445 0.051418439716312055 0.2777777777777778
1 0.15602836879432624 0.5517676767676768 0.03900709219858156 0.13383838383838384
1 0.10460992907801418 0.5517676767676768 0.031914893617021274 0.11363636363636365
1 0.03368794326241135 0.5530303030303031 0.031914893617021274 0.11616161616161617
1 0.9804964539007092 0.5555555555555556 0.03900709219858156 0.14646464646464646
1 0.18439716312056736 0.5328282828282829 0.035460992907801414 0.13131313131313133
1 0.22606382978723405 0.5277777777777778 0.030141843971631204 0.11111111111111112
1 0.24822695035460993 0.5707070707070707 0.035460992907801414 0.12121212121212122
1 0.901595744680851 0.523989898989899 0.044326241134751775 0.08333333333333334
1 0.9397163120567376 0.5416666666666667 0.031914893617021274 0.06818181818181819
1 0.2402482269503546 0.8257575757575758 0.09397163120567376 0.30303030303030304
