1 0.04895833333333333 0.7777777777777778 0.09791666666666667 0.4
1 0.3020833333333333 0.7736111111111111 0.12916666666666665 0.425
1 0.10833333333333334 0.6652777777777779 0.0375 0.11944444444444445
1 0.08020833333333333 0.6763888888888889 0.035416666666666666 0.11388888888888889
1 0.16979166666666667 0.6944444444444444 0.052083333333333336 0.17222222222222222
1 0.41562499999999997 0.7138888888888889 0.06875 0.22777777777777777
1 0.3520833333333333 0.6736111111111112 0.04583333333333333 0.1527777777777778
1 0.53125 0.7305555555555556 0.058333333333333334 0.2
1 0.6885416666666666 0.7138888888888889 0.06875 0.22777777777777777
1 0.5 0.6986111111111112 0.04583333333333333 0.15833333333333333
1 0.8427083333333333 0.7583333333333334 0.09791666666666667 0.31666666666666665
1 0.8729166666666667 0.7527777777777778 0.10833333333333334 0.35000000000000003
1 0.959375 0.7736111111111111 0.08125 0.4083333333333333
1 0.9239583333333333 0.7736111111111111 0.09375 0.3138888888888889
1 0.7197916666666666 0.6722222222222223 0.035416666666666666 0.12222222222222223
1 0.7708333333333334 0.6791666666666667 0.041666666666666664 0.14166666666666666
1 0.7958333333333333 0.6625 0.041666666666666664 0.14166666666666666
1 0.8239583333333333 0.6736111111111112 0.04791666666666666 0.15833333333333333
1 0.13854166666666667 0.6541666666666667 0.022916666666666665 0.08055555555555556
1 0.2635416666666667 0.3513888888888889 0.08125 0.125
