1 0.877 0.6166666666666667 0.126 0.4696969696969697
1 0.767 0.6151515151515151 0.11800000000000001 0.43636363636363634
1 0.659 0.6151515151515151 0.114 0.42424242424242425
1 0.526 0.5924242424242424 0.124 0.4575757575757576
1 0.395 0.6272727272727273 0.10200000000000001 0.3878787878787879
1 0.298 0.6166666666666667 0.108 0.396969696969697
1 0.184 0.6242424242424243 0.108 0.40606060606060607
1 0.084 0.6621212121212121 0.092 0.3484848484848485
1 0.10400000000000001 0.6075757575757575 0.116 0.42727272727272725
1 0.137 0.6060606060606061 0.10200000000000001 0.37575757575757573
1 0.215 0.5742424242424242 0.106 0.396969696969697
1 0.8250000000000001 0.5621212121212121 0.11 0.41515151515151516
1 0.934 0.4409090909090909 0.052000000000000005 0.19696969696969696
1 0.069 0.35454545454545455 0.018000000000000002 0.06666666666666667
1 0.464 0.5045454545454545 0.068 0.25757575757575757
1 0.419 0.4287878787878788 0.034 0.08181818181818182
1 0.432 0.39545454545454545 0.044 0.0696969696969697
1 0.36 0.3984848484848485 0.036000000000000004 0.06363636363636363
1 0.312 0.42272727272727273 0.044 0.08181818181818182
1 0.269 0.41515151515151516 0.038 0.06060606060606061
1 0.166 0.42424242424242425 0.032 0.07878787878787878
1 0.195 0.36363636363636365 0.05 0.07878787878787878
1 0.627 0.38484848484848483 0.026000000000000002 0.06060606060606061
1 0.713 0.38181818181818183 0.03 0.06666666666666667
1 0.726 0.4090909090909091 0.024 0.07272727272727272
1 0.794 0.396969696969697 0.032 0.06666666666666667
1 0.671 0.37727272727272726 0.038 0.06363636363636363
1 0.597 0.37575757575757573 0.038 0.06060606060606061
1 0.505 0.35909090909090907 0.026000000000000002 0.051515151515151514
