1 0.2425 0.8766666666666667 0.05 0.22
1 0.133125 0.6911111111111111 0.03875 0.1688888888888889
1 0.179375 0.5911111111111111 0.03125 0.13777777777777778
1 0.10187500000000001 0.5055555555555555 0.03125 0.13555555555555557
1 0.0125 0.43222222222222223 0.025 0.12222222222222222
1 0.0175 0.33 0.0225 0.09555555555555556
1 0.01875 0.26555555555555554 0.01 0.051111111111111114
1 0.035625000000000004 0.2511111111111111 0.01375 0.06222222222222222
1 0.054375 0.2511111111111111 0.01375 0.06222222222222222
1 0.07062500000000001 0.24222222222222223 0.00875 0.044444444444444446
1 0.08 0.2511111111111111 0.0125 0.06222222222222222
1 0.433125 0.6777777777777778 0.03875 0.1688888888888889
1 0.34375 0.5077777777777778 0.025 0.11333333333333333
1 0.26687500000000003 0.45666666666666667 0.02375 0.10444444444444445
1 0.230625 0.3377777777777778 0.01375 0.06666666666666667
1 0.203125 0.41 0.02375 0.10888888888888888
1 0.305625 0.3622222222222222 0.01875 0.08
1 0.458125 0.5533333333333333 0.03125 0.13333333333333333
1 0.579375 0.5022222222222222 0.02375 0.1111111111111111
1 0.63125 0.7811111111111111 0.045 0.19333333333333333
1 0.55375 0.9033333333333333 0.04 0.18
1 0.738125 0.7666666666666667 0.043750000000000004 0.19111111111111112
1 0.7887500000000001 0.7655555555555555 0.0425 0.18888888888888888
1 0.821875 0.7511111111111111 0.043750000000000004 0.19555555555555557
1 0.8425 0.7411111111111112 0.04 0.18
1 0.85 0.8911111111111111 0.0475 0.20444444444444446
1 0.886875 0.5822222222222222 0.02875 0.1288888888888889
1 0.756875 0.5311111111111111 0.02875 0.12444444444444444
1 0.71625 0.66 0.035 0.16
1 0.695625 0.5844444444444444 0.03125 0.13333333333333333
1 0.62875 0.43333333333333335 0.02 0.09333333333333334
1 0.62125 0.37666666666666665 0.0175 0.07777777777777778
1 0.57875 0.35333333333333333 0.0175 0.07555555555555556
1 0.513125 0.3811111111111111 0.02125 0.1
1 0.45 0.41 0.025 0.11333333333333333
1 0.42 0.33666666666666667 0.0175 0.08222222222222222
1 0.46375 0.35888888888888887 0.02 0.08666666666666667
1 0.49125 0.3244444444444444 0.015 0.07111111111111111
1 0.5337500000000001 0.3411111111111111 0.0125 0.06
1 0.59375 0.3188888888888889 0.015 0.06888888888888889
1 0.6375000000000001 0.3388888888888889 0.015 0.07333333333333333
1 0.67 0.3211111111111111 0.015 0.06888888888888889
1 0.6793750000000001 0.35777777777777775 0.01875 0.08
1 0.7156250000000001 0.3411111111111111 0.01625 0.06888888888888889
1 0.725 0.3788888888888889 0.0175 0.08222222222222222
1 0.769375 0.35777777777777775 0.01625 0.07111111111111111
1 0.761875 0.32666666666666666 0.01875 0.08444444444444445
1 0.7987500000000001 0.3388888888888889 0.015 0.06444444444444444
1 0.8225 0.3844444444444444 0.0175 0.07555555555555556
1 0.853125 0.3566666666666667 0.01625 0.07777777777777778
1 0.86375 0.33666666666666667 0.0175 0.07777777777777778
1 0.911875 0.38222222222222224 0.01375 0.06666666666666667
1 0.9275 0.36 0.0175 0.08
1 0.9450000000000001 0.3233333333333333 0.015 0.06888888888888889
1 0.9925 0.37666666666666665 0.015 0.07777777777777778
1 0.9756250000000001 0.29888888888888887 0.01875 0.08222222222222222
1 0.966875 0.2877777777777778 0.01625 0.07333333333333333
1 0.919375 0.2877777777777778 0.01625 0.06888888888888889
1 0.89125 0.24666666666666667 0.0125 0.057777777777777775
1 0.735625 0.49666666666666665 0.02125 0.1
