1 0.0925 0.6420664206642066 0.08 0.2878228782287823
1 0.23750000000000002 0.6660516605166051 0.075 0.28413284132841327
1 0.16625 0.551660516605166 0.0725 0.26199261992619927
1 0.12 0.570110701107011 0.07 0.25461254612546125
1 0.19375 0.5627306273062731 0.0675 0.23985239852398524
1 0.38125000000000003 0.5756457564575646 0.1075 0.39114391143911437
1 0.47125 0.6254612546125461 0.08750000000000001 0.3136531365313653
1 0.44125000000000003 0.5627306273062731 0.0775 0.27675276752767525
1 0.67 0.6660516605166051 0.075 0.27675276752767525
1 0.9175 0.6568265682656826 0.085 0.3099630996309963
1 0.86375 0.584870848708487 0.0775 0.27675276752767525
1 0.92875 0.5885608856088561 0.0775 0.27675276752767525
1 0.21375 0.5553505535055351 0.0675 0.23985239852398524
1 0.265 0.570110701107011 0.055 0.2103321033210332
1 0.3 0.5627306273062731 0.065 0.23247232472324722
1 0.3225 0.566420664206642 0.06 0.22509225092250923
1 0.49125 0.5553505535055351 0.0525 0.1881918819188192
1 0.52 0.5627306273062731 0.055 0.19557195571955718
1 0.55 0.5553505535055351 0.055 0.19557195571955718
1 0.57625 0.559040590405904 0.0475 0.18081180811808117
1 0.595 0.5627306273062731 0.045 0.17343173431734316
1 0.61375 0.5682656826568265 0.0375 0.14022140221402213
1 0.635 0.5682656826568265 0.04 0.14760147601476015
1 0.69875 0.5571955719557196 0.0425 0.16236162361623616
1 0.72875 0.5627306273062731 0.0425 0.15129151291512916
1 0.7375 0.566420664206642 0.035 0.13653136531365312
1 0.755 0.566420664206642 0.035 0.12915129151291513
1 0.765 0.5645756457564576 0.035 0.12546125461254612
1 0.77625 0.566420664206642 0.0325 0.12915129151291513
1 0.035 0.6014760147601476 0.05 0.18450184501845018
1 0.0175 0.6014760147601476 0.035 0.18450184501845018
1 0.01625 0.46125461254612543 0.0325 0.05904059040590406
1 0.04625 0.45202952029520294 0.0375 0.055350553505535055
1 0.09125 0.45202952029520294 0.0325 0.055350553505535055
1 0.11750000000000001 0.41697416974169743 0.035 0.04428044280442804
1 0.24 0.470479704797048 0.02 0.07011070110701106
1 0.275 0.45940959409594095 0.03 0.047970479704797044
1 0.315 0.45387453874538747 0.03 0.04428044280442804
1 0.50125 0.47232472324723246 0.0225 0.04428044280442804
1 0.675 0.4833948339483395 0.025 0.04428044280442804
