1 0.19 0.7413793103448276 0.07866666666666666 0.35960591133004927
1 0.29 0.7647783251231527 0.06533333333333333 0.2931034482758621
1 0.38266666666666665 0.6379310344827587 0.042666666666666665 0.19704433497536947
1 0.44466666666666665 0.6169950738916257 0.04133333333333333 0.19458128078817735
1 0.4746666666666666 0.5849753694581281 0.026666666666666665 0.1206896551724138
1 0.502 0.5714285714285714 0.02 0.09359605911330049
1 0.49066666666666664 0.5455665024630542 0.016 0.07142857142857142
1 0.5113333333333333 0.5443349753694582 0.014666666666666666 0.06896551724137931
1 0.5233333333333333 0.5603448275862069 0.02 0.09113300492610837
1 0.5313333333333333 0.5480295566502463 0.014666666666666666 0.0665024630541872
1 0.538 0.5504926108374384 0.012 0.06157635467980296
1 0.5486666666666666 0.5504926108374384 0.012 0.06157635467980296
1 0.5619999999999999 0.5431034482758621 0.012 0.05665024630541872
1 0.5713333333333334 0.5443349753694582 0.014666666666666666 0.06403940886699508
1 0.6006666666666667 0.5566502463054187 0.012 0.059113300492610835
1 0.009333333333333332 0.5812807881773399 0.018666666666666665 0.10344827586206896
1 0.024 0.5517241379310345 0.018666666666666665 0.04433497536945813
1 0.04 0.5467980295566502 0.013333333333333332 0.054187192118226604
1 0.049999999999999996 0.5381773399014779 0.012 0.03694581280788178
1 0.06933333333333333 0.5652709359605912 0.032 0.07142857142857142
1 0.041999999999999996 0.6108374384236454 0.030666666666666665 0.07881773399014778
1 0.10666666666666666 0.5911330049261084 0.042666666666666665 0.07881773399014778
1 0.14066666666666666 0.583743842364532 0.025333333333333333 0.10344827586206896
1 0.16533333333333333 0.5763546798029556 0.018666666666666665 0.08374384236453201
1 0.258 0.5677339901477833 0.02 0.06157635467980296
1 0.27466666666666667 0.5295566502463054 0.018666666666666665 0.034482758620689655
1 0.29333333333333333 0.5246305418719212 0.018666666666666665 0.03940886699507389
1 0.2906666666666667 0.5640394088669951 0.024 0.04926108374384237
1 0.30866666666666664 0.5541871921182266 0.014666666666666666 0.04433497536945813
1 0.7366666666666667 0.5689655172413793 0.017333333333333333 0.054187192118226604
1 0.7646666666666666 0.5714285714285714 0.017333333333333333 0.054187192118226604
1 0.8026666666666666 0.5714285714285714 0.016 0.06896551724137931
1 0.8166666666666667 0.5935960591133005 0.02 0.08374384236453201
