1 0.2808333333333333 0.81625 0.09833333333333334 0.3675
1 0.34 0.7887500000000001 0.11 0.40750000000000003
1 0.39583333333333337 0.7775 0.115 0.43
1 0.455 0.79625 0.10666666666666667 0.3925
1 0.5208333333333334 0.78125 0.11166666666666668 0.40750000000000003
1 0.5750000000000001 0.78 0.11666666666666667 0.43
1 0.6341666666666667 0.75875 0.12166666666666667 0.4475
1 0.7041666666666667 0.80125 0.10500000000000001 0.3875
1 0.7633333333333334 0.7837500000000001 0.10666666666666667 0.3975
1 0.8250000000000001 0.78625 0.11666666666666667 0.4275
1 0.8500000000000001 0.6575 0.05333333333333334 0.2
1 0.31083333333333335 0.59875 0.055 0.1125
1 0.3716666666666667 0.61375 0.03333333333333333 0.0725
1 0.42333333333333334 0.605 0.03333333333333333 0.07
1 0.4741666666666667 0.58875 0.035 0.08750000000000001
1 0.5466666666666667 0.5650000000000001 0.043333333333333335 0.08
1 0.5916666666666667 0.5675 0.03666666666666667 0.075
1 0.6791666666666667 0.5700000000000001 0.07500000000000001 0.105
