1 0.037 0.6437125748502994 0.074 0.4251497005988024
1 0.082 0.6511976047904192 0.128 0.4760479041916168
1 0.129 0.6302395209580839 0.11800000000000001 0.43413173652694614
1 0.241 0.6796407185628743 0.122 0.44311377245508987
1 0.218 0.627245508982036 0.12 0.44011976047904194
1 0.323 0.6706586826347306 0.106 0.39520958083832336
1 0.356 0.6661676646706587 0.112 0.4161676646706587
1 0.434 0.6332335329341318 0.108 0.4041916167664671
1 0.47900000000000004 0.655688622754491 0.114 0.4251497005988024
1 0.525 0.6347305389221557 0.106 0.39520958083832336
1 0.5710000000000001 0.6706586826347306 0.10200000000000001 0.37724550898203596
1 0.611 0.6077844311377246 0.10200000000000001 0.38323353293413176
1 0.662 0.6511976047904192 0.10400000000000001 0.38023952095808383
1 0.6940000000000001 0.6092814371257486 0.10400000000000001 0.38023952095808383
1 0.775 0.657185628742515 0.09 0.3323353293413174
1 0.8300000000000001 0.6002994011976048 0.084 0.3083832335329342
1 0.876 0.6302395209580839 0.096 0.35628742514970063
1 0.9550000000000001 0.625748502994012 0.09 0.3473053892215569
1 0.909 0.5 0.034 0.11377245508982037
1 0.768 0.46706586826347307 0.036000000000000004 0.04790419161676647
