1 0.03666666666666667 0.41250000000000003 0.07333333333333333 0.43
1 0.09166666666666667 0.3625 0.09333333333333334 0.34500000000000003
1 0.24750000000000003 0.54625 0.2016666666666667 0.7375
1 0.1716666666666667 0.425 0.13 0.48
1 0.3225 0.4325 0.13833333333333334 0.51
1 0.5041666666666667 0.5750000000000001 0.22166666666666668 0.8150000000000001
1 0.6708333333333334 0.48875 0.16166666666666668 0.5925
1 0.77 0.38875 0.12666666666666668 0.4675
1 0.8741666666666668 0.365 0.10500000000000001 0.39
1 0.9458333333333334 0.4175 0.10833333333333334 0.515
1 0.6066666666666667 0.37375 0.11333333333333334 0.4175
1 0.5558333333333334 0.35375 0.08833333333333333 0.3225
1 0.8250000000000001 0.3525 0.07333333333333333 0.27
1 0.42500000000000004 0.355 0.09333333333333334 0.34500000000000003
1 0.40166666666666667 0.36625 0.08 0.2975
1 0.7100000000000001 0.355 0.09000000000000001 0.33
