1 0.061 0.6006006006006006 0.082 0.3063063063063063
1 0.08700000000000001 0.496996996996997 0.054 0.2072072072072072
1 0.026000000000000002 0.4954954954954955 0.052000000000000005 0.22822822822822822
1 0.114 0.4774774774774775 0.056 0.21621621621621623
1 0.2 0.6951951951951952 0.14 0.5135135135135135
1 0.551 0.5105105105105106 0.138 0.5045045045045045
1 0.672 0.484984984984985 0.08 0.2972972972972973
1 0.721 0.46996996996997 0.09 0.3333333333333333
1 0.794 0.46096096096096095 0.08 0.2912912912912913
1 0.755 0.466966966966967 0.082 0.30930930930930933
1 0.858 0.47147147147147145 0.092 0.3483483483483483
1 0.922 0.5 0.096 0.35735735735735735
1 0.9580000000000001 0.48348348348348347 0.084 0.3843843843843844
1 0.646 0.44144144144144143 0.08 0.3003003003003003
1 0.281 0.7267267267267267 0.14200000000000002 0.5285285285285285
1 0.377 0.6996996996996997 0.15 0.5525525525525525
1 0.522 0.7057057057057057 0.156 0.5705705705705706
1 0.5640000000000001 0.7477477477477478 0.128 0.4744744744744745
1 0.8240000000000001 0.7147147147147147 0.152 0.5585585585585585
1 0.28800000000000003 0.4099099099099099 0.056 0.2072072072072072
1 0.211 0.4069069069069069 0.038 0.11711711711711711
1 0.23800000000000002 0.4069069069069069 0.036000000000000004 0.08108108108108109
1 0.123 0.35435435435435436 0.054 0.10810810810810811
1 0.06 0.3783783783783784 0.052000000000000005 0.0960960960960961
1 0.267 0.3843843843843844 0.034 0.12612612612612611
1 0.321 0.32432432432432434 0.05 0.06606606606606606
1 0.327 0.39039039039039036 0.042 0.07207207207207207
1 0.38 0.38288288288288286 0.028 0.06306306306306306
1 0.427 0.38738738738738737 0.038 0.07807807807807808
1 0.46 0.3858858858858859 0.028 0.08708708708708708
1 0.483 0.3258258258258258 0.022 0.05105105105105105
1 0.5690000000000001 0.3408408408408408 0.03 0.07507507507507508
1 0.685 0.2957957957957958 0.034 0.05105105105105105
1 0.875 0.3063063063063063 0.038 0.06006006006006006
1 0.743 0.33183183183183185 0.026000000000000002 0.04504504504504504
1 0.455 0.3228228228228228 0.03 0.04504504504504504
1 0.432 0.3123123123123123 0.032 0.04804804804804805
1 0.393 0.3213213213213213 0.018000000000000002 0.03003003003003003
