1 0.025 0.432 0.038 0.1
1 0.041 0.433 0.03 0.074
1 0.146 0.437 0.036000000000000004 0.09
1 0.191 0.439 0.046 0.114
1 0.223 0.453 0.034 0.09
1 0.279 0.461 0.042 0.106
1 0.331 0.552 0.126 0.308
1 0.399 0.46900000000000003 0.042 0.11
1 0.423 0.47000000000000003 0.034 0.088
1 0.465 0.48 0.05 0.12
1 0.5670000000000001 0.507 0.066 0.162
1 0.59 0.506 0.056 0.14
1 0.715 0.496 0.078 0.196
1 0.741 0.509 0.062 0.158
1 0.757 0.512 0.066 0.16
1 0.778 0.509 0.068 0.166
1 0.8210000000000001 0.526 0.062 0.156
1 0.975 0.545 0.05 0.214
