1 0.3185840707964602 0.6210106382978723 0.1415929203539823 0.5186170212765957
1 0.7061946902654868 0.613031914893617 0.14513274336283186 0.5398936170212766
1 0.8477876106194691 0.5452127659574468 0.11327433628318584 0.4148936170212766
1 0.9247787610619469 0.4986702127659574 0.07964601769911504 0.2898936170212766
1 0.9743362831858406 0.5066489361702128 0.05132743362831858 0.26861702127659576
1 0.9646017699115044 0.4920212765957447 0.06017699115044248 0.22340425531914893
1 0.8734513274336283 0.46808510638297873 0.0584070796460177 0.2127659574468085
1 0.7920353982300885 0.47606382978723405 0.05132743362831858 0.19680851063829788
1 0.7707964601769911 0.4640957446808511 0.04424778761061947 0.1675531914893617
1 0.7486725663716814 0.45345744680851063 0.04247787610619469 0.15691489361702127
1 0.6628318584070796 0.488031914893617 0.05132743362831858 0.18882978723404256
1 0.636283185840708 0.4654255319148936 0.04424778761061947 0.1702127659574468
1 0.6203539823008849 0.4707446808510638 0.047787610619469026 0.17553191489361702
1 0.6008849557522123 0.4827127659574468 0.04424778761061947 0.1675531914893617
1 0.5761061946902655 0.4827127659574468 0.05132743362831858 0.19414893617021275
1 0.5424778761061947 0.48138297872340424 0.05132743362831858 0.18617021276595744
1 0.5601769911504425 0.47606382978723405 0.04070796460176991 0.15425531914893617
1 0.5132743362831859 0.5119680851063829 0.07079646017699115 0.2632978723404255
1 0.46017699115044247 0.5093085106382979 0.06371681415929203 0.24202127659574468
1 0.4150442477876106 0.5398936170212766 0.07256637168141593 0.2712765957446808
1 0.37610619469026546 0.526595744680851 0.06548672566371681 0.24468085106382978
1 0.26194690265486725 0.5398936170212766 0.07079646017699115 0.26595744680851063
1 0.2336283185840708 0.5292553191489362 0.06371681415929203 0.23404255319148937
1 0.20176991150442478 0.5226063829787234 0.06017699115044248 0.22074468085106383
1 0.16460176991150444 0.5664893617021276 0.08141592920353982 0.30851063829787234
1 0.1327433628318584 0.5558510638297872 0.0743362831858407 0.2712765957446808
1 0.11238938053097344 0.5372340425531915 0.06548672566371681 0.23936170212765956
1 0.09734513274336283 0.5332446808510638 0.06371681415929203 0.23670212765957446
1 0.06902654867256637 0.526595744680851 0.06017699115044248 0.22340425531914893
1 0.8991150442477875 0.4587765957446808 0.04601769911504425 0.1728723404255319
1 0.0415929203539823 0.5146276595744681 0.05132743362831858 0.19414893617021275
1 0.02654867256637168 0.4920212765957447 0.04601769911504425 0.1702127659574468
