1 0.02375 0.39118198874296434 0.0475 0.27204502814258913
1 0.064375 0.3977485928705441 0.06875 0.2589118198874296
1 0.035 0.3827392120075047 0.0625 0.22889305816135083
1 0.08375 0.39118198874296434 0.0625 0.2270168855534709
1 0.18125 0.38461538461538464 0.0575 0.21013133208255158
1 0.254375 0.3771106941838649 0.05625 0.21013133208255158
1 0.2175 0.3714821763602251 0.0525 0.1951219512195122
1 0.28875 0.37617260787992496 0.055 0.20825515947467166
1 0.31375000000000003 0.35553470919324576 0.0375 0.14446529080675422
1 0.3425 0.3789868667917448 0.055 0.20637898686679174
1 0.37875000000000003 0.3724202626641651 0.045 0.17073170731707318
1 0.39687500000000003 0.36397748592870544 0.04625 0.17636022514071295
1 0.43 0.3649155722326454 0.05 0.18198874296435272
1 0.354375 0.36866791744840527 0.043750000000000004 0.16322701688555347
1 0.465625 0.3602251407129456 0.04625 0.1726078799249531
1 0.44125000000000003 0.3592870544090056 0.0475 0.17448405253283303
1 0.49375 0.34896810506566606 0.0425 0.15384615384615385
1 0.533125 0.36585365853658536 0.03875 0.1425891181988743
1 0.57875 0.34709193245778613 0.0325 0.12382739212007504
1 0.605 0.349906191369606 0.0325 0.12195121951219512
1 0.15375 0.5037523452157598 0.15 0.549718574108818
1 0.62625 0.43058161350844276 0.08 0.2945590994371482
1 0.713125 0.5178236397748592 0.14375000000000002 0.5290806754221389
1 0.760625 0.42964352720450283 0.07625 0.2776735459662289
1 0.9656250000000001 0.4624765478424015 0.06875 0.29080675422138835
1 0.89625 0.3893058161350844 0.045 0.1669793621013133
1 0.855 0.38555347091932457 0.045 0.16322701688555347
1 0.914375 0.3808630393996248 0.04125 0.1575984990619137
1 0.943125 0.3799249530956848 0.043750000000000004 0.15947467166979362
1 0.806875 0.3789868667917448 0.04125 0.15384615384615385
1 0.8406250000000001 0.37335834896810505 0.04125 0.1575984990619137
1 0.880625 0.3780487804878049 0.04125 0.15196998123827393
1 0.658125 0.34896810506566606 0.03375 0.1275797373358349
1 0.5275 0.5140712945590994 0.07 0.27392120075046905
1 0.550625 0.37523452157598497 0.02375 0.075046904315197
1 0.229375 0.2964352720450281 0.03625 0.052532833020637895
1 0.11750000000000001 0.2964352720450281 0.0325 0.075046904315197
1 0.78 0.32176360225140715 0.02 0.058161350844277676
1 0.73375 0.31894934333958724 0.025 0.04878048780487805
1 0.6843750000000001 0.3123827392120075 0.02125 0.054409005628517824
1 0.8718750000000001 0.31613508442776733 0.01125 0.024390243902439025
