1 0.85875 0.7676950998185118 0.1075 0.38475499092558985
1 0.8768750000000001 0.7150635208711433 0.10875 0.38838475499092556
1 0.966875 0.6814882032667876 0.06625 0.3865698729582577
1 0.3875 0.7867513611615244 0.10250000000000001 0.3684210526315789
1 0.483125 0.8284936479128856 0.08375 0.2958257713248639
1 0.544375 0.836660617059891 0.08625000000000001 0.308529945553539
1 0.14 0.7604355716878403 0.0975 0.3484573502722323
1 0.048125 0.6778584392014518 0.09625 0.3938294010889292
1 0.09 0.6805807622504537 0.105 0.3738656987295826
1 0.235625 0.8638838475499092 0.07125000000000001 0.2577132486388385
1 0.31125 0.8493647912885662 0.0775 0.279491833030853
1 0.8200000000000001 0.7413793103448275 0.1075 0.3865698729582577
1 0.576875 0.6052631578947368 0.06875 0.24863883847549909
1 0.519375 0.616152450090744 0.06625 0.24137931034482757
1 0.431875 0.6179673321234119 0.07625 0.2704174228675136
1 0.938125 0.6007259528130672 0.09625 0.3448275862068965
1 0.865 0.5508166969147005 0.07 0.25226860254083483
1 0.905625 0.529038112522686 0.08125 0.2921960072595281
1 0.961875 0.5508166969147005 0.07625 0.3139745916515426
1 0.770625 0.6551724137931034 0.06875 0.24319419237749546
1 0.71125 0.5998185117967332 0.0625 0.22686025408348456
1 0.45625 0.7713248638838475 0.1 0.3557168784029038
1 0.19875 0.7032667876588021 0.09 0.3176043557168784
1 0.15375 0.46551724137931033 0.0725 0.2558983666061706
1 0.26937500000000003 0.4918330308529945 0.05625 0.1996370235934664
1 0.5325 0.4473684210526316 0.0725 0.2558983666061706
1 0.574375 0.41197822141560797 0.06875 0.24319419237749546
1 0.731875 0.5254083484573503 0.07125000000000001 0.2558983666061706
1 0.890625 0.3348457350272232 0.06125 0.21960072595281305
1 0.795 0.3294010889292196 0.0525 0.1869328493647913
1 0.818125 0.47096188747731393 0.05375 0.19056261343012704
1 0.45875 0.4609800362976406 0.0625 0.22504537205081668
1 0.235625 0.4147005444646098 0.06625 0.23411978221415608
1 0.634375 0.5716878402903811 0.06875 0.2468239564428312
1 0.613125 0.8203266787658802 0.09625 0.3448275862068965
1 0.614375 0.37477313974591653 0.05625 0.20508166969147004
1 0.355 0.9183303085299456 0.085 0.15970961887477314
1 0.59375 0.9528130671506352 0.04 0.09074410163339383
1 0.725625 0.926497277676951 0.07625 0.12522686025408347
1 0.080625 0.34029038112522686 0.058750000000000004 0.10344827586206896
1 0.039375 0.45462794918330307 0.043750000000000004 0.10707803992740471
1 0.178125 0.5090744101633393 0.03625 0.11433756805807622
1 0.239375 0.484573502722323 0.051250000000000004 0.08711433756805807
1 0.23375 0.5517241379310345 0.05 0.11978221415607986
1 0.314375 0.529038112522686 0.04875 0.12159709618874773
1 0.316875 0.46370235934664245 0.051250000000000004 0.1397459165154265
1 0.371875 0.4473684210526316 0.03875 0.12522686025408347
1 0.434375 0.4364791288566243 0.04875 0.0852994555353902
1 0.4525 0.5054446460980037 0.0525 0.1397459165154265
1 0.498125 0.4782214156079855 0.04125 0.06352087114337568
1 0.581875 0.4745916515426497 0.04125 0.07441016333938294
1 0.603125 0.42558983666061706 0.04125 0.12159709618874773
1 0.64875 0.4591651542649728 0.05 0.10526315789473684
1 0.681875 0.4482758620689655 0.05375 0.11978221415607986
1 0.845 0.39473684210526316 0.04 0.11070780399274047
1 0.878125 0.3938294010889292 0.03625 0.09800362976406533
1 0.961875 0.3312159709618875 0.058750000000000004 0.0925589836660617
1 0.935 0.3929219600725953 0.03 0.0852994555353902
1 0.936875 0.26497277676951 0.03375 0.09074410163339383
1 0.920625 0.23411978221415608 0.03375 0.06533575317604355
1 0.8125 0.23502722323049 0.035 0.07803992740471868
1 0.7225 0.30308529945553536 0.04 0.10526315789473684
1 0.750625 0.30308529945553536 0.03625 0.10526315789473684
1 0.66 0.3348457350272232 0.07 0.11796733212341197
1 0.551875 0.32123411978221417 0.03375 0.0617059891107078
1 0.494375 0.3411978221415608 0.043750000000000004 0.10163339382940109
1 0.47500000000000003 0.3702359346642468 0.0275 0.09437386569872958
1 0.2 0.3511796733212341 0.0525 0.07441016333938294
1 0.336875 0.3021778584392014 0.043750000000000004 0.09618874773139746
1 0.376875 0.33756805807622503 0.04125 0.10163339382940109
1 0.421875 0.2967332123411978 0.043750000000000004 0.08892921960072595
1 0.84375 0.30308529945553536 0.0475 0.11252268602540834
1 0.754375 0.24319419237749546 0.04125 0.07259528130671505
1 0.609375 0.2295825771324864 0.04625 0.10707803992740471
1 0.39437500000000003 0.4882032667876588 0.04125 0.06896551724137931
1 0.366875 0.5780399274047187 0.05375 0.11433756805807622
