1 0.152099609375 0.6140865737344094 0.03955078125 0.1467351430667645
1 0.173828125 0.6155539251650771 0.0419921875 0.15407190022010273
1 0.18994140625 0.6089508437270726 0.01953125 0.07336757153338225
1 0.2099609375 0.6100513573000734 0.0146484375 0.05649303008070433
1 0.26806640625 0.6313279530447542 0.134765625 0.4966984592809978
1 0.29833984375 0.628393250183419 0.142578125 0.5231107850330154
1 0.364990234375 0.6467351430667645 0.13525390625 0.4952311078503302
1 0.409912109375 0.6291269258987527 0.13623046875 0.4996331621423331
1 0.4970703125 0.6390315480557593 0.142578125 0.5223771093176817
1 0.72412109375 0.6100513573000734 0.0302734375 0.11225238444607484
1 0.736083984375 0.6093176815847395 0.02880859375 0.1078503301540719
1 0.759521484375 0.6093176815847395 0.02294921875 0.08584005869405723
1 0.778564453125 0.6155539251650771 0.02392578125 0.08950843727072634
1 0.78857421875 0.6129860601614087 0.01953125 0.07410124724871607
1 0.868408203125 0.599046221570066 0.05224609375 0.1929567131327953
1 0.919677734375 0.5979457079970654 0.05224609375 0.19075568598679385
1 0.98876953125 0.5986793837123991 0.0224609375 0.12912692589875277
1 0.949462890625 0.607850330154072 0.01904296875 0.06969919295671313
1 0.93017578125 0.6071166544387381 0.0185546875 0.06969919295671313
1 0.357666015625 0.3888481291269259 0.02978515625 0.04402054292002935
1 0.823974609375 0.6250917094644167 0.02783203125 0.08363903154805577
1 0.890869140625 0.6001467351430668 0.01611328125 0.05135730007336758
1 0.907470703125 0.5968451944240646 0.01025390625 0.043286867204695524
