1 0.09416666666666668 0.798689138576779 0.055 0.15543071161048688
1 0.16333333333333333 0.7977528089887641 0.05666666666666667 0.16104868913857678
1 0.23333333333333334 0.8567415730337079 0.08666666666666667 0.23782771535580524
1 0.30250000000000005 0.8389513108614233 0.085 0.23595505617977527
1 0.2816666666666667 0.8155430711610487 0.06666666666666667 0.1853932584269663
1 0.43083333333333335 0.8445692883895132 0.09166666666666667 0.250936329588015
1 0.4808333333333334 0.8239700374531835 0.06833333333333334 0.18726591760299627
1 0.5775 0.850187265917603 0.10166666666666667 0.2808988764044944
1 0.7241666666666667 0.8117977528089888 0.07500000000000001 0.20411985018726592
1 0.7833333333333334 0.846441947565543 0.05 0.13857677902621723
1 0.8750000000000001 0.7687265917602997 0.043333333333333335 0.11797752808988764
1 0.925 0.7808988764044944 0.043333333333333335 0.12359550561797752
1 0.9775 0.7209737827715356 0.015000000000000001 0.0449438202247191
1 0.8133333333333334 0.7265917602996255 0.016666666666666666 0.0449438202247191
1 0.33333333333333337 0.7415730337078652 0.02 0.0599250936329588
1 0.0775 0.7312734082397003 0.015000000000000001 0.04681647940074907
1 0.09083333333333334 0.7331460674157303 0.015000000000000001 0.04681647940074907
