1 0.3758782201405152 0.34154351395730703 0.15690866510538642 0.26929392446633826
1 0.3255269320843091 0.5467980295566502 0.12646370023419204 0.2167487684729064
1 0.3325526932084309 0.7167487684729064 0.10304449648711944 0.18226600985221675
1 0.3524590163934426 0.8440065681444991 0.08665105386416862 0.14778325123152708
1 0.3700234192037471 0.9400656814449918 0.04215456674473068 0.07389162561576354
1 0.572599531615925 0.9384236453201971 0.04918032786885246 0.08374384236453201
1 0.572599531615925 0.8308702791461412 0.08665105386416862 0.15435139573070608
1 0.5714285714285714 0.7085385878489326 0.10304449648711944 0.18226600985221675
1 0.5796252927400468 0.5385878489326765 0.1288056206088993 0.22660098522167488
1 0.6545667447306791 0.3218390804597701 0.1522248243559719 0.2594417077175698
1 0.4707259953161593 0.49917898193760263 0.12177985948477751 0.20689655172413793
1 0.477751756440281 0.6502463054187192 0.09836065573770492 0.17077175697865352
1 0.689695550351288 0.6469622331691297 0.11475409836065574 0.19704433497536944
1 0.680327868852459 0.7857142857142857 0.08665105386416862 0.15270935960591134
1 0.8337236533957846 0.7208538587848933 0.05620608899297424 0.10180623973727422
1 0.8524590163934426 0.6288998357963875 0.05620608899297424 0.09523809523809523
1 0.7669789227166276 0.6116584564860427 0.04918032786885246 0.0870279146141215
1 0.12295081967213115 0.6133004926108374 0.07259953161592506 0.12315270935960591
1 0.06908665105386416 0.5960591133004925 0.0585480093676815 0.10509031198686371
1 0.13114754098360656 0.5648604269293924 0.05152224824355972 0.09195402298850575
1 0.1686182669789227 0.5426929392446633 0.046838407494145196 0.08045977011494253
1 0.8255269320843092 0.5952380952380952 0.0585480093676815 0.10016420361247948
1 0.8934426229508197 0.5804597701149425 0.06323185011709602 0.11001642036124794
1 0.9262295081967213 0.6584564860426929 0.03044496487119438 0.05582922824302135
1 0.9648711943793911 0.6559934318555009 0.03747072599531616 0.06403940886699507
1 0.04566744730679157 0.7766830870279146 0.04918032786885246 0.08866995073891626
1 0.08899297423887588 0.8013136288998358 0.03278688524590164 0.06239737274220033
1 0.1451990632318501 0.7660098522167488 0.046838407494145196 0.08045977011494253
1 0.1756440281030445 0.4696223316912972 0.05152224824355972 0.09195402298850575
1 0.47540983606557374 0.16420361247947454 0.10772833723653395 0.19047619047619047
1 0.5480093676814989 0.2857142857142857 0.10304449648711944 0.180623973727422
1 0.23770491803278687 0.5024630541871921 0.13817330210772832 0.23645320197044334
1 0.4707259953161593 0.7832512315270935 0.08430913348946135 0.1444991789819376
1 0.9613583138173302 0.7996715927750411 0.04918032786885246 0.08866995073891626
1 0.8747072599531616 0.5279146141215106 0.04449648711943794 0.08045977011494253
1 0.8618266978922716 0.4811165845648604 0.046838407494145196 0.07881773399014778
1 0.7587822014051522 0.5632183908045977 0.04215456674473068 0.07553366174055828
1 0.07142857142857142 0.5172413793103449 0.04449648711943794 0.07881773399014778
1 0.09250585480093677 0.48193760262725777 0.04918032786885246 0.090311986863711
1 0.13114754098360656 0.4573070607553366 0.04215456674473068 0.07717569786535304
1 0.9519906323185011 0.5821018062397373 0.03981264637002342 0.07389162561576354
1 0.8067915690866511 0.5320197044334976 0.04449648711943794 0.08210180623973727
1 0.30679156908665106 0.17733990147783252 0.18266978922716628 0.16420361247947454
1 0.6217798594847775 0.17077175697865352 0.23185011709601874 0.09523809523809523
