1 0.01646706586826347 0.09344262295081968 0.03293413173652694 0.13114754098360656
1 0.05089820359281437 0.13934426229508196 0.03792415169660678 0.15737704918032785
1 0.01746506986027944 0.25901639344262295 0.03493013972055888 0.1737704918032787
1 0.08083832335329341 0.30983606557377047 0.05189620758483034 0.20655737704918034
1 0.11377245508982035 0.3598360655737705 0.05189620758483034 0.2081967213114754
1 0.06586826347305388 0.5352459016393443 0.05189620758483034 0.2081967213114754
1 0.05489021956087824 0.8418032786885246 0.06586826347305388 0.26721311475409837
1 0.12275449101796407 0.6196721311475409 0.05988023952095808 0.2459016393442623
1 0.14770459081836326 0.1139344262295082 0.03992015968063872 0.15901639344262294
1 0.10379241516966067 0.18524590163934426 0.03393213572854291 0.13442622950819672
1 0.18263473053892215 0.13524590163934427 0.031936127744510975 0.12950819672131147
1 0.16766467065868262 0.24098360655737705 0.04590818363273453 0.18360655737704917
1 0.18612774451097802 0.419672131147541 0.0528942115768463 0.21639344262295082
1 0.22005988023952094 0.29262295081967216 0.046906187624750496 0.1918032786885246
1 0.24151696606786424 0.17131147540983607 0.041916167664670656 0.16885245901639345
1 0.26646706586826346 0.07704918032786885 0.03592814371257485 0.14754098360655737
1 0.31087824351297405 0.09344262295081968 0.03493013972055888 0.14426229508196722
1 0.2924151696606786 0.20901639344262296 0.041916167664670656 0.16885245901639345
1 0.2674650698602794 0.319672131147541 0.04391217564870259 0.17704918032786884
1 0.26546906187624747 0.4786885245901639 0.0558882235528942 0.22295081967213115
1 0.19910179640718562 0.7057377049180328 0.06287425149700598 0.25081967213114753
1 0.13323353293413173 0.9254098360655738 0.03493013972055888 0.14262295081967213
1 0.29690618762475046 0.8073770491803278 0.06287425149700598 0.2573770491803279
1 0.3208582834331337 0.5770491803278689 0.05688622754491018 0.22950819672131148
1 0.3388223552894211 0.3885245901639344 0.0528942115768463 0.21311475409836064
1 0.343313373253493 0.2442622950819672 0.041916167664670656 0.16721311475409836
1 0.3562874251497006 0.14918032786885246 0.04391217564870259 0.18032786885245902
1 0.3772455089820359 0.06393442622950819 0.02994011976047904 0.12459016393442623
1 0.4341317365269461 0.07049180327868852 0.03393213572854291 0.14098360655737704
1 0.4276447105788423 0.17540983606557378 0.04091816367265469 0.16393442622950818
1 0.43063872255489016 0.30573770491803276 0.04291417165668662 0.17540983606557378
1 0.4216566866267465 0.45737704918032784 0.0528942115768463 0.21639344262295082
1 0.40568862275449097 0.6459016393442623 0.060878243512974044 0.24918032786885247
1 0.3867265469061876 0.8975409836065574 0.046906187624750496 0.1918032786885246
1 0.5074850299401197 0.7434426229508196 0.06287425149700598 0.2540983606557377
1 0.5104790419161677 0.5319672131147541 0.0528942115768463 0.2180327868852459
1 0.4900199600798403 0.3581967213114754 0.049900199600798396 0.20491803278688525
1 0.49500998003992014 0.22704918032786886 0.03992015968063872 0.16229508196721312
1 0.48103792415169655 0.11147540983606558 0.041916167664670656 0.17049180327868851
1 0.4925149700598802 0.04836065573770492 0.022954091816367265 0.09672131147540984
1 0.5464071856287425 0.1581967213114754 0.044910179640718556 0.1819672131147541
1 0.5783433133732534 0.25901639344262295 0.036926147704590816 0.14754098360655737
1 0.5783433133732534 0.40491803278688526 0.046906187624750496 0.1901639344262295
1 0.5783433133732534 0.6024590163934426 0.05489021956087824 0.22131147540983606
1 0.6142714570858283 0.8540983606557377 0.06287425149700598 0.25245901639344265
1 0.6751497005988023 0.6762295081967213 0.07085828343313373 0.2836065573770492
1 0.684131736526946 0.49918032786885247 0.05089820359281437 0.20491803278688525
1 0.7330339321357284 0.39344262295081966 0.0528942115768463 0.21311475409836064
1 0.6511976047904191 0.3319672131147541 0.04890219560878243 0.19836065573770492
1 0.6497005988023952 0.19918032786885245 0.041916167664670656 0.1721311475409836
1 0.6317365269461077 0.11229508196721312 0.03792415169660678 0.1557377049180328
1 0.5643712574850299 0.05983606557377049 0.028942115768463072 0.11967213114754098
1 0.6911177644710578 0.14672131147540984 0.044910179640718556 0.1819672131147541
1 0.714570858283433 0.24344262295081967 0.03992015968063872 0.16557377049180327
1 0.7889221556886227 0.1885245901639344 0.046906187624750496 0.19344262295081968
1 0.8063872255489021 0.30491803278688523 0.049900199600798396 0.2
1 0.8298403193612773 0.44098360655737706 0.046906187624750496 0.1901639344262295
1 0.8058882235528941 0.5721311475409836 0.0528942115768463 0.21639344262295082
1 0.8178642714570857 0.8049180327868852 0.060878243512974044 0.24262295081967214
1 0.7554890219560878 0.930327868852459 0.02994011976047904 0.12622950819672132
1 0.8982035928143712 0.671311475409836 0.06586826347305388 0.26721311475409837
1 0.9426147704590817 0.5221311475409836 0.0528942115768463 0.21475409836065573
1 0.9800399201596806 0.42704918032786887 0.03992015968063872 0.22131147540983606
1 0.9021956087824351 0.37131147540983606 0.049900199600798396 0.20163934426229507
1 0.9630738522954091 0.2836065573770492 0.04391217564870259 0.18032786885245902
1 0.841816367265469 0.21475409836065573 0.044910179640718556 0.18360655737704917
1 0.901696606786427 0.15655737704918032 0.04291417165668662 0.17540983606557378
1 0.9411177644710578 0.10081967213114754 0.03992015968063872 0.16229508196721312
1 0.9790419161676646 0.06557377049180328 0.02994011976047904 0.12459016393442623
1 0.8053892215568862 0.10327868852459017 0.03393213572854291 0.13442622950819672
1 0.8587824351297404 0.07540983606557378 0.036926147704590816 0.15081967213114755
1 0.7509980039920159 0.08688524590163935 0.03892215568862275 0.15737704918032785
1 0.6771457085828343 0.06475409836065574 0.03093812375249501 0.12950819672131147
1 0.9640718562874251 0.889344262295082 0.05189620758483034 0.21147540983606558
1 0.9810379241516965 0.7549180327868853 0.03792415169660678 0.27049180327868855
1 0.7984031936127743 0.05327868852459016 0.02395209580838323 0.1
1 0.499001996007984 0.9754098360655737 0.03792415169660678 0.04262295081967213
