1 0.22333333333333336 0.7272727272727273 0.14 0.5353535353535354
1 0.35333333333333333 0.6919191919191919 0.16 0.595959595959596
1 0.5 0.7171717171717172 0.14666666666666667 0.5454545454545455
1 0.5916666666666667 0.638888888888889 0.15000000000000002 0.5707070707070707
1 0.6883333333333334 0.6818181818181819 0.15666666666666668 0.5757575757575758
1 0.7200000000000001 0.7247474747474748 0.13333333333333333 0.5
1 0.8016666666666667 0.696969696969697 0.14333333333333334 0.5454545454545455
1 0.8983333333333334 0.5101010101010102 0.09666666666666668 0.37373737373737376
1 0.9416666666666668 0.6590909090909092 0.11666666666666667 0.6515151515151516
1 0.5016666666666667 0.4065656565656566 0.05666666666666667 0.2070707070707071
1 0.31 0.547979797979798 0.09333333333333334 0.3585858585858586
1 0.7116666666666667 0.4545454545454546 0.06333333333333334 0.25252525252525254
1 0.45833333333333337 0.5555555555555556 0.10333333333333335 0.393939393939394
