1 0.020947176684881604 0.34261501210653755 0.04189435336976321 0.15254237288135594
1 0.05737704918032787 0.288135593220339 0.009107468123861567 0.0387409200968523
1 0.10655737704918032 0.31719128329297824 0.023679417122040074 0.0774818401937046
1 0.13570127504553733 0.3135593220338983 0.01639344262295082 0.06053268765133172
1 0.15300546448087432 0.31719128329297824 0.025500910746812384 0.08716707021791768
1 0.16757741347905283 0.2711864406779661 0.01092896174863388 0.04358353510895884
1 0.18214936247723132 0.26634382566585957 0.014571948998178506 0.04842615012106538
1 0.19581056466302368 0.26876513317191286 0.012750455373406192 0.04358353510895884
1 0.20127504553734063 0.3159806295399516 0.023679417122040074 0.07990314769975787
1 0.21129326047358835 0.32808716707021796 0.025500910746812384 0.08474576271186442
1 0.23588342440801457 0.34624697336561744 0.04553734061930783 0.14527845036319614
1 0.26229508196721313 0.3365617433414044 0.04371584699453552 0.14527845036319614
1 0.36429872495446264 0.5363196125907991 0.2222222222222222 0.7239709443099274
1 0.6220400728597449 0.7566585956416465 0.1111111111111111 0.3656174334140436
1 0.44899817850637525 0.25786924939467315 0.009107468123861567 0.036319612590799036
1 0.48816029143898 0.24697336561743344 0.018214936247723135 0.05811138014527845
1 0.5227686703096539 0.23607748184019373 0.01092896174863388 0.04116222760290557
1 0.5510018214936248 0.26997578692493945 0.01639344262295082 0.05084745762711865
1 0.7304189435336976 0.32566585956416466 0.029143897996357013 0.09443099273607748
1 0.7531876138433515 0.32808716707021796 0.020036429872495445 0.06537530266343826
1 0.8269581056466302 0.30387409200968524 0.02185792349726776 0.07506053268765134
1 0.843351548269581 0.3050847457627119 0.025500910746812384 0.08232445520581114
1 0.8661202185792349 0.3123486682808717 0.023679417122040074 0.0774818401937046
1 0.8816029143897997 0.31476997578692495 0.02185792349726776 0.07263922518159807
1 0.8961748633879781 0.3075060532687651 0.025500910746812384 0.09200968523002422
1 0.9225865209471766 0.3075060532687651 0.023679417122040074 0.08232445520581114
1 0.20400728597449908 0.24334140435835352 0.12386156648451731 0.06053268765133172
1 0.5009107468123861 0.23002421307506055 0.04735883424408015 0.04358353510895884
1 0.7331511839708561 0.28571428571428575 0.030965391621129327 0.06779661016949153
