1 0.057 0.5893333333333333 0.114 0.384
1 0.12 0.5786666666666667 0.112 0.36266666666666664
1 0.154 0.5653333333333334 0.12 0.3893333333333333
1 0.226 0.5666666666666667 0.12 0.39199999999999996
1 0.29 0.5666666666666667 0.12 0.39199999999999996
1 0.376 0.5533333333333333 0.132 0.42933333333333334
1 0.448 0.5493333333333333 0.12 0.39999999999999997
1 0.508 0.5573333333333333 0.124 0.4053333333333333
1 0.594 0.564 0.116 0.376
1 0.661 0.5626666666666666 0.11800000000000001 0.384
1 0.735 0.5586666666666666 0.126 0.41333333333333333
1 0.8240000000000001 0.5773333333333334 0.116 0.3813333333333333
1 0.896 0.5786666666666667 0.116 0.384
1 0.962 0.4933333333333333 0.04 0.13333333333333333
1 0.932 0.48 0.04 0.13866666666666666
1 0.02 0.47866666666666663 0.04 0.14666666666666667
1 0.211 0.4013333333333333 0.03 0.04
1 0.079 0.5746666666666667 0.046 0.088
1 0.15 0.572 0.052000000000000005 0.088
1 0.223 0.5786666666666667 0.05 0.06933333333333333
1 0.3 0.5826666666666667 0.076 0.072
1 0.358 0.5733333333333334 0.056 0.058666666666666666
1 0.429 0.5653333333333334 0.058 0.06933333333333333
1 0.483 0.5533333333333333 0.058 0.08266666666666667
1 0.536 0.5519999999999999 0.052000000000000005 0.09066666666666666
1 0.596 0.5559999999999999 0.06 0.08266666666666667
1 0.66 0.5586666666666666 0.064 0.06666666666666667
1 0.741 0.5613333333333334 0.062 0.06666666666666667
1 0.799 0.5653333333333334 0.046 0.07466666666666666
1 0.882 0.5826666666666667 0.056 0.072
1 0.866 0.4093333333333333 0.032 0.056
1 0.787 0.41466666666666663 0.054 0.056
1 0.7000000000000001 0.41466666666666663 0.048 0.04
1 0.62 0.41733333333333333 0.04 0.056
1 0.847 0.13599999999999998 0.042 0.058666666666666666
1 0.926 0.14666666666666667 0.06 0.064
1 0.773 0.13733333333333334 0.058 0.056
1 0.652 0.15066666666666667 0.068 0.07733333333333334
1 0.559 0.13999999999999999 0.062 0.06666666666666667
1 0.482 0.128 0.076 0.08533333333333333
1 0.41000000000000003 0.132 0.056 0.06133333333333333
1 0.35100000000000003 0.11599999999999999 0.05 0.07733333333333334
1 0.029 0.12666666666666665 0.034 0.072
1 0.061 0.12933333333333333 0.034 0.072
1 0.092 0.132 0.032 0.06133333333333333
1 0.128 0.132 0.04 0.06133333333333333
1 0.161 0.132 0.03 0.056
1 0.20600000000000002 0.11733333333333333 0.056 0.07466666666666666
1 0.279 0.11733333333333333 0.07 0.07466666666666666
