1 0.869 0.7123493975903615 0.122 0.4548192771084338
1 0.804 0.6445783132530121 0.092 0.3493975903614458
1 0.7000000000000001 0.7063253012048193 0.112 0.41867469879518077
1 0.62 0.7093373493975904 0.08 0.29819277108433734
1 0.591 0.6385542168674699 0.074 0.27710843373493976
1 0.45 0.6596385542168675 0.064 0.24096385542168675
1 0.366 0.661144578313253 0.04 0.1536144578313253
1 0.323 0.6280120481927711 0.042 0.15963855421686748
1 0.34700000000000003 0.6129518072289157 0.042 0.1536144578313253
1 0.227 0.6144578313253012 0.038 0.15060240963855423
1 0.254 0.5963855421686747 0.032 0.12650602409638556
1 0.281 0.5963855421686747 0.038 0.14457831325301207
1 0.272 0.6310240963855422 0.028 0.11144578313253013
1 0.08600000000000001 0.5647590361445783 0.012 0.05120481927710844
1 0.10200000000000001 0.569277108433735 0.008 0.03614457831325302
1 0.139 0.5828313253012049 0.018000000000000002 0.07530120481927711
1 0.162 0.588855421686747 0.02 0.07530120481927711
1 0.18 0.5933734939759037 0.02 0.08433734939759037
1 0.194 0.5963855421686747 0.016 0.060240963855421686
1 0.124 0.5617469879518072 0.008 0.02710843373493976
1 0.11800000000000001 0.5602409638554218 0.004 0.024096385542168676
1 0.129 0.5587349397590362 0.006 0.02710843373493976
1 0.442 0.6234939759036144 0.056 0.21084337349397592
1 0.15 0.5481927710843374 0.012 0.030120481927710843
1 0.162 0.5451807228915663 0.02 0.01807228915662651
1 0.178 0.5421686746987953 0.016 0.01807228915662651
1 0.24 0.552710843373494 0.012 0.0391566265060241
1 0.298 0.536144578313253 0.02 0.030120481927710843
1 0.306 0.5512048192771085 0.02 0.03614457831325302
1 0.294 0.588855421686747 0.024 0.0391566265060241
1 0.31 0.5918674698795181 0.024 0.0391566265060241
1 0.41300000000000003 0.5828313253012049 0.018000000000000002 0.07530120481927711
1 0.51 0.6731927710843374 0.084 0.1716867469879518
1 0.507 0.6521084337349398 0.194 0.38253012048192775
1 0.881 0.5286144578313253 0.038 0.10542168674698796
1 0.932 0.6852409638554218 0.128 0.6114457831325302
1 0.337 0.5436746987951807 0.014 0.021084337349397592
