1 0.02753623188405797 0.6479690522243714 0.05507246376811594 0.26305609284332687
1 0.0746376811594203 0.5715667311411993 0.03333333333333333 0.1102514506769826
1 0.10434782608695653 0.6508704061895552 0.0927536231884058 0.3036750483558994
1 0.12753623188405797 0.5841392649903289 0.0463768115942029 0.15473887814313347
1 0.18043478260869567 0.5967117988394585 0.050724637681159424 0.1644100580270793
1 0.2644927536231884 0.6924564796905223 0.1289855072463768 0.4216634429400387
1 0.2942028985507246 0.5918762088974855 0.06086956521739131 0.2011605415860735
1 0.391304347826087 0.5996131528046422 0.07246376811594203 0.23597678916827852
1 0.42028985507246375 0.5415860735009671 0.034782608695652174 0.11218568665377177
1 0.47681159420289854 0.5696324951644101 0.052173913043478265 0.17601547388781433
1 0.49927536231884057 0.5415860735009671 0.036231884057971016 0.12379110251450677
1 0.5492753623188406 0.7156673114119922 0.1681159420289855 0.5493230174081238
1 0.6115942028985507 0.6015473887814313 0.08695652173913043 0.2901353965183752
1 0.6898550724637681 0.5222437137330754 0.03768115942028986 0.12379110251450677
1 0.7050724637681159 0.5377176015473888 0.0536231884057971 0.17794970986460348
1 0.768840579710145 0.5609284332688588 0.06521739130434782 0.21663442940038685
1 0.8072463768115942 0.5154738878143134 0.043478260869565216 0.1411992263056093
1 0.8557971014492753 0.5338491295938105 0.0536231884057971 0.17794970986460348
1 0.8978260869565218 0.6266924564796905 0.12028985507246377 0.3945841392649903
1 0.9442028985507247 0.5193423597678917 0.04782608695652174 0.15667311411992263
1 0.9753623188405797 0.5725338491295938 0.04927536231884058 0.2940038684719536
1 0.45 0.5183752417794971 0.01884057971014493 0.061895551257253385
1 0.736231884057971 0.4632495164410058 0.011594202898550725 0.04448742746615087
1 0.33043478260869563 0.5493230174081238 0.03768115942028986 0.04642166344294004
1 0.4565217391304348 0.488394584139265 0.017391304347826087 0.0367504835589942
1 0.7507246376811594 0.44294003868471954 0.028985507246376812 0.0425531914893617
1 0.7746376811594203 0.4390715667311412 0.01884057971014493 0.05029013539651837
1 0.9586956521739131 0.45938104448742745 0.02753623188405797 0.04448742746615087
