1 0.260625 0.5328947368421052 0.043750000000000004 0.16353383458646614
1 0.33187500000000003 0.5404135338345865 0.043750000000000004 0.15977443609022557
1 0.4275 0.549812030075188 0.0375 0.14473684210526316
1 0.498125 0.5686090225563909 0.03875 0.14097744360902253
1 0.52125 0.5714285714285714 0.03 0.11278195488721804
1 0.6062500000000001 0.5742481203007519 0.03 0.11466165413533834
1 0.635 0.5714285714285714 0.0275 0.10526315789473684
1 0.660625 0.5714285714285714 0.02875 0.10526315789473684
1 0.716875 0.5827067669172932 0.02875 0.10902255639097744
1 0.824375 0.7687969924812029 0.04625 0.16917293233082706
1 0.8825000000000001 0.593984962406015 0.0175 0.07142857142857142
1 0.8300000000000001 0.5977443609022556 0.0125 0.05263157894736842
1 0.839375 0.5836466165413533 0.02125 0.08458646616541353
