1 0.6508333333333334 0.69125 0.095 0.3525
1 0.17250000000000001 0.49375 0.021666666666666667 0.0775
1 0.3433333333333334 0.51125 0.030000000000000002 0.1125
1 0.48000000000000004 0.5025000000000001 0.023333333333333334 0.085
1 0.5 0.5025000000000001 0.02 0.075
1 0.4425 0.51125 0.025 0.0925
1 0.4 0.6225 0.06333333333333334 0.24
1 0.8300000000000001 0.56 0.03666666666666667 0.14
1 0.1391666666666667 0.49625 0.021666666666666667 0.0775
1 0.11333333333333334 0.50625 0.016666666666666666 0.0675
1 0.26083333333333336 0.48375 0.008333333333333333 0.0375
1 0.46416666666666667 0.505 0.025 0.09
1 0.8966666666666667 0.485 0.02666666666666667 0.065
1 0.5650000000000001 0.48 0.06333333333333334 0.065
1 0.385 0.47250000000000003 0.02666666666666667 0.045
