1 0.1275 0.5907335907335908 0.1 0.3783783783783784
1 0.87625 0.6525096525096525 0.10250000000000001 0.3938223938223938
1 0.67375 0.4517374517374517 0.0275 0.10810810810810811
1 0.335 0.444015444015444 0.025 0.10810810810810811
1 0.28125 0.4613899613899614 0.0425 0.16602316602316602
1 0.41250000000000003 0.44594594594594594 0.025 0.09652509652509653
1 0.22625 0.4266409266409267 0.0275 0.1274131274131274
1 0.18875 0.4034749034749035 0.0325 0.10424710424710425
1 0.74375 0.4749034749034749 0.0675 0.19305019305019305
1 0.95125 0.45752895752895756 0.0575 0.1891891891891892
1 0.61125 0.4343629343629344 0.0275 0.10424710424710425
