1 0.096 0.149 0.07466666666666666 0.14200000000000002
1 0.208 0.155 0.064 0.11800000000000001
1 0.696 0.162 0.064 0.116
1 0.628 0.149 0.04533333333333333 0.09
1 0.5946666666666667 0.162 0.058666666666666666 0.108
1 0.9253333333333333 0.21 0.112 0.20800000000000002
1 0.348 0.151 0.056 0.054
1 0.42666666666666664 0.152 0.06933333333333333 0.052000000000000005
1 0.5346666666666666 0.106 0.050666666666666665 0.032
1 0.29733333333333334 0.085 0.056 0.038
1 0.388 0.085 0.04533333333333333 0.042
1 0.356 0.098 0.04 0.028
1 0.04666666666666666 0.11800000000000001 0.06133333333333333 0.048
1 0.24666666666666665 0.137 0.04 0.05
