1 0.34700000000000003 0.7231638418079096 0.038 0.13559322033898305
1 0.719 0.7090395480225988 0.026000000000000002 0.0903954802259887
1 0.9410000000000001 0.6751412429378532 0.01 0.04519774011299435
1 0.8170000000000001 0.6822033898305084 0.018000000000000002 0.07062146892655367
1 0.778 0.6836158192090396 0.02 0.06779661016949153
1 0.76 0.6864406779661016 0.02 0.06779661016949153
1 0.656 0.6977401129943502 0.02 0.0790960451977401
1 0.554 0.7005649717514124 0.028 0.096045197740113
1 0.524 0.7033898305084746 0.028 0.096045197740113
1 0.514 0.7005649717514124 0.024 0.0903954802259887
1 0.499 0.7005649717514124 0.022 0.0847457627118644
1 0.483 0.6991525423728814 0.026000000000000002 0.09322033898305085
1 0.449 0.6963276836158192 0.026000000000000002 0.08757062146892655
1 0.429 0.7062146892655368 0.022 0.0847457627118644
1 0.40800000000000003 0.7161016949152542 0.028 0.10451977401129943
1 0.4 0.713276836158192 0.028 0.09887005649717515
1 0.364 0.7217514124293786 0.032 0.11016949152542373
1 0.332 0.7189265536723164 0.032 0.11016949152542373
1 0.31 0.7231638418079096 0.032 0.11864406779661017
1 0.294 0.7189265536723164 0.032 0.11016949152542373
1 0.28200000000000003 0.713276836158192 0.032 0.11016949152542373
1 0.263 0.7146892655367232 0.026000000000000002 0.096045197740113
1 0.252 0.713276836158192 0.028 0.09887005649717515
1 0.20600000000000002 0.713276836158192 0.028 0.09887005649717515
1 0.188 0.7076271186440678 0.024 0.09322033898305085
1 0.157 0.6977401129943502 0.026000000000000002 0.0903954802259887
1 0.14400000000000002 0.6991525423728814 0.024 0.08757062146892655
1 0.136 0.693502824858757 0.028 0.09887005649717515
1 0.095 0.6878531073446328 0.026000000000000002 0.09322033898305085
1 0.078 0.6864406779661016 0.024 0.0847457627118644
1 0.067 0.6793785310734464 0.022 0.08192090395480225
1 0.5650000000000001 0.6949152542372882 0.022 0.0790960451977401
1 0.591 0.6949152542372882 0.022 0.0847457627118644
1 0.5750000000000001 0.7019774011299434 0.022 0.07627118644067797
1 0.622 0.6850282485875706 0.016 0.06497175141242938
1 0.686 0.6850282485875706 0.016 0.06497175141242938
1 0.706 0.6807909604519774 0.016 0.05649717514124294
1 0.739 0.6765536723163842 0.018000000000000002 0.059322033898305086
1 0.792 0.6779661016949152 0.012 0.05084745762711865
1 0.543 0.6949152542372882 0.022 0.0847457627118644
1 0.629 0.6878531073446328 0.018000000000000002 0.07062146892655367
1 0.925 0.672316384180791 0.014 0.05084745762711865
1 0.911 0.6638418079096046 0.01 0.04519774011299435
1 0.894 0.6709039548022598 0.012 0.0480225988700565
1 0.88 0.6680790960451978 0.016 0.05367231638418079
1 0.861 0.673728813559322 0.014 0.05367231638418079
1 0.839 0.673728813559322 0.014 0.0480225988700565
