1 0.221 0.5345345345345345 0.03 0.12012012012012012
1 0.375 0.545045045045045 0.03 0.11711711711711711
1 0.464 0.566066066066066 0.036000000000000004 0.13513513513513514
1 0.511 0.5720720720720721 0.038 0.14714714714714713
1 0.5750000000000001 0.56006006006006 0.034 0.12312312312312312
1 0.654 0.6081081081081081 0.052000000000000005 0.1891891891891892
1 0.686 0.6396396396396397 0.064 0.24024024024024024
1 0.755 0.6261261261261262 0.066 0.24324324324324323
1 0.796 0.5900900900900901 0.048 0.17717717717717718
1 0.834 0.5855855855855856 0.048 0.17417417417417416
1 0.963 0.6306306306306306 0.05 0.18618618618618618
1 0.655 0.47297297297297297 0.022 0.03303303303303303
1 0.6920000000000001 0.4954954954954955 0.032 0.06006006006006006
1 0.928 0.4924924924924925 0.028 0.05405405405405406
1 0.9560000000000001 0.509009009009009 0.032 0.08108108108108109
1 0.5760000000000001 0.2777777777777778 0.028 0.06906906906906907
1 0.61 0.28378378378378377 0.036000000000000004 0.03903903903903904
1 0.667 0.2912912912912913 0.026000000000000002 0.07207207207207207
1 0.863 0.3228228228228228 0.038 0.057057057057057055
1 0.8300000000000001 0.3258258258258258 0.036000000000000004 0.057057057057057055
1 0.804 0.31981981981981983 0.028 0.05105105105105105
1 0.888 0.27627627627627627 0.02 0.05405405405405406
1 0.9480000000000001 0.3963963963963964 0.032 0.05405405405405406
1 0.6 0.48648648648648646 0.044 0.04804804804804805
1 0.607 0.5225225225225225 0.034 0.024024024024024024
