1 0.18625 0.5130597014925373 0.0325 0.11567164179104478
1 0.0175 0.7742537313432836 0.035 0.19776119402985073
1 0.025 0.7611940298507462 0.05 0.18656716417910446
1 0.055 0.7779850746268656 0.05 0.1828358208955224
1 0.11125 0.7854477611940298 0.0425 0.16791044776119401
1 0.16125 0.7481343283582089 0.0475 0.1828358208955224
1 0.18875 0.7611940298507462 0.0475 0.1791044776119403
1 0.2475 0.7686567164179104 0.05 0.19402985074626866
1 0.29125 0.7798507462686567 0.0475 0.18656716417910446
1 0.3325 0.7705223880597015 0.055 0.20522388059701493
1 0.3675 0.8041044776119403 0.035 0.13059701492537312
1 0.39625 0.8694029850746269 0.0575 0.208955223880597
1 0.3525 0.9067164179104478 0.035 0.13432835820895522
1 0.37875000000000003 0.9477611940298507 0.0275 0.09701492537313433
1 0.52875 0.958955223880597 0.0175 0.06716417910447761
1 0.44625000000000004 0.8003731343283582 0.0525 0.19029850746268656
1 0.4 0.7873134328358209 0.05 0.18656716417910446
1 0.48375 0.7873134328358209 0.0475 0.17164179104477612
1 0.47250000000000003 0.8694029850746269 0.05 0.18656716417910446
1 0.54875 0.7947761194029851 0.0525 0.19402985074626866
1 0.5975 0.7761194029850746 0.05 0.19402985074626866
1 0.63375 0.8078358208955224 0.0625 0.22761194029850745
1 0.68125 0.792910447761194 0.0475 0.17537313432835822
1 0.76 0.7947761194029851 0.05 0.1791044776119403
1 0.7975 0.8152985074626865 0.05 0.19029850746268656
1 0.8150000000000001 0.7966417910447761 0.05 0.19029850746268656
1 0.8475 0.8115671641791045 0.05 0.19029850746268656
1 0.9087500000000001 0.8712686567164178 0.0425 0.15298507462686567
1 0.78125 0.6585820895522388 0.0375 0.1455223880597015
1 0.7212500000000001 0.710820895522388 0.0375 0.13805970149253732
1 0.8325 0.5951492537313433 0.03 0.12313432835820895
1 0.8475 0.5652985074626865 0.03 0.10820895522388059
1 0.87125 0.5690298507462687 0.0325 0.11567164179104478
1 0.35125 0.5932835820895522 0.0325 0.12686567164179105
1 0.3825 0.625 0.035 0.13059701492537312
1 0.38 0.582089552238806 0.035 0.13432835820895522
1 0.46625 0.625 0.0375 0.1455223880597015
1 0.48625 0.5708955223880597 0.0325 0.12686567164179105
1 0.52375 0.5876865671641791 0.0275 0.10820895522388059
1 0.55875 0.6380597014925373 0.0375 0.1417910447761194
1 0.9575 0.47761194029850745 0.02 0.08208955223880597
1 0.9325 0.458955223880597 0.02 0.08208955223880597
1 0.9325 0.5690298507462687 0.03 0.10820895522388059
1 0.915 0.5708955223880597 0.03 0.11194029850746269
1 0.94625 0.5727611940298507 0.0275 0.10820895522388059
1 0.9775 0.5690298507462687 0.03 0.12313432835820895
1 0.99 0.5690298507462687 0.02 0.10820895522388059
1 0.705 0.5485074626865671 0.03 0.11194029850746269
1 0.66 0.5373134328358209 0.025 0.09701492537313433
1 0.6375000000000001 0.5373134328358209 0.03 0.11194029850746269
1 0.60875 0.5335820895522388 0.0275 0.1044776119402985
1 0.58125 0.5298507462686567 0.0275 0.09701492537313433
1 0.5525 0.539179104477612 0.025 0.10074626865671642
1 0.53125 0.5410447761194029 0.0225 0.08208955223880597
1 0.06875 0.5130597014925373 0.0275 0.10074626865671642
1 0.17 0.5130597014925373 0.025 0.10074626865671642
1 0.2525 0.5205223880597015 0.025 0.10074626865671642
1 0.27375 0.5279850746268656 0.0275 0.10820895522388059
1 0.33875 0.5335820895522388 0.0225 0.08955223880597014
1 0.41000000000000003 0.5410447761194029 0.025 0.09701492537313433
1 0.4375 0.5373134328358209 0.025 0.09701492537313433
1 0.45625 0.539179104477612 0.0225 0.09328358208955223
1 0.49875 0.5447761194029851 0.0275 0.09701492537313433
1 0.0125 0.5 0.025 0.1044776119402985
1 0.03625 0.5074626865671642 0.0275 0.09701492537313433
1 0.0525 0.5130597014925373 0.025 0.10074626865671642
1 0.4575 0.458955223880597 0.02 0.08208955223880597
1 0.0925 0.7630597014925373 0.03 0.11567164179104478
1 0.295 0.6567164179104478 0.055 0.07462686567164178
1 0.83125 0.9253731343283582 0.0425 0.08955223880597014
1 0.56375 0.5708955223880597 0.0325 0.05970149253731343
1 0.58875 0.5708955223880597 0.0325 0.06716417910447761
1 0.61 0.5746268656716418 0.025 0.05970149253731343
1 0.635 0.5746268656716418 0.03 0.05223880597014925
1 0.66625 0.5802238805970149 0.0325 0.06343283582089553
1 0.74375 0.5802238805970149 0.0325 0.0708955223880597
1 0.77 0.583955223880597 0.025 0.055970149253731345
1 0.795 0.5876865671641791 0.02 0.06343283582089553
1 0.21 0.5410447761194029 0.03 0.05970149253731343
1 0.24 0.5466417910447761 0.03 0.055970149253731345
1 0.3175 0.5503731343283582 0.04 0.055970149253731345
1 0.15125 0.5335820895522388 0.0375 0.06716417910447761
1 0.22375 0.7779850746268656 0.0325 0.11567164179104478
1 0.20125 0.6847014925373134 0.0325 0.08582089552238806
