1 0.3058823529411765 0.6134328358208956 0.1803921568627451 0.6776119402985075
1 0.37745098039215685 0.6119402985074627 0.06862745098039216 0.2626865671641791
1 0.5774509803921568 0.6223880597014926 0.18627450980392157 0.7014925373134329
1 0.7039215686274509 0.6179104477611941 0.14509803921568626 0.5492537313432836
1 0.8362745098039216 0.6164179104477612 0.06862745098039216 0.25970149253731345
1 0.22941176470588234 0.5955223880597015 0.08627450980392157 0.32537313432835824
1 0.9754901960784313 0.6208955223880597 0.049019607843137254 0.2865671641791045
1 0.9656862745098039 0.6119402985074627 0.06862745098039216 0.2746268656716418
1 0.95 0.6208955223880597 0.06862745098039216 0.2626865671641791
1 0.9333333333333333 0.6194029850746269 0.07058823529411765 0.27164179104477615
1 0.8774509803921569 0.6208955223880597 0.06470588235294117 0.2507462686567164
1 0.803921568627451 0.6104477611940299 0.06274509803921569 0.2417910447761194
1 0.7833333333333333 0.6223880597014926 0.060784313725490195 0.22388059701492538
1 0.047058823529411764 0.48059701492537316 0.07058823529411765 0.1791044776119403
1 0.15980392156862744 0.5074626865671642 0.1 0.15522388059701492
1 0.7509803921568627 0.6388059701492538 0.0392156862745098 0.22686567164179106
