1 0.55375 0.6966666666666667 0.1775 0.5866666666666667
1 0.31 0.6616666666666667 0.14 0.4633333333333334
1 0.058750000000000004 0.6183333333333334 0.0925 0.31
1 0.02875 0.5866666666666667 0.0575 0.22666666666666668
1 0.25875 0.5583333333333333 0.0575 0.19
1 0.23875000000000002 0.5133333333333334 0.0325 0.11333333333333334
1 0.20625000000000002 0.5183333333333333 0.0275 0.09666666666666668
1 0.185 0.515 0.025 0.08333333333333334
1 0.16 0.5433333333333333 0.05 0.16
1 0.1325 0.53 0.04 0.14
1 0.11375 0.5316666666666667 0.0325 0.11
1 0.08625000000000001 0.515 0.0225 0.08333333333333334
1 0.46875 0.56 0.0675 0.22666666666666668
1 0.43125 0.5316666666666667 0.0525 0.17
1 0.445 0.525 0.035 0.12333333333333334
1 0.37 0.5166666666666667 0.035 0.12000000000000001
1 0.3425 0.5016666666666667 0.025 0.08333333333333334
1 0.4025 0.49833333333333335 0.015 0.05666666666666667
1 0.6625 0.5666666666666667 0.095 0.32
1 0.7275 0.5283333333333333 0.05 0.17
1 0.94125 0.6466666666666667 0.11750000000000001 0.4
1 0.96 0.5916666666666667 0.08 0.32333333333333336
1 0.84375 0.5633333333333334 0.0725 0.23333333333333334
1 0.7975 0.52 0.045 0.14666666666666667
1 0.78625 0.48333333333333334 0.0225 0.07333333333333333
1 0.74875 0.51 0.0325 0.10666666666666667
1 0.69375 0.5166666666666667 0.0375 0.12000000000000001
1 0.705 0.49833333333333335 0.025 0.09000000000000001
1 0.8825000000000001 0.51 0.04 0.13333333333333333
1 0.61625 0.49333333333333335 0.0325 0.08
1 0.98875 0.4516666666666667 0.0125 0.030000000000000002
