1 0.06833333333333334 0.49125 0.1 0.3725
1 0.15666666666666668 0.2725 0.08 0.295
1 0.23333333333333334 0.28375 0.07 0.2625
1 0.2891666666666667 0.2725 0.04166666666666667 0.155
1 0.3541666666666667 0.315 0.055 0.2
1 0.275 0.615 0.14333333333333334 0.525
1 0.3875 0.5675 0.085 0.315
1 0.5825 0.6062500000000001 0.08833333333333333 0.3275
1 0.5508333333333334 0.49125 0.08166666666666667 0.2975
1 0.6175 0.505 0.04833333333333334 0.185
1 0.6666666666666667 0.53125 0.060000000000000005 0.2275
1 0.7125 0.51875 0.058333333333333334 0.2175
1 0.7475 0.51 0.055 0.2
1 0.8016666666666667 0.56875 0.07 0.2625
1 0.8475 0.5425 0.06166666666666667 0.23
1 0.9291666666666667 0.42625 0.025 0.0925
1 0.9450000000000001 0.42625 0.023333333333333334 0.0925
1 0.9700000000000001 0.4675 0.03333333333333333 0.12
1 0.9833333333333334 0.46625 0.03333333333333333 0.1525
1 0.33 0.28625 0.023333333333333334 0.0575
1 0.385 0.29875 0.03666666666666667 0.0625
1 0.42083333333333334 0.30125 0.025 0.0575
1 0.4541666666666667 0.30375 0.028333333333333335 0.0525
1 0.48500000000000004 0.425 0.02666666666666667 0.07
1 0.5233333333333333 0.41875 0.030000000000000002 0.0625
1 0.5933333333333334 0.4025 0.02 0.05
1 0.6391666666666667 0.39375 0.021666666666666667 0.0275
1 0.6516666666666667 0.42375 0.016666666666666666 0.0275
1 0.6341666666666667 0.36 0.015000000000000001 0.035
1 0.6458333333333334 0.36 0.011666666666666667 0.05
1 0.6891666666666667 0.395 0.015000000000000001 0.03
1 0.6966666666666667 0.42125 0.006666666666666667 0.0475
1 0.9891666666666667 0.41625 0.011666666666666667 0.0425
