1 0.5423875432525952 0.4894179894179894 0.08131487889273356 0.30158730158730157
1 0.5034602076124568 0.4775132275132275 0.06228373702422146 0.23544973544973544
1 0.4455017301038062 0.46957671957671954 0.060553633217993084 0.23015873015873015
1 0.3814878892733564 0.4775132275132275 0.060553633217993084 0.23544973544973544
1 0.7967128027681661 0.46957671957671954 0.06401384083044982 0.24603174603174602
1 0.6496539792387543 0.42857142857142855 0.032871972318339104 0.12698412698412698
1 0.5873702422145329 0.4325396825396825 0.029411764705882353 0.11904761904761904
1 0.6167820069204153 0.4193121693121693 0.032871972318339104 0.12433862433862433
1 0.736159169550173 0.4298941798941799 0.03633217993079585 0.1349206349206349
1 0.6980968858131488 0.42857142857142855 0.032871972318339104 0.13227513227513227
1 0.6712802768166091 0.4365079365079365 0.03114186851211073 0.1164021164021164
1 0.3304498269896194 0.4298941798941799 0.03806228373702422 0.1455026455026455
1 0.9852941176470589 0.41666666666666663 0.029411764705882353 0.11904761904761904
1 0.8754325259515571 0.5476190476190476 0.07612456747404844 0.2857142857142857
1 0.19636678200692043 0.5727513227513227 0.05363321799307959 0.20899470899470898
1 0.2655709342560554 0.5410052910052909 0.06747404844290658 0.2513227513227513
1 0.09688581314878893 0.5621693121693121 0.058823529411764705 0.22486772486772486
1 0.06487889273356402 0.566137566137566 0.05709342560553633 0.2222222222222222
1 0.15916955017301038 0.41798941798941797 0.02422145328719723 0.10052910052910052
1 0.1782006920415225 0.41798941798941797 0.02422145328719723 0.10052910052910052
1 0.2171280276816609 0.41798941798941797 0.02249134948096886 0.08465608465608465
1 0.22491349480968859 0.4272486772486772 0.01730103806228374 0.06613756613756613
1 0.020761245674740483 0.4669312169312169 0.04152249134948097 0.09259259259259259
1 0.06833910034602077 0.3941798941798942 0.01903114186851211 0.07407407407407407
1 0.12110726643598617 0.41137566137566134 0.02422145328719723 0.11375661375661375
1 0.291522491349481 0.41666666666666663 0.012110726643598616 0.10317460317460317
1 0.8884083044982699 0.38095238095238093 0.01903114186851211 0.031746031746031744
1 0.9091695501730104 0.35846560846560843 0.015570934256055364 0.03439153439153439
1 0.9359861591695502 0.37037037037037035 0.02768166089965398 0.031746031746031744
1 0.34515570934256057 0.37830687830687826 0.00865051903114187 0.031746031746031744
1 0.35813148788927335 0.37566137566137564 0.010380622837370242 0.026455026455026454
1 0.38494809688581316 0.38095238095238093 0.00865051903114187 0.031746031746031744
1 0.40051903114186854 0.38227513227513227 0.012110726643598616 0.03968253968253968
1 0.4204152249134948 0.38756613756613756 0.01384083044982699 0.03968253968253968
1 0.46539792387543255 0.373015873015873 0.010380622837370242 0.031746031746031744
