1 0.7083333333333334 0.7973273942093541 0.03333333333333333 0.11581291759465479
1 0.7833333333333334 0.7628062360801782 0.016666666666666666 0.060133630289532294
1 0.8491666666666667 0.7739420935412027 0.025 0.08685968819599109
1 0.8308333333333334 0.7761692650334076 0.025 0.08240534521158129
1 0.8925000000000001 0.7661469933184855 0.025 0.08017817371937638
1 0.9291666666666667 0.7060133630289532 0.011666666666666667 0.04008908685968819
1 0.8666666666666667 0.7182628062360802 0.013333333333333334 0.042316258351893093
1 0.8600000000000001 0.7171492204899776 0.013333333333333334 0.044543429844097995
1 0.8516666666666667 0.7193763919821826 0.01 0.04008908685968819
1 0.8475 0.6759465478841871 0.005 0.024498886414253896
1 0.8541666666666667 0.6603563474387527 0.005 0.024498886414253896
1 0.8650000000000001 0.6614699331848553 0.01 0.031180400890868595
1 0.7691666666666667 0.6993318485523385 0.011666666666666667 0.04008908685968819
1 0.5916666666666667 0.720489977728285 0.013333333333333334 0.042316258351893093
1 0.5425 0.7761692650334076 0.021666666666666667 0.0779510022271715
1 0.40750000000000003 0.7951002227171492 0.025 0.08908685968819599
1 0.35000000000000003 0.7706013363028953 0.02666666666666667 0.08908685968819599
1 0.2816666666666667 0.7628062360801782 0.02 0.06904231625835189
1 0.24750000000000003 0.7973273942093541 0.025 0.08017817371937638
1 0.21500000000000002 0.7761692650334076 0.02666666666666667 0.09131403118040089
1 0.19 0.7962138084632516 0.02 0.07349665924276169
1 0.1125 0.7984409799554565 0.025 0.08240534521158129
1 0.07083333333333333 0.7884187082405345 0.021666666666666667 0.0757238307349666
1 0.010833333333333334 0.8084632516703786 0.021666666666666667 0.09354120267260578
1 0.025 0.7828507795100222 0.02 0.06458797327394208
1 0.04666666666666667 0.7683741648106904 0.02 0.06681514476614699
1 0.18333333333333335 0.7282850779510022 0.016666666666666666 0.05345211581291759
1 0.1691666666666667 0.7427616926503341 0.015000000000000001 0.04677060133630289
1 0.22 0.6414253897550111 0.01 0.031180400890868595
1 0.4916666666666667 0.6948775055679287 0.01 0.04008908685968819
1 0.6141666666666667 0.6726057906458797 0.008333333333333333 0.026726057906458794
1 0.6033333333333334 0.6748329621380846 0.006666666666666667 0.026726057906458794
1 0.5708333333333334 0.6481069042316258 0.005 0.022271714922048998
1 0.6966666666666667 0.621380846325167 0.006666666666666667 0.022271714922048998
1 0.7050000000000001 0.6224944320712694 0.006666666666666667 0.020044543429844096
1 0.7175 0.6191536748329621 0.008333333333333333 0.031180400890868595
1 0.7675000000000001 0.6525612472160356 0.005 0.022271714922048998
1 0.7791666666666667 0.6514476614699332 0.005 0.020044543429844096
1 0.41583333333333333 0.655902004454343 0.008333333333333333 0.028953229398663696
1 0.40166666666666667 0.6503340757238307 0.006666666666666667 0.022271714922048998
1 0.3916666666666667 0.6458797327394209 0.006666666666666667 0.022271714922048998
1 0.23083333333333333 0.5757238307349666 0.005 0.024498886414253896
1 0.20500000000000002 0.5801781737193764 0.006666666666666667 0.028953229398663696
1 0.195 0.5556792873051225 0.0033333333333333335 0.015590200445434297
1 0.41750000000000004 0.6046770601336303 0.008333333333333333 0.028953229398663696
1 0.52 0.6135857461024499 0.01 0.03340757238307349
1 0.535 0.5957683741648107 0.01 0.0378619153674833
1 0.5583333333333333 0.6547884187082406 0.01 0.031180400890868595
1 0.5475 0.6414253897550111 0.008333333333333333 0.026726057906458794
1 0.4733333333333334 0.60913140311804 0.006666666666666667 0.020044543429844096
1 0.8200000000000001 0.7349665924276169 0.013333333333333334 0.017817371937639197
1 0.4691666666666667 0.7917594654788418 0.025 0.05567928730512249
1 0.17333333333333334 0.8084632516703786 0.02 0.04899777282850779
1 0.35250000000000004 0.6681514476614699 0.018333333333333333 0.022271714922048998
1 0.43833333333333335 0.9743875278396437 0.03666666666666667 0.0378619153674833
1 0.5366666666666667 0.965478841870824 0.05333333333333334 0.060133630289532294
