1 0.83544921875 0.8740849194729137 0.0263671875 0.09663250366032211
1 0.7900390625 0.8704245973645681 0.025390625 0.09809663250366032
1 0.7685546875 0.8755490483162518 0.02734375 0.10248901903367497
1 0.751953125 0.8923865300146413 0.015625 0.060029282576866766
1 0.72998046875 0.8726207906295754 0.0263671875 0.09956076134699854
1 0.71142578125 0.8916544655929722 0.0185546875 0.07027818448023426
1 0.6962890625 0.8836017569546121 0.0234375 0.08931185944363104
1 0.03271484375 0.9019033674963397 0.0185546875 0.07027818448023426
1 0.06640625 0.9099560761346999 0.015625 0.060029282576866766
1 0.05712890625 0.9070278184480235 0.0146484375 0.05710102489019034
1 0.080078125 0.9070278184480235 0.015625 0.05710102489019034
1 0.0888671875 0.9055636896046853 0.017578125 0.0629575402635432
1 0.10107421875 0.9099560761346999 0.0146484375 0.05417276720351391
1 0.111328125 0.9099560761346999 0.015625 0.05710102489019034
1 0.15234375 0.9070278184480235 0.015625 0.060029282576866766
1 0.1611328125 0.9004392386530015 0.01953125 0.07320644216691069
1 0.16748046875 0.9011713030746706 0.0185546875 0.07174231332357248
1 0.185546875 0.904099560761347 0.017578125 0.06881405563689605
1 0.20068359375 0.9011713030746706 0.0185546875 0.06881405563689605
1 0.2568359375 0.8967789165446559 0.017578125 0.06881405563689605
1 0.26953125 0.8982430453879942 0.01953125 0.0746705710102489
1 0.3203125 0.8872620790629575 0.017578125 0.06734992679355783
1 0.34912109375 0.8960468521229868 0.0185546875 0.07027818448023426
1 0.33935546875 0.8945827232796486 0.0185546875 0.07027818448023426
1 0.3681640625 0.8916544655929722 0.01953125 0.07613469985358712
1 0.35888671875 0.8857979502196194 0.0205078125 0.07613469985358712
1 0.39990234375 0.8733528550512445 0.0166015625 0.0629575402635432
1 0.38720703125 0.869692532942899 0.0166015625 0.06442166910688141
1 0.375 0.8733528550512445 0.017578125 0.0629575402635432
1 0.41455078125 0.8733528550512445 0.0166015625 0.0629575402635432
1 0.42431640625 0.876281112737921 0.0166015625 0.0629575402635432
1 0.4482421875 0.876281112737921 0.017578125 0.06881405563689605
1 0.462890625 0.8565153733528551 0.013671875 0.04978038067349927
1 0.40576171875 0.8565153733528551 0.0107421875 0.043923865300146414
1 0.41162109375 0.83601756954612 0.0068359375 0.02635431918008785
1 0.36572265625 0.8294289897510981 0.0107421875 0.0424597364568082
1 0.60400390625 0.8389458272327965 0.0107421875 0.040995607613469986
1 0.6171875 0.8374816983894583 0.013671875 0.04978038067349927
1 0.6298828125 0.8477306002928258 0.009765625 0.040995607613469986
1 0.6416015625 0.8499267935578331 0.009765625 0.03953147877013177
1 0.375 0.8243045387994143 0.0078125 0.032210834553440704
1 0.3818359375 0.8535871156661786 0.013671875 0.055636896046852125
1 0.0478515625 0.8909224011713031 0.009765625 0.021961932650073207
1 0.21533203125 0.8872620790629575 0.0107421875 0.029282576866764276
1 0.20849609375 0.8711566617862372 0.0048828125 0.01171303074670571
1 0.34423828125 0.8499267935578331 0.0068359375 0.010248901903367497
1 0.38525390625 0.8140556368960469 0.0048828125 0.01171303074670571
1 0.3955078125 0.8162518301610542 0.005859375 0.010248901903367497
1 0.40283203125 0.8162518301610542 0.0048828125 0.010248901903367497
1 0.40966796875 0.8162518301610542 0.0048828125 0.010248901903367497
1 0.419921875 0.8228404099560762 0.005859375 0.01171303074670571
1 0.427734375 0.8265007320644217 0.005859375 0.010248901903367497
1 0.42431640625 0.8316251830161054 0.0068359375 0.01171303074670571
