1 0.109 0.7297297297297297 0.138 0.5165165165165165
1 0.28700000000000003 0.6936936936936937 0.146 0.5405405405405406
1 0.392 0.6576576576576576 0.1 0.37237237237237236
1 0.724 0.7282282282282282 0.136 0.5075075075075075
1 0.9480000000000001 0.7567567567567568 0.10400000000000001 0.4144144144144144
1 0.899 0.7162162162162162 0.11800000000000001 0.44144144144144143
1 0.859 0.7147147147147147 0.122 0.4444444444444444
1 0.8240000000000001 0.7012012012012012 0.108 0.3933933933933934
1 0.612 0.6366366366366366 0.084 0.3123123123123123
1 0.577 0.6396396396396397 0.074 0.2822822822822823
1 0.547 0.6306306306306306 0.07 0.25825825825825827
1 0.498 0.5990990990990991 0.068 0.2552552552552553
1 0.459 0.5930930930930931 0.07 0.26726726726726724
1 0.442 0.5555555555555556 0.076 0.2882882882882883
1 0.634 0.6771771771771772 0.076 0.2852852852852853
1 0.982 0.3993993993993994 0.024 0.09009009009009009
1 0.6910000000000001 0.551051051051051 0.058 0.16516516516516516
1 0.784 0.49399399399399396 0.04 0.14114114114114115
