1 0.12666666666666665 0.684 0.03733333333333333 0.14
1 0.204 0.707 0.03733333333333333 0.14200000000000002
1 0.22599999999999998 0.644 0.03866666666666667 0.14
1 0.2773333333333333 0.732 0.04 0.152
1 0.31266666666666665 0.674 0.03866666666666667 0.14400000000000002
1 0.36266666666666664 0.759 0.04 0.15
1 0.414 0.7010000000000001 0.03866666666666667 0.146
1 0.502 0.789 0.044 0.162
1 0.5066666666666666 0.715 0.042666666666666665 0.162
1 0.6426666666666666 0.764 0.04 0.152
1 0.6273333333333333 0.6940000000000001 0.044 0.16
1 0.7093333333333333 0.668 0.04 0.152
1 0.7926666666666666 0.639 0.036 0.13
1 0.72 0.737 0.03733333333333333 0.14200000000000002
1 0.7866666666666666 0.709 0.034666666666666665 0.11800000000000001
1 0.85 0.678 0.030666666666666665 0.128
1 0.13866666666666666 0.556 0.024 0.08
