1 0.022 0.3902439024390244 0.044 0.22996515679442509
1 0.063 0.3780487804878049 0.046 0.1986062717770035
1 0.108 0.47038327526132406 0.084 0.3554006968641115
1 0.162 0.3902439024390244 0.044 0.1951219512195122
1 0.642 0.47038327526132406 0.076 0.32752613240418116
1 0.221 0.48606271777003485 0.098 0.4146341463414634
1 0.252 0.47735191637630664 0.092 0.40418118466898956
1 0.40900000000000003 0.5470383275261324 0.10200000000000001 0.43902439024390244
1 0.305 0.38501742160278746 0.054 0.2264808362369338
1 0.336 0.3989547038327526 0.052000000000000005 0.2264808362369338
1 0.375 0.4076655052264808 0.054 0.23693379790940766
1 0.44 0.40069686411149824 0.056 0.23693379790940766
1 0.463 0.4181184668989547 0.058 0.24390243902439024
1 0.551 0.41289198606271776 0.054 0.23344947735191637
1 0.582 0.42334494773519166 0.056 0.24738675958188153
1 0.602 0.43205574912891986 0.056 0.23693379790940766
1 0.841 0.47560975609756095 0.066 0.289198606271777
1 0.867 0.45818815331010454 0.07 0.30313588850174217
1 0.931 0.4651567944250871 0.058 0.25435540069686413
1 0.982 0.21602787456445993 0.036000000000000004 0.1602787456445993
1 0.8260000000000001 0.41986062717770034 0.052000000000000005 0.2264808362369338
1 0.08600000000000001 0.37282229965156793 0.036000000000000004 0.1951219512195122
1 0.11800000000000001 0.38153310104529614 0.028 0.21254355400696864
1 0.153 0.37282229965156793 0.058 0.21602787456445993
1 0.228 0.6637630662020906 0.152 0.3170731707317073
1 0.549 0.7264808362369338 0.25 0.4146341463414634
1 0.687 0.578397212543554 0.134 0.22996515679442509
1 0.652 0.5487804878048781 0.064 0.2264808362369338
1 0.759 0.48606271777003485 0.094 0.16376306620209058
1 0.6910000000000001 0.4094076655052265 0.054 0.20557491289198607
1 0.47900000000000004 0.47735191637630664 0.054 0.1672473867595819
1 0.508 0.4024390243902439 0.044 0.08710801393728224
1 0.529 0.4965156794425087 0.058 0.16376306620209058
1 0.515 0.367595818815331 0.038 0.156794425087108
1 0.963 0.5331010452961672 0.066 0.20209059233449478
1 0.17300000000000001 0.10452961672473868 0.018000000000000002 0.06968641114982578
