1 0.091875 0.7116666666666667 0.02375 0.08
1 0.115 0.7058333333333334 0.0225 0.07833333333333334
1 0.12562500000000001 0.6900000000000001 0.02125 0.07333333333333333
1 0.136875 0.745 0.03125 0.1
1 0.14625 0.7150000000000001 0.03 0.09666666666666668
1 0.1675 0.6933333333333334 0.0275 0.09000000000000001
1 0.22062500000000002 0.655 0.02375 0.07666666666666667
1 0.339375 0.6516666666666667 0.02625 0.08666666666666667
1 0.386875 0.6325000000000001 0.01625 0.05166666666666667
1 0.535625 0.5966666666666667 0.01875 0.06333333333333334
1 0.581875 0.6741666666666667 0.02125 0.07500000000000001
1 0.9275 0.9408333333333334 0.0325 0.10500000000000001
1 0.9425 0.9366666666666668 0.035 0.11666666666666667
1 0.943125 0.7108333333333334 0.02625 0.09166666666666667
1 0.914375 0.6925 0.02375 0.07833333333333334
1 0.8975 0.6816666666666668 0.025 0.08333333333333334
1 0.82625 0.6941666666666667 0.0275 0.095
1 0.813125 0.67 0.02125 0.07333333333333333
1 0.76875 0.6458333333333334 0.0225 0.07833333333333334
1 0.851875 0.6316666666666667 0.01875 0.060000000000000005
1 0.8325 0.6266666666666667 0.0175 0.06333333333333334
1 0.259375 0.6341666666666667 0.02375 0.07833333333333334
1 0.349375 0.7191666666666667 0.05375 0.06166666666666667
1 0.36562500000000003 0.5633333333333334 0.04875 0.05333333333333334
1 0.604375 0.5658333333333334 0.03375 0.055
1 0.5650000000000001 0.5741666666666667 0.0275 0.03833333333333334
1 0.435 0.7008333333333334 0.0475 0.06833333333333334
1 0.38375000000000004 0.6783333333333333 0.05 0.043333333333333335
1 0.161875 0.6491666666666667 0.03125 0.035
1 0.16875 0.6183333333333334 0.0275 0.03666666666666667
1 0.401875 0.40166666666666667 0.06375 0.09333333333333334
1 0.618125 0.3666666666666667 0.05375 0.09666666666666668
