1 0.018333333333333333 0.535 0.03666666666666667 0.195
1 0.16666666666666669 0.57375 0.09333333333333334 0.3425
1 0.21833333333333335 0.5700000000000001 0.08 0.295
1 0.24500000000000002 0.5825 0.08333333333333334 0.305
1 0.33166666666666667 0.57625 0.08 0.2925
1 0.38583333333333336 0.5725 0.07833333333333334 0.29
1 0.44 0.5725 0.07666666666666667 0.28
1 0.4991666666666667 0.5725 0.06833333333333334 0.25
1 0.5383333333333333 0.5650000000000001 0.07 0.255
1 0.5825 0.555 0.07166666666666667 0.26
1 0.6283333333333334 0.55625 0.06666666666666667 0.2525
1 0.6716666666666667 0.5525 0.06333333333333334 0.24
1 0.7016666666666667 0.5575 0.060000000000000005 0.225
1 0.9166666666666667 0.5437500000000001 0.04666666666666667 0.1775
1 0.8925000000000001 0.5437500000000001 0.05166666666666667 0.1875
1 0.8716666666666667 0.55 0.05 0.185
1 0.8375 0.5525 0.04833333333333334 0.185
1 0.8133333333333334 0.54625 0.060000000000000005 0.2175
1 0.7941666666666667 0.55 0.055 0.21
1 0.7658333333333334 0.55 0.058333333333333334 0.215
1 0.7341666666666667 0.55375 0.058333333333333334 0.2175
