1 0.24166666666666667 0.6972361809045227 0.06666666666666667 0.24371859296482412
1 0.165 0.6721105527638191 0.05333333333333334 0.20351758793969849
1 0.11750000000000001 0.6595477386934674 0.045000000000000005 0.16834170854271358
1 0.09916666666666667 0.6532663316582915 0.03833333333333334 0.1457286432160804
1 0.022500000000000003 0.6984924623115578 0.045000000000000005 0.2763819095477387
1 0.29333333333333333 0.664572864321608 0.043333333333333335 0.16331658291457288
1 0.31833333333333336 0.6532663316582915 0.03666666666666667 0.135678391959799
1 0.36500000000000005 0.6846733668341709 0.060000000000000005 0.2185929648241206
1 0.4733333333333334 0.7010050251256281 0.07 0.2613065326633166
1 0.555 0.6758793969849246 0.05666666666666667 0.20603015075376885
1 0.5191666666666667 0.664572864321608 0.03833333333333334 0.14321608040201006
1 0.5991666666666667 0.6620603015075377 0.035 0.13819095477386936
1 0.6466666666666667 0.6721105527638191 0.04666666666666667 0.17839195979899497
1 0.7158333333333334 0.6984924623115578 0.07166666666666667 0.2663316582914573
1 0.6883333333333334 0.6620603015075377 0.03333333333333333 0.12814070351758794
1 0.7741666666666667 0.6771356783919598 0.055 0.20351758793969849
1 0.8275 0.678391959798995 0.04166666666666667 0.15577889447236182
1 0.9775 0.6896984924623115 0.045000000000000005 0.23366834170854273
1 0.14583333333333334 0.6608040201005025 0.04833333333333334 0.18592964824120603
1 0.21583333333333335 0.6457286432160804 0.04166666666666667 0.1306532663316583
1 0.38833333333333336 0.6683417085427136 0.03666666666666667 0.1708542713567839
1 0.7400000000000001 0.6683417085427136 0.03333333333333333 0.15577889447236182
