1 0.663768115942029 0.6200873362445415 0.18840579710144928 0.6943231441048034
1 0.6108695652173913 0.5644104803493449 0.10579710144927536 0.3908296943231441
1 0.39420289855072466 0.5600436681222707 0.10434782608695653 0.38209606986899564
1 0.15144927536231884 0.5687772925764192 0.1144927536231884 0.425764192139738
1 0.24130434782608695 0.5262008733624454 0.07391304347826087 0.2794759825327511
1 0.07971014492753624 0.5425764192139738 0.07536231884057971 0.27729257641921395
1 0.2833333333333333 0.4989082969432314 0.0536231884057971 0.20305676855895197
1 0.4318840579710145 0.5152838427947598 0.06956521739130435 0.2576419213973799
1 0.8934782608695653 0.5272925764192139 0.06811594202898551 0.25109170305676853
1 0.9601449275362319 0.47925764192139736 0.04492753623188406 0.16812227074235808
1 0.9753623188405797 0.5698689956331877 0.04927536231884058 0.3449781659388646
1 0.7644927536231885 0.5 0.0536231884057971 0.20524017467248906
1 0.8253623188405798 0.48689956331877726 0.04492753623188406 0.17030567685589518
1 0.5144927536231884 0.4519650655021834 0.026086956521739132 0.10043668122270742
1 0.5347826086956522 0.4650655021834061 0.03188405797101449 0.11790393013100436
1 0.042753623188405795 0.46943231441048033 0.0536231884057971 0.19213973799126638
1 0.4594202898550725 0.4836244541484716 0.017391304347826087 0.18122270742358076
1 0.4753623188405797 0.4737991266375546 0.017391304347826087 0.148471615720524
1 0.5688405797101449 0.48471615720524014 0.059420289855072465 0.23144104803493448
1 0.8847826086956522 0.4661572052401746 0.08260869565217391 0.18122270742358076
