1 0.7716666666666667 0.8555555555555555 0.05 0.16444444444444445
1 0.6758333333333334 0.8211111111111111 0.04833333333333334 0.1622222222222222
1 0.4916666666666667 0.7111111111111111 0.030000000000000002 0.10222222222222223
1 0.4591666666666667 0.73 0.03166666666666667 0.10444444444444445
1 0.41833333333333333 0.7477777777777778 0.030000000000000002 0.10444444444444445
1 0.3691666666666667 0.7733333333333333 0.035 0.11555555555555555
1 0.3216666666666667 0.7544444444444445 0.03333333333333333 0.11333333333333333
1 0.29333333333333333 0.7433333333333333 0.03333333333333333 0.11333333333333333
1 0.25583333333333336 0.7266666666666667 0.028333333333333335 0.09777777777777778
1 0.22583333333333336 0.7144444444444444 0.028333333333333335 0.1
1 0.1991666666666667 0.7044444444444444 0.028333333333333335 0.09333333333333334
1 0.17833333333333334 0.6911111111111111 0.02666666666666667 0.09333333333333334
1 0.15583333333333335 0.6788888888888889 0.028333333333333335 0.09111111111111111
1 0.13333333333333333 0.6744444444444444 0.02666666666666667 0.08666666666666667
1 0.1125 0.6633333333333333 0.025 0.08666666666666667
1 0.17833333333333334 0.5533333333333333 0.01 0.035555555555555556
1 0.23500000000000001 0.55 0.013333333333333334 0.04666666666666667
1 0.2525 0.5544444444444444 0.011666666666666667 0.042222222222222223
1 0.26583333333333337 0.5588888888888889 0.015000000000000001 0.04666666666666667
1 0.28500000000000003 0.56 0.013333333333333334 0.044444444444444446
1 0.29583333333333334 0.5622222222222222 0.011666666666666667 0.044444444444444446
1 0.3066666666666667 0.5633333333333334 0.013333333333333334 0.04666666666666667
1 0.3141666666666667 0.5655555555555556 0.015000000000000001 0.04666666666666667
1 0.32833333333333337 0.5688888888888889 0.013333333333333334 0.04888888888888889
1 0.3425 0.5755555555555556 0.011666666666666667 0.044444444444444446
1 0.36083333333333334 0.5733333333333334 0.015000000000000001 0.05333333333333333
1 0.3825 0.5788888888888889 0.015000000000000001 0.051111111111111114
1 0.39916666666666667 0.5811111111111111 0.015000000000000001 0.04666666666666667
1 0.35333333333333333 0.5277777777777778 0.01 0.03777777777777778
1 0.37833333333333335 0.5266666666666666 0.006666666666666667 0.026666666666666665
1 0.41000000000000003 0.5188888888888888 0.006666666666666667 0.024444444444444446
1 0.4341666666666667 0.5155555555555555 0.005 0.022222222222222223
1 0.4608333333333334 0.5111111111111111 0.005 0.022222222222222223
1 0.4891666666666667 0.5088888888888888 0.005 0.022222222222222223
1 0.5075000000000001 0.51 0.008333333333333333 0.03333333333333333
1 0.7125 0.5066666666666667 0.005 0.022222222222222223
1 0.6916666666666668 0.5066666666666667 0.006666666666666667 0.022222222222222223
1 0.6666666666666667 0.5055555555555555 0.006666666666666667 0.028888888888888888
1 0.6358333333333334 0.5044444444444445 0.008333333333333333 0.026666666666666665
1 0.5933333333333334 0.5022222222222222 0.006666666666666667 0.026666666666666665
1 0.5616666666666666 0.49777777777777776 0.0033333333333333335 0.017777777777777778
1 0.5333333333333333 0.5055555555555555 0.006666666666666667 0.02
1 0.7116666666666667 0.6233333333333333 0.023333333333333334 0.08222222222222222
1 0.7291666666666667 0.62 0.025 0.08
1 0.6133333333333334 0.6177777777777778 0.02 0.06666666666666667
1 0.5800000000000001 0.6188888888888889 0.02 0.06888888888888889
1 0.655 0.62 0.02 0.06666666666666667
1 0.8491666666666667 0.6622222222222223 0.025 0.08888888888888889
1 0.7683333333333334 0.6677777777777778 0.030000000000000002 0.09555555555555556
1 0.78 0.6522222222222223 0.02666666666666667 0.09111111111111111
1 0.42833333333333334 0.5855555555555556 0.013333333333333334 0.024444444444444446
1 0.4441666666666667 0.5866666666666667 0.015000000000000001 0.035555555555555556
1 0.4625 0.5866666666666667 0.008333333333333333 0.04
1 0.4841666666666667 0.5922222222222222 0.011666666666666667 0.03333333333333333
1 0.5041666666666667 0.5922222222222222 0.018333333333333333 0.03777777777777778
1 0.5708333333333334 0.5977777777777777 0.008333333333333333 0.04888888888888889
1 0.6641666666666667 0.6277777777777778 0.015000000000000001 0.042222222222222223
1 0.7525000000000001 0.5911111111111111 0.025 0.04888888888888889
1 0.8991666666666667 0.6611111111111111 0.021666666666666667 0.07333333333333333
1 0.9325000000000001 0.6733333333333333 0.028333333333333335 0.08
1 0.9558333333333334 0.6633333333333333 0.035 0.07777777777777778
1 0.9858333333333335 0.6711111111111111 0.028333333333333335 0.06222222222222222
1 0.42500000000000004 0.6833333333333333 0.03666666666666667 0.042222222222222223
1 0.3791666666666667 0.7055555555555556 0.03833333333333334 0.05555555555555555
1 0.35000000000000003 0.6977777777777778 0.030000000000000002 0.057777777777777775
1 0.3116666666666667 0.6877777777777778 0.03666666666666667 0.04666666666666667
