1 0.03666666666666667 0.650375939849624 0.07333333333333333 0.2882205513784461
1 0.0775 0.6553884711779449 0.07833333333333334 0.2932330827067669
1 0.12916666666666668 0.6516290726817042 0.07833333333333334 0.2957393483709273
1 0.17333333333333334 0.6541353383458646 0.09000000000000001 0.3308270676691729
1 0.22916666666666669 0.6578947368421052 0.095 0.3533834586466165
1 0.2783333333333334 0.6541353383458646 0.1 0.37092731829573933
1 0.33 0.6553884711779449 0.10333333333333335 0.37844611528822053
1 0.39666666666666667 0.6578947368421052 0.10333333333333335 0.38345864661654133
1 0.4625 0.6604010025062657 0.10833333333333334 0.40350877192982454
1 0.5116666666666667 0.6365914786967418 0.09666666666666668 0.3558897243107769
1 0.5433333333333333 0.6190476190476191 0.08 0.3007518796992481
1 0.5750000000000001 0.6165413533834586 0.06333333333333334 0.24060150375939848
1 0.9183333333333334 0.537593984962406 0.023333333333333334 0.09273182957393483
