1 0.04166666666666667 0.49375 0.08 0.2925
1 0.12583333333333335 0.49625 0.07166666666666667 0.2675
1 0.24250000000000002 0.6275000000000001 0.165 0.61
1 0.375 0.58875 0.13333333333333333 0.4875
1 0.455 0.5475 0.11333333333333334 0.42
1 0.5441666666666667 0.45875 0.055 0.20750000000000002
1 0.6050000000000001 0.455 0.05666666666666667 0.21
1 0.7708333333333334 0.4375 0.07166666666666667 0.265
1 0.7341666666666667 0.43625 0.045000000000000005 0.17250000000000001
1 0.6658333333333334 0.40375 0.045000000000000005 0.1675
1 0.6466666666666667 0.3925 0.043333333333333335 0.16
1 0.5791666666666667 0.4025 0.04833333333333334 0.17500000000000002
1 0.5208333333333334 0.405 0.03833333333333334 0.14
1 0.20583333333333334 0.47875 0.06833333333333334 0.2525
1 0.81 0.41250000000000003 0.05333333333333334 0.2
1 0.8425 0.41625 0.04833333333333334 0.1775
1 0.8941666666666668 0.36875 0.045000000000000005 0.17250000000000001
1 0.9358333333333334 0.37625000000000003 0.04166666666666667 0.1525
1 0.9108333333333334 0.38125000000000003 0.03833333333333334 0.1475
1 0.9666666666666667 0.375 0.04 0.15
1 0.2341666666666667 0.48 0.06833333333333334 0.255
1 0.3375 0.54 0.10833333333333334 0.365
1 0.8675 0.4625 0.08833333333333333 0.105
