1 0.03853211009174312 0.6573033707865169 0.07706422018348624 0.6629213483146067
1 0.19908256880733946 0.5599250936329588 0.07522935779816514 0.3857677902621723
1 0.26788990825688075 0.5861423220973783 0.08807339449541285 0.44569288389513106
1 0.3697247706422019 0.6441947565543071 0.11192660550458716 0.5692883895131087
1 0.5293577981651376 0.6610486891385768 0.13027522935779817 0.6479400749063671
1 0.6642201834862386 0.6179775280898876 0.09541284403669725 0.4794007490636704
1 0.573394495412844 0.5318352059925093 0.06788990825688074 0.33707865168539325
1 0.6972477064220184 0.5730337078651685 0.07706422018348624 0.38202247191011235
1 0.7550458715596331 0.5374531835205992 0.060550458715596334 0.31086142322097376
1 0.8477064220183487 0.5880149812734082 0.08807339449541285 0.449438202247191
1 0.9220183486238532 0.6816479400749064 0.12293577981651377 0.6217228464419475
1 0.9669724770642203 0.3445692883895131 0.025688073394495414 0.149812734082397
