1 0.9525862068965517 0.7776073619631902 0.06034482758620689 0.2668711656441718
1 0.8353448275862069 0.8190184049079755 0.08103448275862069 0.34969325153374237
1 0.7413793103448276 0.7515337423312883 0.04827586206896552 0.2147239263803681
1 0.7741379310344827 0.7684049079754601 0.041379310344827586 0.18711656441717792
1 0.7129310344827586 0.7423312883435583 0.04310344827586207 0.19631901840490798
1 0.6594827586206896 0.7208588957055215 0.04655172413793103 0.20858895705521474
1 0.44482758620689655 0.8098159509202454 0.06551724137931034 0.2822085889570552
1 0.4189655172413793 0.843558282208589 0.06551724137931034 0.2883435582822086
1 0.38275862068965516 0.8374233128834356 0.07241379310344828 0.3128834355828221
1 0.3543103448275862 0.8358895705521473 0.0706896551724138 0.3098159509202454
1 0.6120689655172413 0.8312883435582822 0.06896551724137931 0.3006134969325153
1 0.2793103448275862 0.848159509202454 0.06551724137931034 0.2852760736196319
1 0.18017241379310345 0.8634969325153374 0.06034482758620689 0.2607361963190184
1 0.20517241379310344 0.8159509202453988 0.06551724137931034 0.2822085889570552
1 0.3172413793103448 0.799079754601227 0.05862068965517241 0.2607361963190184
1 0.02672413793103448 0.7776073619631902 0.05344827586206896 0.2423312883435583
1 0.06293103448275862 0.7822085889570553 0.056896551724137934 0.25153374233128833
1 0.1629310344827586 0.7576687116564418 0.05 0.22699386503067484
1 0.6922413793103448 0.696319018404908 0.03620689655172414 0.16564417177914112
1 0.08189655172413793 0.8450920245398773 0.15689655172413794 0.30368098159509205
1 0.5594827586206896 0.8834355828220859 0.16034482758620688 0.22085889570552147
1 0.008620689655172414 0.6656441717791411 0.017241379310344827 0.07975460122699386
1 0.1896551724137931 0.7024539877300614 0.027586206896551724 0.12883435582822086
1 0.26379310344827583 0.7423312883435583 0.03793103448275862 0.18404907975460122
1 0.4862068965517241 0.7070552147239264 0.03103448275862069 0.1196319018404908
1 0.5103448275862069 0.7009202453987731 0.04827586206896552 0.11349693251533742
1 0.5775862068965517 0.7223926380368099 0.041379310344827586 0.15030674846625766
1 0.903448275862069 0.6993865030674847 0.034482758620689655 0.13496932515337423
