1 0.151 0.6635802469135802 0.058 0.22839506172839505
1 0.243 0.6805555555555555 0.062 0.23765432098765432
1 0.309 0.6527777777777778 0.05 0.19444444444444442
1 0.384 0.6836419753086419 0.07200000000000001 0.27469135802469136
1 0.544 0.6851851851851851 0.084 0.31481481481481477
1 0.5680000000000001 0.6651234567901234 0.056 0.21913580246913578
1 0.627 0.6527777777777778 0.046 0.17592592592592593
1 0.672 0.662037037037037 0.056 0.21296296296296297
1 0.722 0.6743827160493827 0.07200000000000001 0.2685185185185185
1 0.762 0.654320987654321 0.052000000000000005 0.2037037037037037
1 0.8180000000000001 0.6651234567901234 0.06 0.23765432098765432
1 0.93 0.6635802469135802 0.056 0.21604938271604937
1 0.027 0.6466049382716049 0.034 0.1388888888888889
1 0.053 0.6342592592592592 0.042 0.15740740740740738
1 0.101 0.6388888888888888 0.034 0.13580246913580246
1 0.184 0.6296296296296295 0.04 0.16049382716049382
1 0.011 0.6435185185185185 0.022 0.1450617283950617
1 0.502 0.6558641975308641 0.024 0.2006172839506173
1 0.41100000000000003 0.6604938271604938 0.03 0.2222222222222222
1 0.986 0.662037037037037 0.02 0.12654320987654322
1 0.966 0.6635802469135802 0.024 0.1111111111111111
1 0.9580000000000001 0.5756172839506173 0.012 0.05246913580246913
1 0.976 0.5694444444444444 0.012 0.040123456790123455
1 0.994 0.5725308641975309 0.008 0.046296296296296294
1 0.987 0.5555555555555556 0.014 0.037037037037037035
