1 0.04183673469387755 0.4661764705882353 0.06326530612244899 0.22647058823529412
1 0.6602040816326531 0.3073529411764706 0.16122448979591839 0.5735294117647058
1 0.5622448979591838 0.32794117647058824 0.15714285714285717 0.5558823529411765
1 0.46734693877551026 0.3382352941176471 0.1346938775510204 0.4823529411764706
1 0.41938775510204085 0.3897058823529412 0.14081632653061227 0.5029411764705882
1 0.34693877551020413 0.3602941176470588 0.10612244897959185 0.37941176470588234
1 0.2683673469387755 0.38235294117647056 0.1163265306122449 0.4176470588235294
1 0.22244897959183677 0.41911764705882354 0.10204081632653061 0.3558823529411765
1 0.19183673469387758 0.4279411764705882 0.10204081632653061 0.3558823529411765
1 0.17040816326530614 0.4279411764705882 0.0836734693877551 0.29705882352941176
1 0.7704081632653061 0.42058823529411765 0.05510204081632654 0.19411764705882353
1 0.8306122448979593 0.41911764705882354 0.0489795918367347 0.17941176470588235
1 0.9693877551020409 0.40294117647058825 0.0489795918367347 0.1764705882352941
1 0.726530612244898 0.4323529411764706 0.036734693877551024 0.12941176470588234
1 0.5520408163265307 0.4573529411764706 0.03469387755102041 0.12058823529411765
1 0.14591836734693878 0.41470588235294115 0.03877551020408164 0.2588235294117647
1 0.8959183673469389 0.4617647058823529 0.06938775510204082 0.11764705882352941
1 0.5183673469387755 0.4426470588235294 0.0163265306122449 0.15
1 0.9183673469387756 0.40294117647058825 0.036734693877551024 0.11176470588235293
