1 0.09927536231884058 0.6520787746170678 0.06811594202898551 0.2538293216630197
1 0.15869565217391304 0.6203501094091903 0.059420289855072465 0.22538293216630195
1 0.7485507246376811 0.7702407002188183 0.09130434782608696 0.3413566739606127
1 0.6789855072463769 0.6236323851203501 0.0536231884057971 0.20568927789934355
1 0.6289855072463768 0.6159737417943107 0.057971014492753624 0.21663019693654267
1 0.7188405797101449 0.6269146608315098 0.06086956521739131 0.22975929978118162
1 0.5086956521739131 0.6849015317286652 0.08405797101449275 0.3107221006564551
1 0.5753623188405798 0.5590809628008753 0.034782608695652174 0.12910284463894967
1 0.47753623188405797 0.6039387308533917 0.0536231884057971 0.19693654266958424
1 0.44420289855072465 0.599562363238512 0.04492753623188406 0.17067833698030635
1 0.4028985507246377 0.636761487964989 0.06666666666666667 0.24507658643326038
1 0.36594202898550726 0.5656455142231948 0.042028985507246375 0.15973741794310722
1 0.3115942028985507 0.6586433260393872 0.06956521739130435 0.26258205689277897
1 0.29057971014492756 0.6312910284463895 0.06521739130434782 0.2385120350109409
1 0.26956521739130435 0.612691466083151 0.05507246376811594 0.20568927789934355
1 0.21811594202898552 0.6105032822757112 0.050724637681159424 0.19256017505470457
1 0.1934782608695652 0.6006564551422319 0.04782608695652174 0.18161925601750548
1 0.05652173913043478 0.6050328227571116 0.04927536231884058 0.18161925601750548
1 0.013768115942028985 0.5951859956236324 0.02753623188405797 0.18818380743982493
1 0.9826086956521739 0.6148796498905907 0.034782608695652174 0.18818380743982493
1 0.2028985507246377 0.7713347921225383 0.1565217391304348 0.03282275711159737
1 0.4057971014492754 0.787746170678337 0.20869565217391306 0.0262582056892779
1 0.38623188405797104 0.7560175054704595 0.18405797101449275 0.010940919037199124
1 0.48840579710144927 0.74945295404814 0.17101449275362318 0.024070021881838072
1 0.3007246376811594 0.7231947483588621 0.21594202898550724 0.024070021881838072
