1 0.25 0.405 0.14888888888888888 0.5433333333333333
1 0.12555555555555556 0.43000000000000005 0.15333333333333332 0.5633333333333334
1 0.08 0.38833333333333336 0.1111111111111111 0.41000000000000003
1 0.3705555555555556 0.5816666666666667 0.22111111111111112 0.8133333333333334
1 0.7111111111111111 0.5125000000000001 0.2644444444444444 0.9683333333333334
1 0.9322222222222222 0.49583333333333335 0.13555555555555557 0.9750000000000001
1 0.5133333333333333 0.3766666666666667 0.13333333333333333 0.49000000000000005
1 0.4338888888888889 0.46 0.16333333333333333 0.6033333333333334
1 0.5855555555555556 0.38333333333333336 0.12222222222222222 0.45333333333333337
1 0.1688888888888889 0.33916666666666667 0.06 0.28833333333333333
1 0.3211111111111111 0.24166666666666667 0.06444444444444444 0.22333333333333336
1 0.39555555555555555 0.21833333333333335 0.05333333333333333 0.13
1 0.4666666666666667 0.3166666666666667 0.04888888888888889 0.31
1 0.48055555555555557 0.19833333333333333 0.03666666666666667 0.08666666666666667
1 0.9672222222222222 0.32916666666666666 0.04777777777777778 0.3416666666666667
