1 0.018779342723004695 0.5669456066945606 0.028169014084507043 0.1213389121338912
1 0.04812206572769953 0.559623430962343 0.025821596244131457 0.11924686192468618
1 0.06044600938967136 0.5397489539748953 0.024647887323943664 0.11297071129707112
1 0.08744131455399061 0.5679916317991631 0.03169014084507042 0.14016736401673638
1 0.11091549295774648 0.5491631799163179 0.024647887323943664 0.11087866108786609
1 0.12969483568075119 0.553347280334728 0.02699530516431925 0.12343096234309622
1 0.13615023474178403 0.5439330543933054 0.023474178403755867 0.10878661087866108
1 0.16314553990610328 0.5711297071129706 0.025821596244131457 0.11297071129707112
1 0.17546948356807512 0.5711297071129706 0.01995305164319249 0.08786610878661087
1 0.18720657276995306 0.5711297071129706 0.022300469483568074 0.10041841004184099
1 0.20246478873239437 0.5763598326359832 0.01995305164319249 0.0899581589958159
1 0.26467136150234744 0.5711297071129706 0.03169014084507042 0.13807531380753138
1 0.31572769953051644 0.553347280334728 0.035211267605633804 0.1527196652719665
1 0.3274647887323944 0.5376569037656903 0.03755868544600939 0.1631799163179916
1 0.34330985915492956 0.5439330543933054 0.03403755868544601 0.15062761506276148
1 0.37089201877934275 0.5491631799163179 0.035211267605633804 0.15690376569037656
1 0.39730046948356806 0.5732217573221757 0.03873239436619719 0.16736401673640167
1 0.40786384976525825 0.5470711297071129 0.03169014084507042 0.14016736401673638
1 0.24237089201877934 0.561715481171548 0.02699530516431925 0.11924686192468618
1 0.03051643192488263 0.5428870292887029 0.02112676056338028 0.0899581589958159
1 0.03931924882629108 0.5449790794979079 0.01995305164319249 0.08577405857740585
1 0.007629107981220657 0.5470711297071129 0.015258215962441314 0.0899581589958159
1 0.431924882629108 0.5679916317991631 0.035211267605633804 0.15690376569037656
1 0.4524647887323944 0.5753138075313807 0.03169014084507042 0.1422594142259414
1 0.47593896713615025 0.5700836820083681 0.03403755868544601 0.14853556485355648
1 0.49002347417840375 0.559623430962343 0.029342723004694836 0.1317991631799163
1 0.5064553990610329 0.557531380753138 0.036384976525821594 0.15690376569037656
1 0.5158450704225352 0.5711297071129706 0.03403755868544601 0.14644351464435146
1 0.5305164319248826 0.559623430962343 0.035211267605633804 0.1527196652719665
1 0.5492957746478874 0.5627615062761506 0.03051643192488263 0.13807531380753138
1 0.5727699530516432 0.5805439330543932 0.04929577464788733 0.2196652719665272
1 0.602699530516432 0.5836820083682008 0.04342723004694836 0.18828451882845187
1 0.6167840375586855 0.557531380753138 0.04812206572769953 0.21548117154811713
1 0.6443661971830986 0.5543933054393305 0.04460093896713615 0.1924686192468619
1 0.6690140845070423 0.5679916317991631 0.046948356807511735 0.20711297071129706
1 0.6919014084507042 0.5606694560669455 0.04812206572769953 0.20920502092050208
1 0.7095070422535211 0.561715481171548 0.04107981220657277 0.18619246861924685
1 0.7341549295774648 0.5669456066945606 0.05516431924882629 0.23849372384937237
1 0.7593896713615024 0.5627615062761506 0.04929577464788733 0.2133891213389121
1 0.7740610328638498 0.5638075313807531 0.045774647887323945 0.19874476987447698
1 0.7904929577464789 0.557531380753138 0.045774647887323945 0.19874476987447698
1 0.8045774647887324 0.5523012552301255 0.036384976525821594 0.1631799163179916
1 0.8227699530516432 0.6004184100418409 0.06103286384976526 0.2635983263598326
1 0.8544600938967136 0.5742677824267782 0.06338028169014084 0.2824267782426778
1 0.8996478873239436 0.6004184100418409 0.04107981220657277 0.1799163179916318
1 0.9201877934272301 0.5889121338912133 0.04460093896713615 0.19456066945606693
1 0.9442488262910799 0.5930962343096233 0.04812206572769953 0.21548117154811713
1 0.9636150234741784 0.5794979079497907 0.04460093896713615 0.19665271966527195
1 0.9818075117370892 0.5815899581589957 0.036384976525821594 0.20920502092050208
1 0.15610328638497653 0.48744769874476984 0.018779342723004695 0.04184100418410042
1 0.17077464788732394 0.48953974895397484 0.012910798122065728 0.03347280334728033
1 0.2546948356807512 0.4832635983263598 0.01643192488262911 0.025104602510460247
1 0.630868544600939 0.47698744769874474 0.01995305164319249 0.025104602510460247
1 0.44072769953051644 0.4728033472803347 0.017605633802816902 0.025104602510460247
1 0.45892018779342725 0.46861924686192463 0.014084507042253521 0.03765690376569037
1 0.4724178403755869 0.47698744769874474 0.01056338028169014 0.025104602510460247
1 0.4841549295774648 0.4738493723849372 0.012910798122065728 0.03138075313807531
1 0.9372065727699531 0.45711297071129703 0.015258215962441314 0.03556485355648535
1 0.8849765258215962 0.4916317991631799 0.014084507042253521 0.050209205020920494
1 0.8990610328638498 0.4738493723849372 0.01643192488262911 0.048117154811715475
1 0.9847417840375587 0.459205020920502 0.02112676056338028 0.03556485355648535
1 0.982981220657277 0.4372384937238493 0.024647887323943664 0.03347280334728033
