1 0.12890625 0.4456824512534819 0.035937500000000004 0.1615598885793872
1 0.15781250000000002 0.45264623955431754 0.040625 0.17548746518105848
1 0.1765625 0.44846796657381616 0.03125 0.1392757660167131
1 0.22968750000000002 0.5069637883008357 0.05625 0.25069637883008355
1 0.27421875 0.5055710306406686 0.0671875 0.298050139275766
1 0.40156250000000004 0.6100278551532033 0.16875 0.7409470752089137
1 0.215625 0.4554317548746518 0.03125 0.13649025069637882
1 0.246875 0.44986072423398327 0.034375 0.15877437325905291
1 0.3140625 0.467966573816156 0.037500000000000006 0.1671309192200557
1 0.29375 0.44846796657381616 0.025 0.116991643454039
1 0.5007812500000001 0.5724233983286908 0.0734375 0.32590529247910865
1 0.5015625 0.5445682451253482 0.07187500000000001 0.3203342618384401
1 0.54609375 0.5766016713091922 0.0765625 0.3398328690807799
1 0.62109375 0.5835654596100278 0.0859375 0.3816155988857939
1 0.6804687500000001 0.5668523676880223 0.0765625 0.33147632311977715
1 0.7015625000000001 0.5571030640668524 0.06875 0.3064066852367688
1 0.74140625 0.5403899721448469 0.0671875 0.28969359331476324
1 0.7898437500000001 0.541782729805014 0.060937500000000006 0.2701949860724234
1 0.828125 0.5250696378830083 0.05625 0.2479108635097493
1 0.875 0.5306406685236769 0.059375000000000004 0.2646239554317549
1 0.9007812500000001 0.5222841225626741 0.0546875 0.23676880222841226
1 0.9187500000000001 0.5250696378830083 0.046875 0.21448467966573817
1 0.94140625 0.5125348189415042 0.045312500000000006 0.19498607242339833
1 0.9625 0.5069637883008357 0.037500000000000006 0.1671309192200557
1 0.5750000000000001 0.49025069637883006 0.040625 0.18384401114206128
1 0.6109375 0.46657381615598886 0.034375 0.15877437325905291
