1 0.08801498127340825 0.5949197860962566 0.033707865168539325 0.12566844919786097
1 0.17134831460674158 0.5414438502673796 0.013108614232209739 0.05080213903743315
1 0.29775280898876405 0.6163101604278074 0.056179775280898875 0.20053475935828877
1 0.35767790262172283 0.56951871657754 0.026217228464419477 0.0962566844919786
1 0.3408239700374532 0.56951871657754 0.02247191011235955 0.08021390374331551
1 0.32771535580524347 0.5668449197860962 0.018726591760299626 0.06951871657754011
1 0.41198501872659177 0.6122994652406417 0.04119850187265918 0.1443850267379679
1 0.4700374531835206 0.6016042780748663 0.03745318352059925 0.1283422459893048
1 0.449438202247191 0.5762032085561497 0.0149812734082397 0.06149732620320855
1 0.5046816479400749 0.6350267379679144 0.05805243445692884 0.20053475935828877
1 0.5627340823970037 0.6163101604278074 0.05056179775280899 0.17379679144385027
1 0.7031835205992509 0.6002673796791443 0.031835205992509365 0.12032085561497326
1 0.9803370786516854 0.6096256684491979 0.031835205992509365 0.1122994652406417
