1 0.0275 0.578125 0.05 0.22767857142857142
1 0.0675 0.5915178571428571 0.065 0.2901785714285714
1 0.10125 0.5558035714285714 0.0425 0.20089285714285712
1 0.13 0.6763392857142857 0.095 0.42410714285714285
1 0.17250000000000001 0.5669642857142857 0.06 0.2589285714285714
1 0.23875000000000002 0.6183035714285714 0.0775 0.34375
1 0.31 0.5959821428571428 0.065 0.2901785714285714
1 0.36125 0.5714285714285714 0.0525 0.23214285714285712
1 0.41500000000000004 0.4352678571428571 0.005 0.03125
1 0.46625 0.6674107142857143 0.10250000000000001 0.4508928571428571
1 0.50375 0.7611607142857142 0.0075 0.040178571428571425
1 0.5275 0.5625 0.06 0.26785714285714285
1 0.5375 0.546875 0.05 0.21875
1 0.6725 0.6116071428571428 0.085 0.375
1 0.68125 0.6584821428571428 0.10250000000000001 0.45982142857142855
1 0.96875 0.6607142857142857 0.0625 0.45535714285714285
1 0.9025 0.6227678571428571 0.075 0.34375
1 0.86625 0.5915178571428571 0.0675 0.29910714285714285
1 0.83125 0.5691964285714285 0.0525 0.24553571428571427
1 0.8 0.5491071428571428 0.05 0.2232142857142857
1 0.6075 0.59375 0.025 0.08035714285714285
1 0.62875 0.59375 0.0175 0.0625
1 0.715 0.5959821428571428 0.02 0.09375
1 0.7262500000000001 0.5915178571428571 0.0175 0.05803571428571428
1 0.7375 0.5915178571428571 0.02 0.07589285714285714
1 0.75625 0.5915178571428571 0.0175 0.08482142857142856
1 0.76875 0.5982142857142857 0.0175 0.0625
1 0.5750000000000001 0.5915178571428571 0.025 0.09375
1 0.56 0.578125 0.02 0.06696428571428571
1 0.41250000000000003 0.578125 0.015 0.09375
1 0.33375 0.5870535714285714 0.0175 0.06696428571428571
1 0.2775 0.59375 0.02 0.07142857142857142
1 0.265 0.5959821428571428 0.02 0.06696428571428571
