1 0.0475 0.6417910447761194 0.095 0.417910447761194
1 0.09625 0.6324626865671642 0.1225 0.458955223880597
1 0.1625 0.6567164179104478 0.11 0.40298507462686567
1 0.25875 0.6044776119402985 0.08750000000000001 0.3208955223880597
1 0.29875 0.6138059701492538 0.08750000000000001 0.3246268656716418
1 0.37875000000000003 0.5988805970149254 0.0675 0.2574626865671642
1 0.425 0.5261194029850746 0.07 0.2537313432835821
1 0.44875 0.5130597014925373 0.0675 0.25
1 0.50875 0.4197761194029851 0.0425 0.15298507462686567
1 0.535 0.4123134328358209 0.04 0.1455223880597015
1 0.5750000000000001 0.43656716417910446 0.05 0.1791044776119403
1 0.6125 0.3675373134328358 0.035 0.13059701492537312
1 0.6325000000000001 0.3283582089552239 0.03 0.11194029850746269
1 0.67125 0.3712686567164179 0.0225 0.08582089552238806
1 0.71 0.6473880597014925 0.1 0.3694029850746269
1 0.755 0.6399253731343284 0.085 0.3171641791044776
1 0.8025 0.625 0.095 0.34701492537313433
1 0.90625 0.6529850746268656 0.08750000000000001 0.3208955223880597
1 0.8625 0.43843283582089554 0.05 0.1828358208955224
1 0.7825 0.35074626865671643 0.035 0.13432835820895522
1 0.80875 0.35074626865671643 0.0275 0.11194029850746269
1 0.905 0.417910447761194 0.06 0.09701492537313433
