1 0.058333333333333334 0.4430555555555556 0.05 0.18055555555555555
1 0.2740740740740741 0.4666666666666667 0.07407407407407407 0.27222222222222225
1 0.32407407407407407 0.45833333333333337 0.07037037037037037 0.2611111111111111
1 0.37777777777777777 0.4763888888888889 0.07777777777777778 0.28611111111111115
1 0.3990740740740741 0.45833333333333337 0.06851851851851852 0.25
1 0.4222222222222222 0.48888888888888893 0.07777777777777778 0.29444444444444445
1 0.48055555555555557 0.49583333333333335 0.08333333333333334 0.3138888888888889
1 0.5342592592592593 0.5041666666666667 0.09814814814814815 0.35833333333333334
1 0.6370370370370371 0.5069444444444444 0.11111111111111112 0.4138888888888889
1 0.750925925925926 0.5055555555555555 0.09444444444444444 0.35000000000000003
1 0.8564814814814815 0.5597222222222222 0.1277777777777778 0.46944444444444444
1 0.9675925925925927 0.48750000000000004 0.06481481481481481 0.325
1 0.7990740740740742 0.47500000000000003 0.06481481481481481 0.24444444444444446
1 0.8240740740740741 0.4666666666666667 0.06666666666666667 0.25
1 0.9092592592592593 0.4791666666666667 0.07407407407407407 0.26944444444444443
1 0.5555555555555556 0.3527777777777778 0.02962962962962963 0.06666666666666667
1 0.5768518518518518 0.3597222222222222 0.02777777777777778 0.075
1 0.5981481481481482 0.3527777777777778 0.022222222222222223 0.03333333333333333
