1 0.29977628635346754 0.5939597315436241 0.12527964205816555 0.4563758389261745
1 0.3478747203579418 0.5704697986577181 0.1185682326621924 0.436241610738255
1 0.42953020134228187 0.5654362416107382 0.11185682326621924 0.412751677852349
1 0.6342281879194631 0.587248322147651 0.12304250559284116 0.4563758389261745
1 0.6823266219239373 0.5822147651006712 0.12080536912751677 0.44630872483221473
1 0.7203579418344519 0.5805369127516778 0.10738255033557047 0.40268456375838924
1 0.5525727069351231 0.5771812080536912 0.058165548098434 0.21476510067114093
1 0.5961968680089486 0.5771812080536912 0.060402684563758385 0.22147651006711408
1 0.7874720357941835 0.5838926174496644 0.053691275167785234 0.19463087248322147
1 0.8131991051454138 0.5805369127516778 0.05145413870246085 0.18791946308724833
1 0.8422818791946308 0.5906040268456376 0.05592841163310962 0.2080536912751678
1 0.8747203579418344 0.5822147651006712 0.053691275167785234 0.19798657718120805
1 0.9004474272930648 0.5855704697986577 0.05145413870246085 0.1912751677852349
1 0.9373601789709172 0.5889261744966443 0.058165548098434 0.2181208053691275
1 0.9675615212527964 0.5822147651006712 0.05145413870246085 0.1912751677852349
1 0.9832214765100671 0.5855704697986577 0.03355704697986577 0.19798657718120805
1 0.1610738255033557 0.5570469798657718 0.053691275167785234 0.20134228187919462
1 0.11185682326621924 0.5251677852348993 0.058165548098434 0.21140939597315436
1 0.07718120805369127 0.5151006711409396 0.06487695749440715 0.23825503355704697
1 0.05257270693512304 0.5033557046979865 0.05592841163310962 0.2080536912751678
1 0.029082774049217 0.4983221476510067 0.058165548098434 0.23154362416107382
1 0.24608501118568232 0.5436241610738255 0.058165548098434 0.22147651006711408
1 0.3803131991051454 0.5771812080536912 0.053691275167785234 0.19463087248322147
1 0.5100671140939598 0.5822147651006712 0.04474272930648769 0.17114093959731544
1 0.4753914988814318 0.5385906040268457 0.04250559284116331 0.16442953020134227
1 0.1912751677852349 0.5939597315436241 0.04250559284116331 0.174496644295302
