1 0.03333333333333333 0.5485436893203883 0.017391304347826087 0.06019417475728155
1 0.04927536231884058 0.5446601941747573 0.014492753623188406 0.05242718446601941
1 0.08188405797101449 0.5524271844660193 0.021739130434782608 0.07184466019417475
1 0.0927536231884058 0.5524271844660193 0.017391304347826087 0.06407766990291262
1 0.12246376811594203 0.570873786407767 0.036231884057971016 0.1203883495145631
1 0.1536231884057971 0.5689320388349515 0.028985507246376812 0.0970873786407767
1 0.3847826086956522 0.5805825242718446 0.03333333333333333 0.11262135922330097
1 0.3673913043478261 0.5844660194174757 0.03333333333333333 0.11262135922330097
1 0.27898550724637683 0.5475728155339805 0.01884057971014493 0.062135922330097085
1 0.2927536231884058 0.5514563106796116 0.014492753623188406 0.05436893203883495
1 0.3072463768115942 0.5495145631067961 0.014492753623188406 0.05436893203883495
1 0.32173913043478264 0.5553398058252427 0.017391304347826087 0.062135922330097085
1 0.34420289855072467 0.5592233009708738 0.015942028985507246 0.05436893203883495
1 0.4072463768115942 0.5533980582524272 0.017391304347826087 0.062135922330097085
1 0.42391304347826086 0.5504854368932038 0.01884057971014493 0.06796116504854369
1 0.4528985507246377 0.5640776699029126 0.021739130434782608 0.07184466019417475
1 0.46956521739130436 0.5699029126213592 0.03188405797101449 0.10679611650485436
1 0.47898550724637684 0.6097087378640776 0.030434782608695653 0.10097087378640776
1 0.5717391304347826 0.7145631067961165 0.16376811594202897 0.5359223300970873
1 0.6094202898550725 0.7048543689320388 0.1753623188405797 0.574757281553398
1 0.4934782608695652 0.5728155339805825 0.036231884057971016 0.12427184466019417
1 0.7376811594202899 0.5786407766990291 0.04057971014492753 0.13980582524271845
1 0.7188405797101449 0.5766990291262135 0.034782608695652174 0.1203883495145631
1 0.7833333333333333 0.5786407766990291 0.03333333333333333 0.11262135922330097
1 0.7673913043478261 0.5640776699029126 0.036231884057971016 0.12233009708737863
1 0.7608695652173914 0.5728155339805825 0.028985507246376812 0.10097087378640776
1 0.8144927536231884 0.5669902912621358 0.028985507246376812 0.10097087378640776
1 0.8311594202898551 0.6 0.021739130434782608 0.07378640776699029
1 0.8601449275362318 0.5796116504854368 0.03333333333333333 0.1145631067961165
1 0.8391304347826087 0.5689320388349515 0.028985507246376812 0.09320388349514563
1 0.8913043478260869 0.5601941747572815 0.017391304347826087 0.06407766990291262
1 0.6847826086956522 0.5563106796116505 0.015942028985507246 0.05242718446601941
1 0.6681159420289855 0.5533980582524272 0.020289855072463767 0.06990291262135923
1 0.7028985507246377 0.5436893203883495 0.011594202898550725 0.038834951456310676
1 0.9630434782608696 0.6368932038834951 0.07391304347826087 0.27184466019417475
1 0.9702898550724638 0.6504854368932038 0.059420289855072465 0.3029126213592233
1 0.946376811594203 0.5776699029126213 0.026086956521739132 0.08737864077669903
