1 0.108 0.551051051051051 0.212 0.7777777777777778
1 0.604 0.5345345345345345 0.16 0.5945945945945946
1 0.763 0.5075075075075075 0.106 0.39039039039039036
1 0.524 0.5015015015015015 0.064 0.23423423423423423
1 0.376 0.503003003003003 0.044 0.16516516516516516
1 0.258 0.4924924924924925 0.036000000000000004 0.13813813813813813
1 0.229 0.503003003003003 0.034 0.13513513513513514
1 0.177 0.49399399399399396 0.026000000000000002 0.10510510510510511
1 0.027 0.487987987987988 0.03 0.11711711711711711
1 0.01 0.481981981981982 0.02 0.11711711711711711
1 0.505 0.5330330330330331 0.026000000000000002 0.13513513513513514
1 0.465 0.5225225225225225 0.038 0.13213213213213212
1 0.432 0.5195195195195195 0.036000000000000004 0.12012012012012012
1 0.419 0.47897897897897895 0.018000000000000002 0.06306306306306306
1 0.452 0.43993993993993996 0.032 0.06306306306306306
1 0.355 0.5180180180180181 0.034 0.12312312312312312
1 0.337 0.5105105105105106 0.038 0.14414414414414414
1 0.317 0.521021021021021 0.042 0.12912912912912913
1 0.299 0.5225225225225225 0.022 0.10810810810810811
