1 0.163265306122449 0.555858310626703 0.06122448979591837 0.20708446866485014
1 0.2979591836734694 0.5749318801089918 0.06122448979591837 0.20163487738419617
1 0.2602040816326531 0.5177111716621253 0.03877551020408164 0.12534059945504086
1 0.22142857142857145 0.497275204359673 0.03877551020408164 0.1335149863760218
1 0.3969387755102041 0.553133514986376 0.05510204081632654 0.17983651226158037
1 0.46734693877551026 0.5899182561307902 0.06122448979591837 0.2098092643051771
1 0.5316326530612245 0.5286103542234333 0.04693877551020409 0.15803814713896458
1 0.5479591836734694 0.5340599455040872 0.03877551020408164 0.1307901907356948
1 0.6244897959183674 0.603542234332425 0.05306122448979592 0.18256130790190736
1 0.6744897959183674 0.5776566757493188 0.05102040816326531 0.17438692098092642
1 0.776530612244898 0.5694822888283378 0.07959183673469389 0.2670299727520436
1 0.9704081632653062 0.6267029972752043 0.05918367346938776 0.2561307901907357
1 0.8255102040816328 0.5367847411444141 0.04285714285714286 0.14713896457765668
1 0.056122448979591844 0.5204359673024523 0.06326530612244899 0.10354223433242507
