1 0.9554545454545454 0.7394366197183099 0.0890909090909091 0.34084507042253526
1 0.8781818181818182 0.7084507042253522 0.07636363636363637 0.29577464788732394
1 0.8372727272727273 0.7380281690140845 0.08545454545454545 0.3267605633802817
1 0.6345454545454545 0.8338028169014085 0.08363636363636363 0.3211267605633803
1 0.7181818181818181 0.8267605633802817 0.08363636363636363 0.323943661971831
1 0.4909090909090909 0.819718309859155 0.09090909090909091 0.34366197183098596
1 0.54 0.7295774647887324 0.07636363636363637 0.29295774647887324
1 0.59 0.7211267605633803 0.06727272727272728 0.2591549295774648
1 0.29454545454545455 0.843661971830986 0.08 0.3014084507042254
1 0.42727272727272725 0.871830985915493 0.06181818181818182 0.23943661971830987
1 0.36272727272727273 0.843661971830986 0.07818181818181819 0.29577464788732394
1 0.41545454545454547 0.8169014084507042 0.07818181818181819 0.3042253521126761
1 0.20727272727272728 0.828169014084507 0.08363636363636363 0.3154929577464789
1 0.14909090909090908 0.8492957746478874 0.07272727272727272 0.27887323943661974
1 0.5772727272727273 0.5845070422535211 0.034545454545454546 0.13802816901408452
1 0.55 0.5802816901408451 0.02727272727272727 0.10704225352112677
1 0.6209090909090909 0.5422535211267606 0.038181818181818185 0.14929577464788732
1 0.649090909090909 0.5366197183098592 0.03636363636363636 0.13802816901408452
1 0.5972727272727273 0.5408450704225353 0.02727272727272727 0.10704225352112677
1 0.5545454545454546 0.48732394366197185 0.02181818181818182 0.08450704225352113
1 0.58 0.46056338028169014 0.01818181818181818 0.07042253521126761
1 0.600909090909091 0.44084507042253523 0.02727272727272727 0.10985915492957747
1 0.6372727272727273 0.4507042253521127 0.023636363636363636 0.09014084507042254
1 0.6718181818181819 0.46056338028169014 0.023636363636363636 0.09295774647887324
1 0.6909090909090909 0.45211267605633804 0.025454545454545455 0.10422535211267606
1 0.7127272727272728 0.44084507042253523 0.025454545454545455 0.10422535211267606
1 0.740909090909091 0.4338028169014085 0.02727272727272727 0.10140845070422536
1 0.6636363636363637 0.44929577464788734 0.02909090909090909 0.11549295774647889
1 0.8181818181818182 0.8971830985915493 0.14545454545454545 0.2
1 0.07 0.8788732394366198 0.12545454545454546 0.22535211267605634
1 0.08272727272727273 0.7760563380281691 0.056363636363636366 0.10422535211267606
1 0.05454545454545454 0.7422535211267606 0.04727272727272727 0.14366197183098592
1 0.07909090909090909 0.6605633802816901 0.034545454545454546 0.09295774647887324
1 0.12181818181818181 0.6732394366197183 0.05454545454545454 0.11830985915492959
1 0.20545454545454545 0.676056338028169 0.04363636363636364 0.10140845070422536
1 0.2390909090909091 0.6704225352112676 0.038181818181818185 0.1295774647887324
1 0.3281818181818182 0.6619718309859155 0.04909090909090909 0.1295774647887324
1 0.35363636363636364 0.6126760563380282 0.034545454545454546 0.10985915492957747
1 0.4263636363636364 0.6070422535211268 0.034545454545454546 0.07042253521126761
1 0.49272727272727274 0.5859154929577465 0.03272727272727273 0.10140845070422536
