1 0.034375 0.6604166666666667 0.06875 0.17083333333333334
1 0.11979166666666667 0.6447916666666667 0.08541666666666667 0.21041666666666667
1 0.21354166666666666 0.6541666666666667 0.08125 0.2
1 0.259375 0.6697916666666667 0.06875 0.17291666666666666
1 0.29791666666666666 0.65625 0.058333333333333334 0.14166666666666666
1 0.3958333333333333 0.6395833333333333 0.06666666666666667 0.1625
1 0.5666666666666667 0.6416666666666666 0.058333333333333334 0.14583333333333334
1 0.6177083333333333 0.6489583333333333 0.06458333333333333 0.15625
1 0.659375 0.6760416666666667 0.07291666666666667 0.17708333333333334
1 0.7447916666666666 0.6770833333333334 0.06458333333333333 0.1625
1 0.7645833333333333 0.6645833333333333 0.05 0.12916666666666665
1 0.8635416666666667 0.65625 0.04791666666666666 0.12083333333333333
1 0.9427083333333334 0.6354166666666666 0.03958333333333333 0.09583333333333333
1 0.9760416666666667 0.6395833333333333 0.03958333333333333 0.1
1 0.9072916666666666 0.6114583333333333 0.027083333333333334 0.06875
1 0.06145833333333333 0.6375 0.035416666666666666 0.09166666666666666
1 0.10104166666666667 0.64375 0.022916666666666665 0.0625
1 0.32916666666666666 0.6302083333333334 0.025 0.06875
