1 0.022 0.4540229885057471 0.044 0.23882503192848023
1 0.129 0.4086845466155811 0.046 0.14814814814814817
1 0.2145 0.524904214559387 0.105 0.3269476372924649
1 0.2625 0.5485312899106003 0.093 0.28991060025542786
1 0.5205 0.5108556832694764 0.091 0.2860791826309068
1 0.5585 0.5044699872286079 0.08700000000000001 0.27330779054916987
1 0.628 0.38952745849297576 0.026000000000000002 0.0842911877394636
1 0.639 0.39080459770114945 0.026000000000000002 0.08173690932311622
1 0.7005 0.3652618135376756 0.017 0.05619412515964241
1 0.7155 0.3665389527458493 0.015 0.04597701149425287
1 0.7355 0.3607918263090677 0.015 0.04980842911877395
1 0.933 0.4316730523627076 0.052000000000000005 0.16347381864623245
1 0.968 0.4323116219667944 0.054 0.16730523627075353
1 0.9875 0.3831417624521073 0.023 0.07407407407407408
1 0.889 0.35185185185185186 0.018000000000000002 0.0574712643678161
1 0.863 0.3588761174968072 0.014 0.04597701149425287
1 0.876 0.3652618135376756 0.012 0.03831417624521073
1 0.9005 0.36717752234993617 0.013000000000000001 0.04469987228607918
1 0.9095 0.3652618135376756 0.013000000000000001 0.04342273307790549
1 0.1545 0.4150702426564496 0.045 0.1430395913154534
1 0.591 0.37356321839080464 0.028 0.09067688378033206
1 0.183 0.4406130268199234 0.054 0.1558109833971903
1 0.229 0.3710089399744572 0.04 0.0574712643678161
1 0.234 0.39527458492975737 0.022 0.04469987228607918
1 0.2625 0.39591315453384424 0.015 0.03575989782886335
1 0.281 0.3997445721583653 0.02 0.04342273307790549
1 0.293 0.40038314176245215 0.014 0.03959131545338442
1 0.306 0.3933588761174968 0.014 0.05874840357598979
1 0.322 0.39080459770114945 0.012 0.04597701149425287
1 0.3555 0.3901660280970626 0.013000000000000001 0.03703703703703704
1 0.379 0.3876117496807152 0.012 0.0421455938697318
1 0.4235 0.4086845466155811 0.033 0.0996168582375479
1 0.4425 0.35249042145593873 0.017 0.03575989782886335
1 0.465 0.3505747126436782 0.018000000000000002 0.029374201787994894
1 0.486 0.3480204342273308 0.012 0.034482758620689655
1 0.5 0.35121328224776505 0.014 0.03575989782886335
1 0.4565 0.37994891443167306 0.023 0.029374201787994894
1 0.47800000000000004 0.3805874840357599 0.014 0.02554278416347382
1 0.4905 0.37803320561941256 0.013000000000000001 0.033205619412515965
1 0.039 0.4687100893997446 0.046 0.16347381864623245
