1 0.47300000000000003 0.624 0.222 0.7306666666666667
1 0.665 0.6333333333333333 0.214 0.696
1 0.9 0.644 0.2 0.6639999999999999
1 0.844 0.3973333333333333 0.048 0.16
1 0.075 0.628 0.15 0.712
1 0.556 0.42933333333333334 0.08 0.26666666666666666
1 0.795 0.364 0.034 0.12
1 0.335 0.34933333333333333 0.03 0.10666666666666666
1 0.375 0.348 0.034 0.12
1 0.198 0.3333333333333333 0.036000000000000004 0.12266666666666666
1 0.256 0.3413333333333333 0.024 0.08533333333333333
1 0.728 0.3413333333333333 0.02 0.064
1 0.613 0.33466666666666667 0.026000000000000002 0.088
