1 0.09230769230769231 0.5780346820809248 0.13076923076923078 0.48554913294797686
1 0.057692307692307696 0.5505780346820809 0.11538461538461539 0.453757225433526
1 0.04326923076923077 0.5404624277456647 0.08653846153846154 0.4219653179190751
1 0.125 0.46531791907514447 0.07307692307692308 0.2658959537572254
1 0.18173076923076925 0.4667630057803468 0.06730769230769232 0.2514450867052023
1 0.29615384615384616 0.46098265895953755 0.06153846153846154 0.22832369942196531
1 0.33653846153846156 0.4421965317919075 0.05384615384615385 0.20231213872832368
1 0.3596153846153846 0.43641618497109824 0.05 0.1907514450867052
1 0.3826923076923077 0.4234104046242774 0.04230769230769231 0.15317919075144507
1 0.4009615384615385 0.4263005780346821 0.04038461538461539 0.14739884393063582
1 0.20480769230769233 0.3179190751445087 0.021153846153846155 0.08670520231213873
1 0.2403846153846154 0.33236994219653176 0.019230769230769232 0.07514450867052022
1 0.27692307692307694 0.3251445086705202 0.019230769230769232 0.07803468208092486
1 0.4538461538461539 0.5708092485549132 0.13461538461538464 0.5
1 0.5403846153846155 0.44508670520231214 0.06153846153846154 0.2254335260115607
1 0.6634615384615385 0.43786127167630057 0.06153846153846154 0.23410404624277456
1 0.6384615384615385 0.430635838150289 0.05384615384615385 0.20231213872832368
1 0.6182692307692308 0.41184971098265893 0.04423076923076923 0.17052023121387283
1 0.9230769230769231 0.44508670520231214 0.08076923076923077 0.30635838150289013
1 0.8144230769230769 0.4147398843930636 0.05961538461538462 0.21676300578034682
1 0.7413461538461539 0.39306358381502887 0.04423076923076923 0.16184971098265896
1 0.7125 0.39161849710982655 0.04038461538461539 0.14739884393063582
1 0.7663461538461539 0.3901734104046243 0.03653846153846154 0.13872832369942195
1 0.6028846153846155 0.3959537572254335 0.04807692307692308 0.18497109826589594
