1 0.2909090909090909 0.5423728813559322 0.2727272727272727 0.8861985472154964
1 0.7454545454545455 0.4079903147699758 0.1709090909090909 0.5641646489104116
1 0.9118181818181819 0.648910411622276 0.16545454545454547 0.5423728813559322
1 0.5272727272727272 0.48426150121065376 0.19272727272727272 0.6246973365617434
1 0.09727272727272727 0.06295399515738499 0.034545454545454546 0.12106537530266344
1 0.12818181818181817 0.07869249394673124 0.034545454545454546 0.11380145278450364
1 0.83 0.37651331719128334 0.13272727272727272 0.43341404358353514
1 0.39 0.4576271186440678 0.17636363636363636 0.5714285714285715
1 0.23727272727272727 0.11138014527845037 0.03090909090909091 0.1016949152542373
1 0.21 0.09927360774818403 0.02727272727272727 0.08716707021791768
1 0.16363636363636364 0.09564164648910412 0.025454545454545455 0.08474576271186442
1 0.18727272727272729 0.08595641646489105 0.014545454545454545 0.04600484261501211
1 0.4027272727272727 0.1271186440677966 0.02727272727272727 0.08958837772397095
1 0.17909090909090908 0.09443099273607748 0.023636363636363636 0.0774818401937046
1 0.12545454545454546 0.5774818401937046 0.2509090909090909 0.8401937046004843
1 0.2318181818181818 0.2179176755447942 0.06 0.06295399515738499
1 0.3472727272727273 0.2070217917675545 0.04363636363636364 0.09927360774818403
1 0.3572727272727273 0.14891041162227603 0.045454545454545456 0.06537530266343826
1 0.42363636363636364 0.25544794188861986 0.05818181818181818 0.11380145278450364
1 0.8790909090909091 0.17433414043583537 0.045454545454545456 0.07263922518159807
1 0.9127272727272727 0.23123486682808717 0.06909090909090909 0.225181598062954
1 0.97 0.27239709443099275 0.05272727272727273 0.3026634382566586
1 0.6072727272727273 0.2736077481840194 0.05818181818181818 0.0774818401937046
