1 0.015454545454545455 0.7540983606557377 0.03090909090909091 0.17486338797814208
1 0.06272727272727273 0.7431693989071039 0.038181818181818185 0.14207650273224043
1 0.08727272727272728 0.7404371584699454 0.02181818181818182 0.08743169398907104
1 0.11727272727272728 0.7377049180327869 0.045454545454545456 0.16393442622950818
1 0.16545454545454547 0.7144808743169399 0.10909090909090909 0.4016393442622951
1 0.33636363636363636 0.6775956284153005 0.10181818181818182 0.3770491803278688
1 0.46454545454545454 0.662568306010929 0.10363636363636364 0.38524590163934425
1 0.5590909090909091 0.6557377049180327 0.02727272727272727 0.09836065573770492
1 0.6381818181818182 0.6065573770491803 0.12 0.44808743169398907
1 0.83 0.5628415300546448 0.15818181818181817 0.5846994535519126
1 0.23 0.7226775956284153 0.038181818181818185 0.13934426229508196
1 0.2509090909090909 0.7158469945355191 0.03636363636363636 0.1366120218579235
1 0.2718181818181818 0.7131147540983607 0.038181818181818185 0.14207650273224043
1 0.2918181818181818 0.7049180327868853 0.034545454545454546 0.1366120218579235
1 0.4381818181818182 0.6707650273224044 0.04 0.15027322404371585
1 0.2018181818181818 0.7295081967213115 0.03636363636363636 0.1366120218579235
