1 0.7490234375 0.6237188872620791 0.201171875 0.7408491947291362
1 0.8984375 0.6888726207906296 0.017578125 0.06588579795021962
1 0.4306640625 0.5453879941434846 0.072265625 0.2679355783308931
1 0.49560546875 0.6603221083455344 0.0419921875 0.15226939970717424
1 0.51513671875 0.6661786237188873 0.0322265625 0.1171303074670571
1 0.57373046875 0.6756954612005857 0.0087890625 0.03074670571010249
1 0.46142578125 0.582723279648609 0.0576171875 0.2108345534407028
1 0.47802734375 0.5944363103953147 0.0498046875 0.18740849194729137
1 0.169921875 0.6756954612005857 0.041015625 0.23572474377745242
1 0.4140625 0.6830161054172768 0.064453125 0.253294289897511
1 0.44140625 0.6595900439238653 0.05859375 0.1800878477306003
1 0.2353515625 0.42752562225475843 0.048828125 0.2225475841874085
1 0.33740234375 0.4472913616398243 0.0576171875 0.1800878477306003
1 0.16552734375 0.5534407027818449 0.0517578125 0.1171303074670571
1 0.17626953125 0.47364568081991215 0.0400390625 0.10395314787701318
1 0.27783203125 0.29502196193265007 0.0751953125 0.1273792093704246
1 0.28759765625 0.37994143484626647 0.0439453125 0.08931185944363104
1 0.34423828125 0.3206442166910688 0.0576171875 0.21669106881405564
1 0.30419921875 0.2635431918008785 0.0244140625 0.055636896046852125
1 0.38818359375 0.3169838945827233 0.0302734375 0.09809663250366032
1 0.44482421875 0.4633967789165447 0.0224609375 0.1273792093704246
1 0.46337890625 0.43923865300146414 0.0205078125 0.09370424597364568
1 0.509765625 0.6046852122986823 0.009765625 0.04685212298682284
1 0.50830078125 0.54099560761347 0.0087890625 0.0424597364568082
1 0.5263671875 0.6449487554904831 0.0078125 0.05417276720351391
