1 0.013125 0.43881453154875716 0.02625 0.11663479923518164
1 0.039375 0.4273422562141491 0.03375 0.13193116634799235
1 0.0725 0.43021032504780116 0.0275 0.10325047801147227
1 0.11125 0.4187380497131931 0.0325 0.12619502868068833
1 0.148125 0.4235181644359464 0.02875 0.10898661567877628
1 0.18375 0.41778202676864246 0.03 0.11663479923518164
1 0.039375 0.30210325047801145 0.01125 0.04206500956022945
1 0.04875 0.29636711281070743 0.0075 0.03441682600382409
1 0.085 0.3097514340344168 0.0125 0.04588910133843212
1 0.2225 0.40822179732313574 0.03 0.11663479923518164
1 0.24625 0.40535372848948376 0.03 0.1147227533460803
1 0.283125 0.4005736137667304 0.02875 0.10898661567877628
1 0.30375 0.4091778202676864 0.0225 0.08795411089866156
1 0.33437500000000003 0.38910133843212236 0.02875 0.11281070745697896
1 0.385 0.38049713193116635 0.0325 0.12237093690248566
1 0.4275 0.38336520076481834 0.0275 0.10516252390057361
1 0.47375 0.37476099426386233 0.0275 0.10325047801147227
1 0.526875 0.37093690248565964 0.02375 0.09560229445506692
1 0.574375 0.3575525812619503 0.02375 0.09560229445506692
1 0.625625 0.34990439770554493 0.02375 0.09177820267686423
1 0.6743750000000001 0.34799235181644356 0.02375 0.09177820267686423
1 0.6975 0.3470363288718929 0.0225 0.0898661567877629
1 0.723125 0.33747609942638623 0.02375 0.0898661567877629
1 0.754375 0.33365200764818354 0.02375 0.0898661567877629
1 0.7975 0.32504780114722753 0.025 0.09177820267686423
1 0.823125 0.3221797323135755 0.02375 0.0898661567877629
1 0.85375 0.3193116634799235 0.0225 0.0841300191204589
1 0.87125 0.3135755258126195 0.025 0.09177820267686423
1 0.88375 0.30879541108986613 0.0225 0.0898661567877629
1 0.8975 0.3097514340344168 0.02 0.08030592734225621
1 0.905625 0.3078393881453155 0.02125 0.08030592734225621
1 0.911875 0.3049713193116635 0.02125 0.07839388145315487
1 0.9237500000000001 0.2915869980879541 0.0225 0.08604206500956023
1 0.9375 0.2829827915869981 0.0225 0.08795411089866156
1 0.974375 0.2447418738049713 0.01625 0.0650095602294455
1 0.961875 0.24856596558317398 0.01125 0.030592734225621414
1 0.95625 0.2552581261950287 0.0125 0.028680688336520075
1 0.96625 0.10611854684512428 0.0125 0.024856596558317397
1 0.015 0.5535372848948374 0.0225 0.09369024856596558
1 0.045 0.5506692160611855 0.025 0.10325047801147227
1 0.0825 0.5449330783938814 0.03 0.09942638623326959
1 0.114375 0.5420650095602294 0.02875 0.10898661567877628
1 0.14875 0.5305927342256214 0.0325 0.09369024856596558
1 0.18125 0.5267686424474187 0.0275 0.09751434034416825
1 0.225625 0.5210325047801148 0.03125 0.09369024856596558
1 0.253125 0.5086042065009561 0.02625 0.08030592734225621
1 0.283125 0.5047801147227533 0.02375 0.08795411089866156
1 0.30375 0.4837476099426386 0.02 0.05736137667304015
1 0.34 0.5019120458891013 0.03 0.09751434034416825
1 0.384375 0.4923518164435946 0.02125 0.0898661567877629
1 0.426875 0.4770554493307839 0.02375 0.07839388145315487
1 0.47375 0.47418738049713194 0.0225 0.0841300191204589
1 0.52625 0.4627151051625239 0.0225 0.07265774378585085
1 0.57625 0.4560229445506692 0.025 0.07074569789674952
1 0.6275000000000001 0.4445506692160612 0.0275 0.07074569789674952
1 0.67375 0.4340344168260038 0.0275 0.07265774378585085
1 0.69625 0.4340344168260038 0.025 0.06118546845124283
1 0.7212500000000001 0.4273422562141491 0.0225 0.06692160611854685
1 0.75375 0.4235181644359464 0.0275 0.07074569789674952
1 0.7925 0.41204588910133844 0.02 0.05927342256214149
1 0.81875 0.40535372848948376 0.02 0.0650095602294455
1 0.850625 0.40152963671128106 0.02375 0.0650095602294455
1 0.869375 0.3938814531548757 0.01875 0.05736137667304015
1 0.884375 0.38910133843212236 0.01625 0.05927342256214149
1 0.896875 0.3776290630975143 0.01375 0.040152963671128104
1 0.91 0.375717017208413 0.01 0.03632887189292543
1 0.915 0.369980879541109 0.01 0.028680688336520075
1 0.923125 0.375717017208413 0.01375 0.04780114722753346
1 0.935625 0.36424474187380496 0.01125 0.04397705544933078
1 0.969375 0.3451242829827916 0.01125 0.055449330783938815
