1 0.37 0.46953405017921146 0.02 0.1003584229390681
1 0.6880000000000001 0.4157706093189964 0.02 0.08602150537634409
1 0.432 0.5412186379928315 0.024 0.10752688172043011
1 0.47400000000000003 0.5412186379928315 0.016 0.07885304659498207
1 0.516 0.5698924731182796 0.02 0.0931899641577061
1 0.5680000000000001 0.5501792114695341 0.016 0.08243727598566308
1 0.604 0.5501792114695341 0.02 0.0967741935483871
1 0.646 0.47491039426523296 0.016 0.08243727598566308
1 0.027 0.8100358422939068 0.038 0.17921146953405018
1 0.05 0.7867383512544803 0.04 0.17562724014336917
1 0.078 0.8351254480286738 0.04 0.17204301075268819
1 0.122 0.8243727598566308 0.036000000000000004 0.16487455197132617
1 0.193 0.8422939068100358 0.042 0.1935483870967742
1 0.17200000000000001 0.8207885304659498 0.04 0.17921146953405018
1 0.218 0.8207885304659498 0.04 0.17921146953405018
1 0.317 0.8207885304659498 0.046 0.2007168458781362
1 0.35000000000000003 0.7580645161290323 0.036000000000000004 0.16845878136200718
1 0.276 0.7401433691756273 0.032 0.13978494623655913
1 0.259 0.7508960573476703 0.038 0.17562724014336917
1 0.406 0.6433691756272402 0.032 0.13978494623655913
1 0.426 0.6182795698924731 0.028 0.13261648745519714
1 0.495 0.8405017921146953 0.042 0.1971326164874552
1 0.512 0.7706093189964157 0.04 0.17204301075268819
1 0.526 0.7222222222222222 0.036000000000000004 0.16845878136200718
1 0.538 0.6523297491039427 0.032 0.15053763440860216
1 0.551 0.6146953405017921 0.026000000000000002 0.12544802867383512
1 0.558 0.5931899641577061 0.024 0.11827956989247312
1 0.617 0.8494623655913979 0.042 0.1935483870967742
1 0.675 0.8476702508960573 0.042 0.1971326164874552
1 0.726 0.8584229390681004 0.044 0.1971326164874552
1 0.8140000000000001 0.8745519713261649 0.044 0.2007168458781362
1 0.87 0.8727598566308243 0.04 0.1827956989247312
1 0.908 0.8655913978494624 0.048 0.21863799283154123
1 0.935 0.8817204301075269 0.038 0.17921146953405018
1 0.961 0.8853046594982079 0.046 0.2007168458781362
