1 0.183 0.8704918032786885 0.05 0.2
1 0.267 0.8721311475409836 0.046 0.1901639344262295
1 0.292 0.8885245901639345 0.048 0.1901639344262295
1 0.129 0.8885245901639345 0.038 0.15737704918032785
1 0.341 0.7163934426229508 0.034 0.14754098360655737
1 0.365 0.7245901639344262 0.03 0.1180327868852459
1 0.377 0.8426229508196721 0.042 0.17704918032786884
1 0.376 0.680327868852459 0.032 0.12786885245901639
1 0.406 0.6901639344262295 0.036000000000000004 0.1540983606557377
1 0.431 0.5901639344262295 0.026000000000000002 0.11147540983606558
1 0.45 0.5868852459016394 0.028 0.12459016393442623
1 0.461 0.5950819672131148 0.026000000000000002 0.10819672131147541
1 0.47200000000000003 0.6491803278688525 0.028 0.12459016393442623
1 0.497 0.680327868852459 0.022 0.08852459016393442
1 0.52 0.5852459016393443 0.032 0.12786885245901639
1 0.47700000000000004 0.5245901639344263 0.026000000000000002 0.10491803278688525
1 0.317 0.4901639344262295 0.026000000000000002 0.10163934426229508
1 0.5710000000000001 0.4491803278688525 0.022 0.08524590163934426
1 0.593 0.44426229508196724 0.018000000000000002 0.07540983606557378
1 0.678 0.8622950819672132 0.044 0.17704918032786884
1 0.715 0.7459016393442623 0.046 0.18688524590163935
1 0.519 0.8721311475409836 0.042 0.17049180327868851
1 0.503 0.9 0.042 0.1737704918032787
1 0.254 0.7262295081967213 0.036000000000000004 0.14754098360655737
1 0.794 0.9114754098360656 0.04 0.15737704918032785
1 0.8220000000000001 0.8852459016393442 0.048 0.20327868852459016
1 0.97 0.9147540983606557 0.04 0.15737704918032785
1 0.428 0.8639344262295082 0.036000000000000004 0.14754098360655737
1 0.042 0.9360655737704918 0.044 0.08196721311475409
1 0.127 0.9442622950819672 0.054 0.10491803278688525
1 0.196 0.9655737704918033 0.04 0.05573770491803279
1 0.291 0.759016393442623 0.038 0.10819672131147541
1 0.362 0.9459016393442623 0.056 0.08852459016393442
1 0.403 0.9475409836065574 0.046 0.08524590163934426
1 0.543 0.9622950819672131 0.038 0.06229508196721312
1 0.559 0.9426229508196722 0.022 0.06885245901639345
1 0.6 0.9606557377049181 0.056 0.07213114754098361
1 0.612 0.9344262295081968 0.048 0.11147540983606558
1 0.639 0.9229508196721311 0.03 0.13442622950819672
1 0.614 0.8688524590163934 0.04 0.07213114754098361
1 0.619 0.8081967213114755 0.042 0.06885245901639345
1 0.644 0.8163934426229508 0.028 0.11147540983606558
