1 0.4808333333333334 0.7468671679197995 0.018333333333333333 0.07518796992481203
1 0.30583333333333335 0.7807017543859649 0.028333333333333335 0.11278195488721804
1 0.29083333333333333 0.7669172932330827 0.028333333333333335 0.10526315789473684
1 0.6083333333333334 0.7531328320802004 0.02666666666666667 0.09774436090225563
1 0.8008333333333334 0.7255639097744361 0.025 0.09273182957393483
1 0.7941666666666667 0.7581453634085212 0.028333333333333335 0.11278195488721804
1 0.8308333333333334 0.7330827067669172 0.021666666666666667 0.08771929824561403
1 0.8666666666666667 0.7293233082706767 0.023333333333333334 0.09523809523809523
1 0.895 0.7005012531328321 0.02 0.07268170426065163
1 0.935 0.6867167919799498 0.02 0.07518796992481203
1 0.9508333333333334 0.681704260651629 0.018333333333333333 0.07017543859649122
1 0.9675 0.6704260651629073 0.018333333333333333 0.07268170426065163
1 0.9425000000000001 0.7982456140350876 0.028333333333333335 0.11278195488721804
1 0.9708333333333334 0.7431077694235588 0.025 0.09273182957393483
1 0.9883333333333334 0.794486215538847 0.023333333333333334 0.14035087719298245
1 0.8916666666666667 0.631578947368421 0.013333333333333334 0.05513784461152882
1 0.9933333333333334 0.6203007518796992 0.013333333333333334 0.05764411027568922
1 0.4991666666666667 0.6416040100250626 0.018333333333333333 0.06516290726817042
1 0.5908333333333333 0.6303258145363408 0.018333333333333333 0.06766917293233082
1 0.5116666666666667 0.7468671679197995 0.02666666666666667 0.07518796992481203
1 0.78 0.8057644110275689 0.04 0.06265664160401002
