1 0.984 0.5705705705705706 0.032 0.12612612612612611
1 0.928 0.5990990990990991 0.048 0.17717717717717718
1 0.877 0.5795795795795796 0.034 0.12612612612612611
1 0.856 0.5720720720720721 0.032 0.12312312312312312
1 0.747 0.5825825825825826 0.042 0.16216216216216217
1 0.713 0.56006006006006 0.034 0.12312312312312312
1 0.6880000000000001 0.5795795795795796 0.04 0.15615615615615616
1 0.547 0.581081081081081 0.042 0.15915915915915915
1 0.5760000000000001 0.5405405405405406 0.016 0.06606606606606606
1 0.634 0.5405405405405406 0.012 0.05405405405405406
1 0.653 0.551051051051051 0.022 0.08108108108108109
1 0.405 0.53003003003003 0.014 0.057057057057057055
1 0.44 0.53003003003003 0.012 0.05105105105105105
1 0.385 0.5615615615615616 0.026000000000000002 0.0960960960960961
1 0.367 0.5570570570570571 0.038 0.14114114114114115
1 0.34900000000000003 0.5225225225225225 0.01 0.04204204204204204
1 0.318 0.5555555555555556 0.036000000000000004 0.13213213213213212
1 0.289 0.566066066066066 0.042 0.15915915915915915
1 0.258 0.5540540540540541 0.036000000000000004 0.12912912912912913
1 0.23900000000000002 0.5315315315315315 0.022 0.08408408408408408
1 0.186 0.5345345345345345 0.02 0.07807807807807808
1 0.14100000000000001 0.5315315315315315 0.022 0.07807807807807808
1 0.117 0.5255255255255256 0.022 0.08408408408408408
1 0.167 0.5255255255255256 0.022 0.07807807807807808
1 0.20600000000000002 0.521021021021021 0.012 0.05105105105105105
1 0.224 0.521021021021021 0.012 0.04504504504504504
1 0.59 0.5330330330330331 0.008 0.03903903903903904
1 0.614 0.5345345345345345 0.012 0.04204204204204204
1 0.602 0.5345345345345345 0.012 0.04204204204204204
