1 0.03414634146341464 0.47889610389610393 0.06829268292682927 0.3603896103896104
1 0.675609756097561 0.5957792207792209 0.09268292682926829 0.30844155844155846
1 0.7475609756097561 0.47240259740259744 0.09024390243902439 0.29545454545454547
1 0.9804878048780488 0.47240259740259744 0.03902439024390244 0.20454545454545456
1 0.5817073170731707 0.4512987012987013 0.046341463414634146 0.15584415584415584
1 0.3829268292682927 0.4480519480519481 0.04878048780487805 0.16883116883116883
1 0.3573170731707317 0.44642857142857145 0.046341463414634146 0.15259740259740262
1 0.4451219512195122 0.4512987012987013 0.05121951219512195 0.16883116883116883
1 0.5134146341463415 0.44642857142857145 0.05121951219512195 0.17857142857142858
1 0.4865853658536585 0.43993506493506496 0.05121951219512195 0.17857142857142858
1 0.24146341463414633 0.39123376623376627 0.024390243902439025 0.04220779220779221
1 0.6890243902439024 0.4220779220779221 0.06097560975609756 0.15584415584415584
