1 0.08985507246376812 0.37620889748549324 0.06376811594202898 0.20696324951644102
1 0.05652173913043478 0.38007736943907156 0.034782608695652174 0.11798839458413926
1 0.186231884057971 0.3781431334622824 0.042028985507246375 0.1411992263056093
1 0.39057971014492754 0.40135396518375244 0.06811594202898551 0.22243713733075435
1 0.35942028985507246 0.5425531914893617 0.057971014492753624 0.18762088974854932
1 0.5456521739130434 0.3849129593810445 0.0536231884057971 0.17408123791102514
1 0.5942028985507246 0.3781431334622824 0.043478260869565216 0.1450676982591876
1 0.5695652173913044 0.5106382978723404 0.04057971014492753 0.13926499032882012
1 0.5202898550724637 0.5145067698259188 0.043478260869565216 0.1470019342359768
1 0.8876811594202899 0.3994197292069632 0.059420289855072465 0.19922630560928434
1 0.9753623188405797 0.4032882011605416 0.04927536231884058 0.19922630560928434
1 0.8492753623188406 0.5502901353965184 0.043478260869565216 0.1411992263056093
1 0.9159420289855073 0.5541586073500967 0.043478260869565216 0.1450676982591876
1 0.9471014492753623 0.5464216634429401 0.036231884057971016 0.1218568665377176
1 0.9282608695652174 0.4574468085106383 0.036231884057971016 0.11798839458413926
1 0.19202898550724637 0.4961315280464217 0.036231884057971016 0.11798839458413926
1 0.11304347826086956 0.528046421663443 0.0463768115942029 0.15087040618955513
1 0.06231884057971015 0.5299806576402322 0.043478260869565216 0.14313346228239845
1 0.9840579710144928 0.5512572533849129 0.03188405797101449 0.14313346228239845
1 0.41159420289855075 0.558027079303675 0.04927536231884058 0.1644100580270793
1 0.6101449275362318 0.5009671179883946 0.028985507246376812 0.09284332688588008
1 0.7340579710144928 0.48065764023210833 0.02753623188405797 0.07156673114119923
1 0.782608695652174 0.4941972920696325 0.03188405797101449 0.05222437137330754
1 0.8246376811594203 0.5889748549323017 0.0782608695652174 0.08317214700193423
1 0.8978260869565218 0.59284332688588 0.10579710144927536 0.07543520309477757
1 0.4355072463768116 0.5899419729206963 0.11159420289855072 0.11605415860735009
1 0.34420289855072467 0.5880077369439072 0.07971014492753624 0.12379110251450677
1 0.513768115942029 0.5454545454545454 0.07971014492753624 0.10058027079303675
1 0.5768115942028985 0.5551257253384912 0.08695652173913043 0.0735009671179884
1 0.6224637681159421 0.52321083172147 0.04492753623188406 0.059961315280464215
1 0.12028985507246377 0.5609284332688588 0.08405797101449275 0.10444874274661509
1 0.04855072463768116 0.5522243713733076 0.07101449275362319 0.1102514506769826
1 0.20652173913043478 0.5222437137330754 0.07391304347826087 0.0851063829787234
1 0.2326086956521739 0.45647969052224374 0.0391304347826087 0.06963249516441006
1 0.2391304347826087 0.5038684719535783 0.04057971014492753 0.0793036750483559
1 0.8333333333333334 0.40618955512572535 0.02318840579710145 0.05029013539651837
