1 0.3281818181818182 0.55858310626703 0.06363636363636363 0.23433242506811988
1 0.36272727272727273 0.5326975476839236 0.06363636363636363 0.23705722070844687
1 0.40454545454545454 0.5667574931880108 0.06363636363636363 0.23433242506811988
1 0.4381818181818182 0.5422343324250681 0.05090909090909091 0.19618528610354222
1 0.4718181818181818 0.55858310626703 0.06363636363636363 0.23978201634877383
1 0.5009090909090909 0.5108991825613078 0.07090909090909091 0.25885558583106266
1 0.5354545454545454 0.5640326975476839 0.06363636363636363 0.23978201634877383
1 0.5690909090909091 0.5326975476839236 0.05454545454545454 0.2098092643051771
1 0.62 0.5258855585831063 0.06909090909090909 0.2506811989100817
1 0.6590909090909091 0.5599455040871935 0.06 0.22615803814713895
1 0.6909090909090909 0.5463215258855586 0.06545454545454546 0.24795640326975477
1 0.7136363636363636 0.5504087193460491 0.06727272727272728 0.24523160762942778
1 0.27636363636363637 0.5694822888283378 0.06181818181818182 0.22343324250681199
1 0.25272727272727274 0.5599455040871935 0.06181818181818182 0.2316076294277929
1 0.740909090909091 0.544959128065395 0.06 0.22888283378746593
1 0.7881818181818182 0.5463215258855586 0.056363636363636366 0.20435967302452315
1 0.7681818181818182 0.547683923705722 0.06 0.22343324250681199
1 0.600909090909091 0.5681198910081744 0.06363636363636363 0.24250681198910082
1 0.24818181818181817 0.49182561307901906 0.02 0.06811989100817438
1 0.2790909090909091 0.44005449591280654 0.034545454545454546 0.05722070844686648
1 0.3018181818181818 0.45095367847411444 0.02909090909090909 0.04087193460490463
1 0.5345454545454545 0.4482288828337874 0.03272727272727273 0.05722070844686648
