1 0.49125 0.4890219560878243 0.4175 0.8143712574850299
1 0.7825 0.25848303393213573 0.065 0.1337325349301397
1 0.735 0.27045908183632733 0.055 0.10978043912175647
1 0.6975 0.27145708582834327 0.06 0.11976047904191615
1 0.09125 0.27944111776447106 0.0575 0.1117764471057884
1 0.12 0.28243512974051893 0.05 0.10179640718562874
1 0.1525 0.28542914171656686 0.06 0.11576846307385229
1 0.2925 0.2734530938123752 0.04 0.08383233532934131
1 0.33375 0.2734530938123752 0.0475 0.09580838323353293
1 0.36375 0.28243512974051893 0.0475 0.09381237524950099
1 0.03625 0.3453093812375249 0.0725 0.27544910179640714
