1 0.40673828125 0.8008784773060029 0.0361328125 0.13177159590043924
1 0.4345703125 0.7774524158125915 0.03125 0.11420204978038068
1 0.4609375 0.7679355783308931 0.0234375 0.08931185944363104
1 0.4775390625 0.7576866764275256 0.021484375 0.08052708638360176
1 0.48291015625 0.7759882869692534 0.0263671875 0.09663250366032211
1 0.4931640625 0.752562225475842 0.01953125 0.07027818448023426
1 0.50390625 0.773792093704246 0.021484375 0.08345534407027819
1 0.5244140625 0.7576866764275256 0.021484375 0.07759882869692533
1 0.5322265625 0.767203513909224 0.021484375 0.08199121522693997
1 0.54833984375 0.7510980966325037 0.0146484375 0.0527086383601757
1 0.56201171875 0.7562225475841874 0.0166015625 0.060029282576866766
1 0.59375 0.8023426061493412 0.03515625 0.13177159590043924
1 0.6181640625 0.7964860907759883 0.037109375 0.14055636896046853
1 0.697265625 0.7935578330893118 0.041015625 0.15226939970717424
1 0.6435546875 0.7591508052708639 0.017578125 0.06881405563689605
1 0.74560546875 0.8177159590043924 0.0458984375 0.1683748169838946
1 0.38232421875 0.7972181551976574 0.0322265625 0.12152269399707175
1 0.82666015625 0.7715959004392386 0.0185546875 0.07320644216691069
1 0.83349609375 0.7686676427525623 0.0166015625 0.06442166910688141
1 0.8955078125 0.7920937042459737 0.029296875 0.10834553440702782
1 0.86865234375 0.7715959004392386 0.0166015625 0.06442166910688141
1 0.78125 0.7693997071742313 0.017578125 0.0629575402635432
1 0.76416015625 0.767203513909224 0.0185546875 0.07027818448023426
1 0.9482421875 0.7950219619326501 0.029296875 0.11127379209370425
1 0.97607421875 0.8418740849194729 0.0478515625 0.2430453879941435
1 0.9384765625 0.7715959004392386 0.013671875 0.04978038067349927
1 0.92041015625 0.7708638360175696 0.0166015625 0.06588579795021962
1 0.85546875 0.7620790629575402 0.009765625 0.03953147877013177
1 0.79541015625 0.7701317715959004 0.0146484375 0.05856515373352855
1 0.6806640625 0.7781844802342607 0.017578125 0.06881405563689605
1 0.658203125 0.7679355783308931 0.017578125 0.06881405563689605
1 0.349609375 0.7415812591508053 0.021484375 0.03953147877013177
1 0.359375 0.732796486090776 0.015625 0.03953147877013177
1 0.30419921875 0.7335285505124451 0.0224609375 0.029282576866764276
1 0.2734375 0.7247437774524158 0.01953125 0.02342606149341142
1 0.23046875 0.7086383601756955 0.015625 0.02635431918008785
1 0.2119140625 0.7049780380673499 0.013671875 0.01903367496339678
1 0.08251953125 0.691800878477306 0.0205078125 0.027818448023426062
1 0.01416015625 0.6903367496339678 0.0224609375 0.03367496339677892
