1 0.04909090909090909 0.6236263736263736 0.09818181818181818 0.42307692307692313
1 0.12090909090909091 0.6813186813186813 0.1290909090909091 0.4835164835164836
1 0.25181818181818183 0.6826923076923077 0.16545454545454547 0.6126373626373627
1 0.3618181818181818 0.7184065934065934 0.14181818181818182 0.5302197802197802
1 0.28909090909090907 0.6826923076923077 0.13818181818181818 0.5082417582417583
1 0.4618181818181818 0.6923076923076924 0.15272727272727274 0.565934065934066
1 0.44545454545454544 0.8228021978021979 0.08363636363636363 0.31043956043956045
1 0.53 0.7142857142857143 0.1509090909090909 0.565934065934066
1 0.6436363636363637 0.6978021978021979 0.16 0.598901098901099
1 0.759090909090909 0.6964285714285715 0.15454545454545454 0.5796703296703297
1 0.9318181818181818 0.701923076923077 0.13636363636363635 0.5961538461538461
1 0.8654545454545455 0.4876373626373627 0.06909090909090909 0.12362637362637363
1 0.8127272727272727 0.46978021978021983 0.03636363636363636 0.09340659340659341
1 0.16 0.47252747252747257 0.05454545454545454 0.1043956043956044
1 0.33545454545454545 0.40659340659340665 0.034545454545454546 0.06593406593406594
1 0.3654545454545455 0.4395604395604396 0.02909090909090909 0.06043956043956045
1 0.42272727272727273 0.4917582417582418 0.056363636363636366 0.1043956043956044
1 0.5581818181818182 0.4670329670329671 0.04 0.08241758241758243
