1 0.036000000000000004 0.7921686746987953 0.07200000000000001 0.28313253012048195
1 0.132 0.7575301204819278 0.064 0.24397590361445784
1 0.194 0.7560240963855422 0.068 0.2530120481927711
1 0.081 0.5828313253012049 0.042 0.16566265060240964
1 0.117 0.5753012048192772 0.038 0.15060240963855423
1 0.137 0.5662650602409639 0.05 0.18072289156626506
1 0.264 0.6686746987951807 0.052000000000000005 0.19879518072289157
1 0.305 0.5993975903614458 0.042 0.1566265060240964
1 0.78 0.7259036144578314 0.056 0.21686746987951808
1 0.926 0.783132530120482 0.076 0.28915662650602414
1 0.966 0.799698795180723 0.068 0.2620481927710844
1 0.88 0.7409638554216867 0.064 0.24096385542168675
1 0.562 0.8765060240963856 0.06 0.22289156626506026
1 0.763 0.5783132530120483 0.038 0.15060240963855423
1 0.729 0.552710843373494 0.03 0.11746987951807229
1 0.6900000000000001 0.533132530120482 0.028 0.11445783132530121
1 0.65 0.572289156626506 0.032 0.12650602409638556
1 0.049 0.5978915662650602 0.042 0.1536144578313253
1 0.84 0.6506024096385542 0.052000000000000005 0.07228915662650603
1 0.853 0.7424698795180723 0.046 0.06927710843373494
1 0.871 0.8674698795180723 0.07 0.12048192771084337
1 0.8170000000000001 0.8795180722891567 0.038 0.0783132530120482
1 0.724 0.9171686746987953 0.056 0.08132530120481928
1 0.704 0.8509036144578314 0.048 0.05120481927710844
1 0.6970000000000001 0.6912650602409639 0.03 0.045180722891566265
1 0.487 0.8237951807228916 0.038 0.08132530120481928
1 0.449 0.871987951807229 0.042 0.07530120481927711
1 0.41000000000000003 0.9171686746987953 0.036000000000000004 0.08734939759036145
1 0.34 0.9096385542168676 0.048 0.07228915662650603
1 0.343 0.8132530120481928 0.034 0.060240963855421686
1 0.26 0.8915662650602411 0.052000000000000005 0.09036144578313253
1 0.295 0.871987951807229 0.038 0.06927710843373494
1 0.561 0.6445783132530121 0.034 0.07228915662650603
