1 0.609 0.8964285714285714 0.034 0.15
1 0.5650000000000001 0.8696428571428572 0.038 0.175
1 0.528 0.8660714285714285 0.036000000000000004 0.1607142857142857
1 0.502 0.8875 0.044 0.20357142857142857
1 0.449 0.8892857142857142 0.034 0.15714285714285714
1 0.358 0.8857142857142857 0.04 0.18571428571428572
1 0.267 0.8928571428571428 0.038 0.17857142857142858
1 0.228 0.8767857142857143 0.04 0.175
1 0.20500000000000002 0.8196428571428571 0.034 0.15357142857142855
1 0.169 0.8196428571428571 0.034 0.14642857142857144
1 0.115 0.8875 0.026000000000000002 0.11785714285714285
1 0.08700000000000001 0.8482142857142857 0.034 0.1607142857142857
1 0.28800000000000003 0.8517857142857143 0.032 0.1392857142857143
1 0.046 0.7964285714285714 0.032 0.14285714285714285
1 0.683 0.8464285714285714 0.03 0.1357142857142857
1 0.716 0.8839285714285714 0.028 0.125
1 0.864 0.9196428571428571 0.032 0.1392857142857143
1 0.791 0.9303571428571429 0.026000000000000002 0.125
1 0.8250000000000001 0.8232142857142857 0.034 0.15357142857142855
1 0.899 0.8142857142857143 0.038 0.16428571428571428
1 0.93 0.7982142857142857 0.02 0.09642857142857142
1 0.985 0.7821428571428571 0.03 0.12857142857142856
1 0.314 0.8624999999999999 0.02 0.09642857142857142
