1 0.8466666666666667 0.6681514476614699 0.11666666666666667 0.38752783964365256
1 0.6225 0.643652561247216 0.10833333333333334 0.36080178173719374
1 0.22166666666666668 0.688195991091314 0.11333333333333334 0.3741648106904231
1 0.15916666666666668 0.6870824053452116 0.10500000000000001 0.34966592427616927
1 0.06166666666666667 0.6937639198218263 0.11 0.36302895322939865
1 0.03916666666666667 0.7193763919821826 0.07833333333333334 0.44097995545657015
1 0.3408333333333334 0.655902004454343 0.11166666666666668 0.37193763919821826
1 0.7375 0.6158129175946547 0.07166666666666667 0.23385300668151446
1 0.6708333333333334 0.6369710467706013 0.07166666666666667 0.23608017817371937
1 0.6916666666666668 0.6102449888641425 0.07 0.23162583518930957
1 0.9625 0.6191536748329621 0.07500000000000001 0.32516703786191536
1 0.49833333333333335 0.6458797327394209 0.11 0.36080178173719374
1 0.7833333333333334 0.6135857461024499 0.06666666666666667 0.22048997772828507
1 0.10583333333333333 0.5434298440979956 0.058333333333333334 0.07126948775055679
1 0.39666666666666667 0.5801781737193764 0.06333333333333334 0.19821826280623608
1 0.42583333333333334 0.6391982182628062 0.045000000000000005 0.2806236080178174
