1 0.164 0.6801801801801802 0.088 0.3333333333333333
1 0.20800000000000002 0.6891891891891891 0.084 0.30930930930930933
1 0.311 0.6531531531531531 0.058 0.21921921921921922
1 0.358 0.6531531531531531 0.06 0.21921921921921922
1 0.635 0.6201201201201201 0.038 0.14714714714714713
1 0.603 0.5975975975975976 0.026000000000000002 0.1021021021021021
1 0.6920000000000001 0.6111111111111112 0.036000000000000004 0.12912912912912913
1 0.766 0.3963963963963964 0.036000000000000004 0.18018018018018017
1 0.182 0.8183183183183184 0.084 0.057057057057057055
1 0.234 0.8243243243243243 0.068 0.04504504504504504
1 0.311 0.7582582582582582 0.054 0.04504504504504504
1 0.37 0.7612612612612613 0.056 0.03303303303303303
