1 0.2811594202898551 0.4927536231884058 0.03768115942028986 0.11956521739130435
1 0.18985507246376812 0.48731884057971014 0.028985507246376812 0.08695652173913043
1 0.15217391304347827 0.48097826086956524 0.02318840579710145 0.07065217391304347
1 0.10797101449275362 0.46920289855072467 0.01884057971014493 0.06159420289855073
1 0.2594202898550725 0.4773550724637681 0.017391304347826087 0.059782608695652176
1 0.29782608695652174 0.48731884057971014 0.01884057971014493 0.057971014492753624
1 0.34420289855072467 0.4673913043478261 0.021739130434782608 0.06521739130434782
1 0.3992753623188406 0.4682971014492754 0.021739130434782608 0.06702898550724638
1 0.4210144927536232 0.46467391304347827 0.021739130434782608 0.06702898550724638
1 0.48695652173913045 0.46195652173913043 0.02318840579710145 0.07608695652173914
1 0.4492753623188406 0.4519927536231884 0.011594202898550725 0.041666666666666664
1 0.5043478260869565 0.45561594202898553 0.017391304347826087 0.059782608695652176
1 0.5398550724637681 0.45108695652173914 0.015942028985507246 0.050724637681159424
1 0.5543478260869565 0.45018115942028986 0.015942028985507246 0.05253623188405797
1 0.9144927536231884 0.46648550724637683 0.03768115942028986 0.1141304347826087
1 0.7644927536231885 0.4519927536231884 0.021739130434782608 0.06702898550724638
1 0.17681159420289855 0.4791666666666667 0.02318840579710145 0.07065217391304347
