1 0.225 0.6785714285714286 0.09 0.3076923076923077
1 0.178 0.6744505494505495 0.084 0.282967032967033
1 0.123 0.7046703296703297 0.082 0.282967032967033
1 0.058 0.7101648351648352 0.092 0.315934065934066
1 0.265 0.6771978021978022 0.082 0.2774725274725275
1 0.308 0.6730769230769231 0.076 0.2527472527472528
1 0.365 0.6717032967032968 0.078 0.260989010989011
1 0.402 0.6717032967032968 0.07200000000000001 0.23901098901098902
1 0.511 0.6607142857142858 0.066 0.22252747252747254
1 0.5740000000000001 0.6387362637362638 0.07200000000000001 0.23901098901098902
1 0.6960000000000001 0.6978021978021979 0.076 0.25824175824175827
1 0.907 0.6620879120879122 0.07 0.2417582417582418
1 0.835 0.6579670329670331 0.058 0.19505494505494508
1 0.805 0.6483516483516484 0.054 0.18131868131868134
1 0.774 0.6401098901098902 0.048 0.16483516483516486
1 0.753 0.6387362637362638 0.05 0.1730769230769231
1 0.733 0.646978021978022 0.054 0.17857142857142858
1 0.718 0.6442307692307693 0.056 0.19505494505494508
1 0.966 0.625 0.048 0.1620879120879121
1 0.024 0.598901098901099 0.048 0.17582417582417584
1 0.481 0.631868131868132 0.058 0.19780219780219782
1 0.437 0.6401098901098902 0.058 0.19780219780219782
