1 0.18333333333333335 0.6369346733668342 0.15000000000000002 0.550251256281407
1 0.26583333333333337 0.628140703517588 0.13833333333333334 0.507537688442211
1 0.4058333333333334 0.6155778894472362 0.125 0.46733668341708545
1 0.46416666666666667 0.6193467336683417 0.12833333333333335 0.46984924623115576
1 0.5283333333333333 0.6168341708542714 0.12666666666666668 0.4748743718592965
1 0.6175 0.6130653266331658 0.125 0.46733668341708545
1 0.6891666666666667 0.6092964824120604 0.14166666666666666 0.5251256281407035
1 0.7883333333333333 0.6092964824120604 0.15000000000000002 0.550251256281407
1 0.8533333333333334 0.5791457286432161 0.07666666666666667 0.28391959798994976
1 0.9416666666666668 0.5615577889447236 0.06666666666666667 0.2537688442211055
1 0.9800000000000001 0.5540201005025126 0.04 0.2537688442211055
1 0.32583333333333336 0.5062814070351759 0.05166666666666667 0.24874371859296482
1 0.5433333333333333 0.7060301507537688 0.08 0.35678391959798994
