1 0.20625000000000002 0.7716981132075472 0.1225 0.4490566037735849
1 0.425 0.769811320754717 0.12 0.44528301886792454
1 0.5425 0.6924528301886792 0.125 0.4716981132075472
1 0.64625 0.7452830188679246 0.1325 0.49433962264150944
1 0.73 0.6735849056603773 0.125 0.4641509433962264
1 0.085 0.7226415094339622 0.125 0.4716981132075472
1 0.365 0.6943396226415094 0.105 0.39245283018867927
1 0.3175 0.6339622641509434 0.09 0.3320754716981132
1 0.4825 0.6188679245283019 0.095 0.35471698113207545
1 0.8025 0.5924528301886792 0.09 0.3320754716981132
1 0.845 0.620754716981132 0.105 0.3886792452830189
1 0.2775 0.5811320754716981 0.035 0.25660377358490566
1 0.41875 0.5471698113207547 0.0775 0.19622641509433963
1 0.5750000000000001 0.5339622641509434 0.045 0.23018867924528302
1 0.66 0.4547169811320755 0.04 0.08679245283018867
1 0.7075 0.4679245283018868 0.065 0.18867924528301888
1 0.975 0.5792452830188679 0.045 0.42641509433962266
1 0.93 0.42830188679245285 0.06 0.1849056603773585
1 0.865 0.7584905660377359 0.245 0.46037735849056605
1 0.32875 0.9471698113207547 0.1625 0.09056603773584906
1 0.5337500000000001 0.9113207547169812 0.1275 0.12452830188679245
