1 0.12000000000000001 0.8755555555555555 0.07333333333333333 0.24
1 0.21666666666666667 0.8788888888888889 0.07 0.2288888888888889
1 0.26 0.8588888888888889 0.08333333333333334 0.2688888888888889
1 0.30833333333333335 0.8622222222222222 0.08333333333333334 0.27111111111111114
1 0.35500000000000004 0.8622222222222222 0.08333333333333334 0.27111111111111114
1 0.38833333333333336 0.8611111111111112 0.08333333333333334 0.2733333333333333
1 0.5616666666666666 0.8688888888888889 0.07666666666666667 0.25333333333333335
1 0.5233333333333333 0.8666666666666667 0.07666666666666667 0.25333333333333335
1 0.465 0.8455555555555555 0.09000000000000001 0.29555555555555557
1 0.4191666666666667 0.8422222222222222 0.09166666666666667 0.3022222222222222
1 0.6125 0.8666666666666667 0.07833333333333334 0.26222222222222225
1 0.7625000000000001 0.8622222222222222 0.085 0.27555555555555555
1 0.81 0.8366666666666667 0.08 0.2644444444444444
1 0.8475 0.8222222222222222 0.08166666666666667 0.27111111111111114
1 0.2525 0.41333333333333333 0.055 0.18666666666666668
1 0.3375 0.4077777777777778 0.06166666666666667 0.20222222222222222
1 0.405 0.4066666666666667 0.06333333333333334 0.20444444444444446
1 0.4591666666666667 0.40555555555555556 0.06166666666666667 0.20222222222222222
1 0.5183333333333333 0.4066666666666667 0.060000000000000005 0.2
1 0.5775 0.4111111111111111 0.06166666666666667 0.2088888888888889
1 0.6458333333333334 0.41333333333333333 0.06166666666666667 0.2
1 0.7100000000000001 0.42333333333333334 0.060000000000000005 0.19333333333333333
1 0.7766666666666667 0.4222222222222222 0.05666666666666667 0.18222222222222223
1 0.055 0.9188888888888889 0.08666666666666667 0.14888888888888888
1 0.7225 0.9444444444444444 0.115 0.10666666666666666
1 0.8408333333333334 0.9388888888888889 0.09166666666666667 0.10888888888888888
1 0.9058333333333334 0.92 0.08166666666666667 0.16
1 0.9416666666666668 0.91 0.09333333333333334 0.18
1 0.4291666666666667 0.3511111111111111 0.028333333333333335 0.16
