1 0.8239130434782609 0.5542635658914729 0.1144927536231884 0.37209302325581395
1 0.5630434782608695 0.47093023255813954 0.07681159420289856 0.2558139534883721
1 0.377536231884058 0.33430232558139533 0.08840579710144927 0.28875968992248063
1 0.32753623188405795 0.3624031007751938 0.052173913043478265 0.1744186046511628
1 0.6594202898550725 0.33624031007751937 0.03768115942028986 0.12209302325581395
1 0.5855072463768116 0.3585271317829457 0.043478260869565216 0.14728682170542634
1 0.5688405797101449 0.3556201550387597 0.04782608695652174 0.16085271317829458
1 0.08260869565217391 0.3449612403100775 0.05507246376811594 0.17829457364341084
1 0.2847826086956522 0.3575581395348837 0.05652173913043478 0.18410852713178294
1 0.9355072463768116 0.3372093023255814 0.015942028985507246 0.050387596899224806
1 0.1282608695652174 0.37693798449612403 0.042028985507246375 0.13372093023255813
1 0.13623188405797101 0.2819767441860465 0.03188405797101449 0.06395348837209303
1 0.8934782608695653 0.7538759689922481 0.18115942028985507 0.04263565891472868
