1 0.28 0.5949796472184531 0.052000000000000005 0.175033921302578
1 0.311 0.5400271370420624 0.022 0.07598371777476254
1 0.4045 0.5101763907734057 0.007 0.027137042062415195
1 0.40750000000000003 0.5115332428765265 0.009000000000000001 0.029850746268656712
1 0.374 0.6363636363636364 0.016 0.05698778833107191
1 0.393 0.6255088195386702 0.02 0.06512890094979647
1 0.3795 0.6173677069199457 0.019 0.062415196743554946
1 0.398 0.5773405698778833 0.01 0.033921302578018994
1 0.40850000000000003 0.5793758480325644 0.013000000000000001 0.04341926729986431
1 0.41450000000000004 0.5773405698778833 0.013000000000000001 0.04477611940298507
1 0.4195 0.5766621438263229 0.011 0.03799185888738127
1 0.4245 0.5753052917232021 0.009000000000000001 0.032564450474898234
1 0.5465 0.7198100407055631 0.021 0.06919945725915874
1 0.556 0.7272727272727272 0.024 0.0841248303934871
1 0.5695 0.7265943012211669 0.029 0.09633649932157394
1 0.421 0.7652645861601085 0.02 0.07055630936227951
1 0.3895 0.8052917232021709 0.027 0.08819538670284938
1 0.4165 0.8303934871099049 0.025 0.0841248303934871
1 0.644 0.5373134328358209 0.016 0.05427408412483039
1 0.6335000000000001 0.5332428765264585 0.015 0.05156037991858887
1 0.588 0.5027137042062415 0.03 0.036635006784260515
1 0.503 0.5997286295793758 0.008 0.05427408412483039
1 0.5945 0.6668928086838534 0.005 0.06919945725915874
1 0.5745 0.6601085481682496 0.009000000000000001 0.05563093622795115
1 0.6945 0.7578018995929443 0.015 0.08276797829036635
1 0.7255 0.7801899592944368 0.013000000000000001 0.09769335142469471
1 0.7315 0.5325644504748982 0.013000000000000001 0.06377204884667571
1 0.7065 0.5264586160108548 0.015 0.048846675712347354
1 0.687 0.5325644504748982 0.022 0.06648575305291722
1 0.259 0.5298507462686567 0.014 0.05020352781546811
