1 0.015625 0.6763602251407129 0.03125 0.12570356472795496
1 0.040625 0.6416510318949343 0.01875 0.0675422138836773
1 0.08625000000000001 0.6435272045028143 0.015 0.05628517823639775
1 0.0975 0.6425891181988743 0.015 0.058161350844277676
1 0.22375 0.6538461538461539 0.02 0.07317073170731707
1 0.241875 0.6557223264540337 0.02125 0.07692307692307693
1 0.361875 0.6416510318949343 0.02125 0.07879924953095685
1 0.448125 0.6416510318949343 0.01875 0.075046904315197
1 0.531875 0.6407129455909943 0.02125 0.07692307692307693
1 0.584375 0.651031894934334 0.01125 0.04127579737335835
1 0.669375 0.6285178236397748 0.01625 0.0600375234521576
1 0.691875 0.6200750469043151 0.01125 0.043151969981238276
1 0.76875 0.6322701688555347 0.015 0.05628517823639775
1 0.761875 0.6294559099437148 0.01625 0.058161350844277676
1 0.79625 0.6303939962476548 0.0175 0.06378986866791744
1 0.82875 0.6303939962476548 0.015 0.05628517823639775
1 0.8575 0.6303939962476548 0.015 0.0600375234521576
1 0.94375 0.6529080675422139 0.0125 0.0450281425891182
1 0.9575 0.6388367729831145 0.0175 0.06941838649155722
1 0.9868750000000001 0.6416510318949343 0.01875 0.075046904315197
1 0.801875 0.6285178236397748 0.01375 0.05628517823639775
1 0.810625 0.6294559099437148 0.01375 0.054409005628517824
1 0.18875 0.6472795497185742 0.0175 0.04878048780487805
1 0.173125 0.6463414634146342 0.01875 0.058161350844277676
1 0.283125 0.6163227016885553 0.01375 0.039399624765478425
1 0.56 0.6407129455909943 0.025 0.06566604127579738
1 0.609375 0.6407129455909943 0.01375 0.06191369606003752
1 0.6218750000000001 0.6416510318949343 0.01125 0.06378986866791744
1 0.90375 0.6444652908067542 0.0175 0.05065666041275797
1 0.734375 0.6210131332082551 0.01375 0.0600375234521576
1 0.963125 0.6078799249530957 0.01125 0.0300187617260788
1 0.9756250000000001 0.6163227016885553 0.01375 0.04690431519699812
1 0.94875 0.6060037523452158 0.0125 0.0225140712945591
1 0.914375 0.6153846153846154 0.01375 0.0300187617260788
1 0.888125 0.6135084427767354 0.01125 0.0375234521575985
1 0.711875 0.6350844277673546 0.01875 0.058161350844277676
1 0.75625 0.6219512195121951 0.0075 0.04690431519699812
