1 0.059130434782608696 0.6631853785900783 0.11826086956521739 0.6631853785900783
1 0.48695652173913045 0.6514360313315927 0.16695652173913045 0.6135770234986945
1 0.5739130434782609 0.6553524804177546 0.1356521739130435 0.5013054830287207
1 0.76 0.5469973890339426 0.09739130434782609 0.3629242819843342
1 0.9217391304347826 0.5039164490861618 0.06608695652173913 0.2402088772845953
1 0.9643478260869566 0.4856396866840731 0.05391304347826087 0.20365535248041775
1 0.2756521739130435 0.46344647519582244 0.036521739130434785 0.14360313315926893
1 0.2408695652173913 0.4451697127937337 0.03304347826086956 0.1227154046997389
1 0.3165217391304348 0.4451697127937337 0.03130434782608696 0.1227154046997389
1 0.3652173913043478 0.44778067885117495 0.03130434782608696 0.1122715404699739
1 0.40869565217391307 0.45691906005221933 0.034782608695652174 0.13054830287206268
1 0.38521739130434784 0.44386422976501305 0.03304347826086956 0.12010443864229765
1 0.4373913043478261 0.4556135770234987 0.029565217391304348 0.1122715404699739
1 0.6330434782608696 0.4516971279373368 0.02434782608695652 0.09921671018276762
1 0.8947826086956522 0.4425587467362924 0.019130434782608695 0.07571801566579635
1 0.8747826086956522 0.4425587467362924 0.017391304347826087 0.07049608355091384
1 0.8208695652173913 0.4451697127937337 0.020869565217391306 0.07571801566579635
1 0.8452173913043478 0.4464751958224543 0.017391304347826087 0.06266318537859009
1 0.6608695652173914 0.4490861618798956 0.02434782608695652 0.08877284595300261
1 0.6852173913043479 0.4425587467362924 0.02434782608695652 0.09660574412532637
1 0.6930434782608695 0.4412532637075718 0.026086956521739132 0.09921671018276762
1 0.7069565217391305 0.44386422976501305 0.026086956521739132 0.09399477806788512
1 0.72 0.4347258485639687 0.020869565217391306 0.08616187989556136
1 0.23652173913043478 0.31070496083550914 0.020869565217391306 0.0783289817232376
1 0.3208695652173913 0.28720626631853785 0.019130434782608695 0.0783289817232376
1 0.0808695652173913 0.4464751958224543 0.03304347826086956 0.12010443864229765
1 0.10260869565217391 0.4556135770234987 0.03826086956521739 0.14360313315926893
1 0.16 0.45300261096605743 0.034782608695652174 0.13315926892950392
1 0.18608695652173915 0.4516971279373368 0.034782608695652174 0.12532637075718017
1 0.26 0.43342036553524804 0.029565217391304348 0.10966057441253264
1 0.3556521739130435 0.4412532637075718 0.03304347826086956 0.12010443864229765
1 0.42086956521739133 0.45300261096605743 0.03130434782608696 0.1174934725848564
1 0.4895652173913044 0.3185378590078329 0.008695652173913044 0.03655352480417755
1 0.5495652173913044 0.3720626631853786 0.01391304347826087 0.04960835509138381
1 0.6191304347826088 0.4464751958224543 0.02434782608695652 0.09399477806788512
1 0.11304347826086956 0.2819843342036554 0.020869565217391306 0.02610966057441253
1 0.11739130434782609 0.3093994778067885 0.01565217391304348 0.033942558746736295
1 0.08347826086956522 0.3472584856396867 0.020869565217391306 0.03655352480417755
1 0.14782608695652175 0.32114882506527415 0.02434782608695652 0.04699738903394256
1 0.10608695652173913 0.3433420365535248 0.017391304347826087 0.033942558746736295
1 0.5191304347826087 0.4177545691906005 0.01565217391304348 0.04699738903394256
1 0.5365217391304348 0.4255874673629243 0.01565217391304348 0.06788511749347259
