1 0.214375 0.2871939736346516 0.00875 0.032015065913371
1 0.195 0.3258003766478343 0.0125 0.04519774011299435
1 0.233125 0.3267419962335216 0.01125 0.047080979284369114
1 0.26937500000000003 0.3267419962335216 0.01375 0.05084745762711864
1 0.304375 0.3286252354048964 0.01125 0.04331450094161959
1 0.34500000000000003 0.3267419962335216 0.01 0.04331450094161959
1 0.385625 0.3248587570621469 0.01125 0.04331450094161959
1 0.42625 0.3229755178907721 0.01 0.04331450094161959
1 0.464375 0.3248587570621469 0.01125 0.047080979284369114
1 0.47625 0.3540489642184557 0.0175 0.064030131826742
1 0.028125 0.5047080979284368 0.02375 0.0903954802259887
1 0.065 0.4924670433145009 0.0175 0.06967984934086628
1 0.0425 0.4868173258003766 0.02 0.07721280602636535
1 0.108125 0.5009416195856874 0.02125 0.08286252354048963
1 0.14125000000000001 0.4943502824858757 0.0275 0.10357815442561205
1 0.1925 0.4981167608286252 0.025 0.09604519774011298
1 0.225625 0.4924670433145009 0.02625 0.10357815442561205
1 0.278125 0.5056497175141242 0.02125 0.0847457627118644
1 0.293125 0.4924670433145009 0.02125 0.07721280602636535
1 0.2725 0.49058380414312613 0.0225 0.08097928436911488
1 0.21 0.4934086629001883 0.02 0.07532956685499058
1 0.216875 0.48587570621468923 0.01875 0.07532956685499058
1 0.151875 0.4792843691148776 0.01625 0.06591337099811675
1 0.11937500000000001 0.4783427495291902 0.01875 0.07532956685499058
1 0.1 0.4971751412429378 0.0175 0.07156308851224105
1 0.160625 0.467984934086629 0.01875 0.06967984934086628
1 0.17375000000000002 0.4566854990583804 0.02 0.07344632768361582
1 0.165625 0.4623352165725047 0.01875 0.06967984934086628
1 0.233125 0.4661016949152542 0.02125 0.07721280602636535
1 0.24 0.4576271186440678 0.0175 0.06779661016949153
1 0.245625 0.4491525423728813 0.01875 0.07344632768361582
1 0.3 0.4811676082862523 0.02 0.07721280602636535
1 0.365 0.5028248587570622 0.0225 0.08662900188323917
1 0.343125 0.45856873822975514 0.02125 0.07721280602636535
1 0.414375 0.5998116760828625 0.03875 0.14124293785310735
1 0.42375 0.5612052730696798 0.035 0.128060263653484
1 0.3725 0.8766478342749529 0.0425 0.160075329566855
1 0.23625000000000002 0.8295668549905838 0.0375 0.14124293785310735
1 0.193125 0.8700564971751412 0.043750000000000004 0.16572504708097927
1 0.06375 0.8060263653483992 0.035 0.1318267419962335
1 0.154375 0.852165725047081 0.04125 0.15630885122410546
1 0.265625 0.8662900188323917 0.03875 0.1431261770244821
1 0.58125 0.8935969868173258 0.055 0.2015065913370998
1 0.6425 0.8983050847457626 0.0525 0.1958568738229755
1 0.665 0.8973634651600753 0.05 0.1902071563088512
1 0.721875 0.8888888888888888 0.05625 0.21092278719397362
1 0.7887500000000001 0.879472693032015 0.0625 0.22975517890772126
1 0.895625 0.8681732580037664 0.06375 0.23728813559322032
1 0.97 0.8135593220338982 0.06 0.22975517890772126
1 0.975 0.8578154425612052 0.05 0.2391713747645951
1 0.788125 0.6016949152542372 0.03375 0.1261770244821092
1 0.76125 0.5668549905838042 0.03 0.1167608286252354
1 0.640625 0.6026365348399246 0.03625 0.1318267419962335
1 0.63375 0.564030131826742 0.0325 0.1261770244821092
1 0.583125 0.5979284369114878 0.03875 0.14124293785310735
1 0.5725 0.559322033898305 0.0325 0.12429378531073446
1 0.988125 0.475517890772128 0.02375 0.09604519774011298
1 0.968125 0.487758945386064 0.02375 0.09416195856873823
1 0.885625 0.4952919020715631 0.02375 0.08662900188323917
1 0.961875 0.48022598870056493 0.02375 0.0903954802259887
1 0.95125 0.4736346516007533 0.0225 0.0847457627118644
1 0.930625 0.47457627118644063 0.02375 0.08662900188323917
1 0.9400000000000001 0.46421845574387943 0.0225 0.0847457627118644
1 0.9187500000000001 0.4661016949152542 0.0225 0.08851224105461393
1 0.8575 0.48587570621468923 0.0225 0.08286252354048963
1 0.803125 0.49058380414312613 0.02375 0.09227871939736346
1 0.87625 0.4821092278719397 0.0225 0.08286252354048963
1 0.713125 0.4896421845574388 0.02375 0.08662900188323917
1 0.785 0.4887005649717514 0.0225 0.08097928436911488
1 0.794375 0.4830508474576271 0.02125 0.0847457627118644
1 0.848125 0.4792843691148776 0.02125 0.0847457627118644
1 0.81125 0.4623352165725047 0.0225 0.08851224105461393
1 0.834375 0.4651600753295668 0.02125 0.08286252354048963
1 0.7275 0.4821092278719397 0.02 0.0790960451977401
1 0.7000000000000001 0.4839924670433145 0.02 0.0790960451977401
1 0.663125 0.4783427495291902 0.02625 0.10169491525423728
1 0.649375 0.4868173258003766 0.01875 0.07344632768361582
1 0.6025 0.4821092278719397 0.025 0.09792843691148775
1 0.5475 0.4830508474576271 0.02 0.07344632768361582
1 0.519375 0.48493408662900184 0.01875 0.07344632768361582
1 0.57625 0.46892655367231634 0.0125 0.04519774011299435
1 0.489375 0.4821092278719397 0.02125 0.0790960451977401
1 0.460625 0.47457627118644063 0.02375 0.09416195856873823
1 0.47250000000000003 0.4613935969868173 0.0225 0.08662900188323917
1 0.4325 0.4811676082862523 0.0175 0.06967984934086628
1 0.410625 0.4868173258003766 0.01875 0.06967984934086628
1 0.42125 0.47457627118644063 0.0075 0.026365348399246702
1 0.380625 0.487758945386064 0.02125 0.0790960451977401
1 0.36312500000000003 0.4105461393596987 0.01875 0.07156308851224105
1 0.075625 0.4868173258003766 0.01875 0.07344632768361582
1 0.08687500000000001 0.4783427495291902 0.01875 0.06779661016949153
1 0.0525 0.4764595103578154 0.0175 0.07156308851224105
1 0.865625 0.3182674199623352 0.01375 0.04896421845574388
1 0.83875 0.3182674199623352 0.01 0.03766478342749529
1 0.7975 0.3192090395480226 0.01 0.03954802259887005
1 0.75375 0.3220338983050847 0.0125 0.04896421845574388
1 0.70875 0.3220338983050847 0.0125 0.04896421845574388
1 0.6625 0.3239171374764595 0.0125 0.04519774011299435
1 0.623125 0.3220338983050847 0.01375 0.04896421845574388
1 0.5856250000000001 0.32109227871939733 0.01125 0.047080979284369114
1 0.008125 0.48022598870056493 0.01625 0.07156308851224105
1 0.20125 0.4783427495291902 0.0175 0.06779661016949153
1 0.25375000000000003 0.43785310734463273 0.0175 0.06591337099811675
1 0.259375 0.4312617702448211 0.01875 0.07156308851224105
1 0.8931250000000001 0.467984934086629 0.02625 0.09604519774011298
1 0.905625 0.455743879472693 0.02125 0.08286252354048963
1 0.406875 0.9566854990583804 0.06625 0.08286252354048963
1 0.3525 0.9500941619585687 0.05 0.09604519774011298
1 0.328125 0.8738229755178908 0.04625 0.06779661016949153
1 0.373125 0.7645951035781544 0.02875 0.04519774011299435
1 0.01625 0.7937853107344632 0.0325 0.06591337099811675
1 0.078125 0.839924670433145 0.043750000000000004 0.052730696798493404
1 0.025625000000000002 0.85969868173258 0.03875 0.0583804143126177
1 0.0675 0.9096045197740112 0.0425 0.09416195856873823
1 0.023125 0.935969868173258 0.04625 0.07156308851224105
1 0.005 0.8785310734463276 0.01 0.04331450094161959
1 0.196875 0.7617702448210922 0.02625 0.03954802259887005
1 0.29 0.9708097928436911 0.0475 0.05084745762711864
1 0.28750000000000003 0.9199623352165724 0.0375 0.05084745762711864
1 0.07875 0.9774011299435028 0.04 0.041431261770244816
1 0.19187500000000002 0.9839924670433144 0.06875 0.02824858757062147
1 0.11375 0.3606403013182674 0.0125 0.020715630885122408
1 0.06 0.44256120527306964 0.0125 0.015065913370998116
1 0.07 0.4331450094161958 0.0125 0.015065913370998116
1 0.0825 0.4312617702448211 0.0125 0.015065913370998116
1 0.093125 0.4199623352165725 0.01125 0.015065913370998116
1 0.10125 0.41619585687382293 0.01 0.018832391713747645
1 0.11 0.4086629001883239 0.0075 0.015065913370998116
1 0.096875 0.443502824858757 0.01125 0.020715630885122408
1 0.105625 0.4369114877589454 0.00875 0.022598870056497175
1 0.11375 0.4284369114877589 0.01 0.020715630885122408
1 0.120625 0.4209039548022599 0.00625 0.01694915254237288
1 0.11750000000000001 0.40583804143126173 0.0075 0.01694915254237288
1 0.1275 0.3992467043314501 0.0125 0.015065913370998116
1 0.128125 0.41619585687382293 0.00875 0.018832391713747645
1 0.13875 0.4105461393596987 0.01 0.018832391713747645
1 0.128125 0.4416195856873823 0.00875 0.01694915254237288
1 0.13625 0.43220338983050843 0.0075 0.013182674199623351
1 0.14375000000000002 0.4284369114877589 0.0075 0.013182674199623351
1 0.151875 0.4227871939736346 0.00875 0.020715630885122408
1 0.15875 0.4143126177024482 0.0075 0.015065913370998116
1 0.16625 0.4096045197740113 0.0075 0.01694915254237288
1 0.175625 0.4030131826741996 0.00875 0.018832391713747645
1 0.181875 0.3964218455743879 0.00625 0.013182674199623351
1 0.1475 0.4048964218455744 0.01 0.015065913370998116
1 0.155625 0.3983050847457627 0.00875 0.01694915254237288
1 0.1375 0.3935969868173258 0.01 0.018832391713747645
1 0.180625 0.42184557438794723 0.00875 0.018832391713747645
1 0.18937500000000002 0.4190207156308851 0.00625 0.01694915254237288
1 0.196875 0.4086629001883239 0.00875 0.022598870056497175
1 0.18937500000000002 0.391713747645951 0.00875 0.015065913370998116
1 0.19625 0.3879472693032015 0.0075 0.015065913370998116
1 0.5525 0.34745762711864403 0.0175 0.02448210922787194
1 0.521875 0.3483992467043314 0.01875 0.026365348399246702
1 0.01625 0.4519774011299435 0.0075 0.026365348399246702
1 0.010625 0.4312617702448211 0.00875 0.015065913370998116
1 0.026875 0.4387947269303201 0.01125 0.022598870056497175
1 0.0375 0.4340866290018832 0.01 0.01694915254237288
1 0.035625000000000004 0.4190207156308851 0.01125 0.01694915254237288
1 0.013125 0.4105461393596987 0.01125 0.022598870056497175
1 0.0225 0.40583804143126173 0.01 0.020715630885122408
1 0.036875 0.40018832391713743 0.00875 0.020715630885122408
1 0.21625 0.352165725047081 0.01 0.018832391713747645
1 0.091875 0.40018832391713743 0.00875 0.020715630885122408
1 0.1 0.3964218455743879 0.0075 0.013182674199623351
1 0.109375 0.391713747645951 0.00875 0.011299435028248588
1 0.7831250000000001 0.42184557438794723 0.00875 0.018832391713747645
1 0.7831250000000001 0.3455743879472693 0.00875 0.02448210922787194
1 0.97875 0.4293785310734463 0.0125 0.026365348399246702
1 0.96 0.41619585687382293 0.015 0.022598870056497175
1 0.94375 0.40583804143126173 0.015 0.02448210922787194
1 0.926875 0.4011299435028248 0.01625 0.022598870056497175
1 0.895625 0.40018832391713743 0.01375 0.020715630885122408
1 0.865625 0.3992467043314501 0.00875 0.030131826741996232
1 0.32875 0.5480225988700564 0.0375 0.0790960451977401
1 0.351875 0.5809792843691148 0.03375 0.10357815442561205
1 0.37875000000000003 0.5659133709981168 0.0375 0.08851224105461393
1 0.40750000000000003 0.7617702448210922 0.035 0.1864406779661017
1 0.931875 0.8747645951035781 0.04625 0.0583804143126177
1 0.69375 0.8022598870056497 0.0725 0.09792843691148775
1 0.851875 0.5979284369114878 0.10625 0.11487758945386063
1 0.951875 0.5903954802259886 0.09375 0.1111111111111111
1 0.534375 0.6148775894538606 0.02375 0.035781544256120526
1 0.498125 0.635593220338983 0.04125 0.07344632768361582
1 0.466875 0.6129943502824858 0.01875 0.032015065913371
