1 0.047 0.5225903614457832 0.062 0.23795180722891568
1 0.136 0.552710843373494 0.076 0.2801204819277109
1 0.202 0.480421686746988 0.056 0.20783132530120482
1 0.23 0.40060240963855426 0.024 0.0963855421686747
1 0.299 0.5677710843373495 0.08600000000000001 0.32228915662650603
1 0.302 0.4819277108433735 0.056 0.21686746987951808
1 0.35000000000000003 0.48945783132530124 0.056 0.213855421686747
1 0.377 0.46536144578313254 0.046 0.1716867469879518
1 0.399 0.6159638554216867 0.098 0.36445783132530124
1 0.505 0.5677710843373495 0.08600000000000001 0.31626506024096385
1 0.47400000000000003 0.480421686746988 0.04 0.1536144578313253
1 0.541 0.5271084337349398 0.07 0.26506024096385544
1 0.58 0.6641566265060241 0.10400000000000001 0.3885542168674699
1 0.639 0.5662650602409639 0.074 0.28313253012048195
1 0.682 0.5256024096385542 0.056 0.20783132530120482
1 0.161 0.3780120481927711 0.014 0.057228915662650606
1 0.14200000000000002 0.3795180722891566 0.012 0.04819277108433735
1 0.126 0.37198795180722893 0.012 0.045180722891566265
1 0.1 0.3780120481927711 0.016 0.057228915662650606
1 0.065 0.36445783132530124 0.01 0.04819277108433735
1 0.041 0.3734939759036145 0.01 0.04819277108433735
1 0.5660000000000001 0.3885542168674699 0.008 0.03614457831325302
1 0.657 0.5466867469879518 0.066 0.24397590361445784
1 0.986 0.5030120481927711 0.028 0.16867469879518074
1 0.9380000000000001 0.44578313253012053 0.028 0.10240963855421688
1 0.921 0.44728915662650603 0.026000000000000002 0.09939759036144578
1 0.869 0.4307228915662651 0.018000000000000002 0.07228915662650603
1 0.8280000000000001 0.45180722891566266 0.028 0.10843373493975904
1 0.903 0.4292168674698795 0.022 0.08734939759036145
1 0.749 0.41415662650602414 0.014 0.057228915662650606
1 0.081 0.37198795180722893 0.01 0.045180722891566265
1 0.253 0.3734939759036145 0.014 0.04819277108433735
