1 0.259765625 0.7076023391812865 0.08203125 0.30116959064327486
1 0.2734375 0.49707602339181284 0.03125 0.11403508771929824
1 0.29052734375 0.5716374269005847 0.0439453125 0.1608187134502924
1 0.30908203125 0.6644736842105263 0.0673828125 0.24707602339181284
1 0.33251953125 0.7383040935672515 0.0732421875 0.26900584795321636
1 0.384765625 0.7017543859649122 0.064453125 0.23684210526315788
1 0.359375 0.652046783625731 0.060546875 0.2222222222222222
1 0.43896484375 0.7068713450292398 0.0712890625 0.26461988304093564
1 0.509765625 0.6527777777777778 0.060546875 0.22076023391812866
1 0.45703125 0.6184210526315789 0.0546875 0.2046783625730994
1 0.41552734375 0.6615497076023391 0.0615234375 0.22660818713450293
1 0.5498046875 0.445906432748538 0.021484375 0.08187134502923976
1 0.42822265625 0.4948830409356725 0.0224609375 0.08333333333333333
1 0.4208984375 0.4890350877192982 0.025390625 0.097953216374269
1 0.38232421875 0.4766081871345029 0.0185546875 0.07309941520467836
1 0.341796875 0.540204678362573 0.029296875 0.09502923976608187
1 0.36962890625 0.5116959064327485 0.0224609375 0.05263157894736842
1 0.3994140625 0.5058479532163742 0.017578125 0.03216374269005848
1 0.39501953125 0.5350877192982456 0.0205078125 0.03508771929824561
1 0.384765625 0.5599415204678362 0.01953125 0.03508771929824561
