1 0.505 0.5175 0.22333333333333336 0.41000000000000003
1 0.08333333333333334 0.63125 0.16666666666666669 0.4625
1 0.12666666666666668 0.6575 0.2066666666666667 0.385
1 0.6433333333333334 0.6125 0.16 0.3
1 0.6866666666666668 0.60375 0.14666666666666667 0.2725
1 0.7233333333333334 0.61375 0.13333333333333333 0.2475
1 0.785 0.61 0.14333333333333334 0.265
1 0.8350000000000001 0.6062500000000001 0.13 0.2425
1 0.9133333333333334 0.62 0.09333333333333334 0.17500000000000002
1 0.9450000000000001 0.6175 0.09000000000000001 0.165
1 0.9716666666666667 0.59375 0.05666666666666667 0.17250000000000001
1 0.39666666666666667 0.63875 0.18000000000000002 0.3275
1 0.35333333333333333 0.64375 0.18666666666666668 0.3425
1 0.20500000000000002 0.595 0.14333333333333334 0.14
1 0.9583333333333334 0.51125 0.030000000000000002 0.0375
1 0.8716666666666667 0.51 0.030000000000000002 0.035
1 0.88 0.54125 0.03333333333333333 0.0275
1 0.9066666666666667 0.5275 0.02666666666666667 0.03
