1 0.016666666666666666 0.6538461538461539 0.03333333333333333 0.1301775147928994
1 0.04777777777777778 0.6701183431952663 0.042222222222222223 0.14497041420118342
1 0.12 0.6789940828402367 0.04888888888888889 0.16272189349112426
1 0.22333333333333333 0.6893491124260355 0.051111111111111114 0.16568047337278105
1 0.3522222222222222 0.6982248520710059 0.05555555555555555 0.17751479289940827
1 0.4766666666666667 0.7041420118343195 0.05555555555555555 0.17751479289940827
1 0.5877777777777777 0.7011834319526628 0.051111111111111114 0.16568047337278105
1 0.6888888888888889 0.6997041420118343 0.04888888888888889 0.16272189349112426
1 0.7855555555555556 0.6878698224852071 0.04666666666666667 0.15088757396449703
1 0.8555555555555555 0.6745562130177515 0.044444444444444446 0.15384615384615385
1 0.9311111111111111 0.6597633136094675 0.04 0.1301775147928994
1 0.9622222222222222 0.643491124260355 0.035555555555555556 0.12130177514792899
1 0.9211111111111111 0.5828402366863905 0.024444444444444446 0.08284023668639053
1 0.8988888888888888 0.5754437869822485 0.02 0.07396449704142012
1 0.9433333333333334 0.5931952662721893 0.024444444444444446 0.08579881656804733
1 0.37444444444444447 0.5976331360946745 0.028888888888888888 0.10059171597633136
1 0.4711111111111111 0.6035502958579881 0.026666666666666665 0.08875739644970414
