1 0.126 0.8693693693693694 0.064 0.23723723723723725
1 0.158 0.8723723723723724 0.064 0.23723723723723725
1 0.215 0.8858858858858859 0.058 0.2222222222222222
1 0.303 0.8888888888888888 0.054 0.2042042042042042
1 0.384 0.8828828828828829 0.06 0.2222222222222222
1 0.627 0.7912912912912913 0.062 0.23723723723723725
1 0.708 0.8888888888888888 0.056 0.21621621621621623
1 0.793 0.8888888888888888 0.058 0.21021021021021022
1 0.774 0.46996996996997 0.036000000000000004 0.12912912912912913
1 0.029 0.8558558558558559 0.058 0.2222222222222222
1 0.88 0.8963963963963963 0.052000000000000005 0.1891891891891892
1 0.911 0.9024024024024024 0.046 0.17717717717717718
1 0.9540000000000001 0.8918918918918919 0.052000000000000005 0.1981981981981982
1 0.86 0.8738738738738738 0.056 0.2042042042042042
1 0.876 0.3183183183183183 0.028 0.10810810810810811
1 0.843 0.30930930930930933 0.026000000000000002 0.1021021021021021
1 0.805 0.3018018018018018 0.026000000000000002 0.10510510510510511
1 0.20400000000000001 0.3078078078078078 0.028 0.10510510510510511
1 0.226 0.30930930930930933 0.028 0.1021021021021021
1 0.317 0.512012012012012 0.026000000000000002 0.05105105105105105
1 0.34500000000000003 0.5075075075075075 0.038 0.04804804804804805
1 0.384 0.5015015015015015 0.04 0.06606606606606606
1 0.452 0.509009009009009 0.04 0.057057057057057055
1 0.527 0.524024024024024 0.026000000000000002 0.05105105105105105
1 0.584 0.512012012012012 0.028 0.04504504504504504
1 0.614 0.5165165165165165 0.032 0.04804804804804805
1 0.65 0.5180180180180181 0.032 0.05105105105105105
1 0.679 0.5165165165165165 0.03 0.05405405405405406
1 0.713 0.5225225225225225 0.038 0.04804804804804805
1 0.382 0.43543543543543545 0.036000000000000004 0.036036036036036036
1 0.419 0.4249249249249249 0.034 0.05105105105105105
1 0.453 0.4294294294294294 0.03 0.05405405405405406
1 0.514 0.43243243243243246 0.028 0.04804804804804805
1 0.542 0.43093093093093093 0.028 0.04504504504504504
1 0.583 0.43843843843843844 0.034 0.04804804804804805
1 0.669 0.43843843843843844 0.034 0.04204204204204204
1 0.705 0.43843843843843844 0.026000000000000002 0.036036036036036036
1 0.369 0.36036036036036034 0.03 0.03003003003003003
1 0.4 0.36186186186186187 0.028 0.03303303303303303
1 0.46 0.36786786786786785 0.028 0.03903903903903904
1 0.488 0.3663663663663664 0.024 0.036036036036036036
1 0.517 0.36486486486486486 0.03 0.03303303303303303
1 0.5760000000000001 0.36486486486486486 0.036000000000000004 0.03303303303303303
1 0.637 0.36336336336336333 0.034 0.04804804804804805
1 0.705 0.36936936936936937 0.034 0.036036036036036036
1 0.432 0.34384384384384387 0.032 0.08108108108108109
