1 0.684 0.5512048192771085 0.192 0.7168674698795181
1 0.5720000000000001 0.5542168674698795 0.18 0.6626506024096386
1 0.46900000000000003 0.5301204819277109 0.182 0.674698795180723
1 0.354 0.5451807228915663 0.17200000000000001 0.6385542168674699
1 0.255 0.516566265060241 0.186 0.6837349397590362
1 0.866 0.40060240963855426 0.10400000000000001 0.391566265060241
1 0.803 0.3780120481927711 0.074 0.2740963855421687
1 0.848 0.3870481927710844 0.08 0.3042168674698795
1 0.9560000000000001 0.4051204819277109 0.088 0.32228915662650603
1 0.778 0.4292168674698795 0.084 0.3102409638554217
1 0.737 0.4774096385542169 0.10200000000000001 0.38253012048192775
1 0.04 0.39608433734939763 0.08 0.34638554216867473
1 0.20800000000000002 0.427710843373494 0.10400000000000001 0.391566265060241
1 0.146 0.411144578313253 0.088 0.33433734939759036
1 0.113 0.3253012048192771 0.05 0.13253012048192772
1 0.091 0.4487951807228916 0.11 0.27108433734939763
1 0.088 0.27560240963855426 0.024 0.045180722891566265
1 0.394 0.2635542168674699 0.044 0.09337349397590362
