1 0.159 0.74 0.154 0.49866666666666665
1 0.263 0.7306666666666667 0.15 0.48533333333333334
1 0.306 0.7026666666666667 0.116 0.3813333333333333
1 0.395 0.7333333333333333 0.158 0.5226666666666666
1 0.468 0.6693333333333333 0.096 0.32
1 0.502 0.6853333333333333 0.12 0.3893333333333333
1 0.5640000000000001 0.7266666666666667 0.16 0.5253333333333333
1 0.618 0.6626666666666666 0.092 0.30133333333333334
1 0.67 0.6453333333333333 0.092 0.30933333333333335
1 0.715 0.7386666666666667 0.158 0.512
1 0.835 0.732 0.14200000000000002 0.472
1 0.9380000000000001 0.6746666666666666 0.10400000000000001 0.33599999999999997
1 0.031 0.5746666666666667 0.062 0.12
1 0.125 0.5693333333333334 0.058 0.104
1 0.907 0.52 0.03 0.058666666666666666
1 0.964 0.5346666666666666 0.032 0.06133333333333333
