1 0.14100000000000001 0.6321321321321322 0.19 0.7057057057057057
1 0.294 0.6606606606606606 0.18 0.6606606606606606
1 0.446 0.6756756756756757 0.168 0.6186186186186187
1 0.581 0.6441441441441441 0.162 0.6036036036036035
1 0.7030000000000001 0.6456456456456456 0.146 0.5345345345345345
1 0.8240000000000001 0.6201201201201201 0.136 0.5015015015015015
1 0.889 0.6021021021021021 0.122 0.45345345345345345
1 0.9470000000000001 0.5975975975975976 0.106 0.4144144144144144
1 0.07100000000000001 0.6771771771771772 0.14200000000000002 0.6156156156156156
1 0.221 0.6651651651651651 0.158 0.5855855855855856
1 0.751 0.5930930930930931 0.10200000000000001 0.37537537537537535
1 0.653 0.23273273273273273 0.026000000000000002 0.10510510510510511
1 0.683 0.24174174174174173 0.026000000000000002 0.10510510510510511
1 0.366 0.575075075075075 0.048 0.21921921921921922
1 0.482 0.46096096096096095 0.04 0.10510510510510511
1 0.458 0.2957957957957958 0.04 0.057057057057057055
1 0.517 0.30930930930930933 0.042 0.05405405405405406
