1 0.11272727272727273 0.611716621253406 0.09090909090909091 0.3405994550408719
1 0.23363636363636364 0.6866485013623977 0.10727272727272727 0.3978201634877384
1 0.21545454545454545 0.5613079019073569 0.06727272727272728 0.2561307901907357
1 0.2590909090909091 0.5286103542234333 0.056363636363636366 0.2125340599455041
1 0.30727272727272725 0.6307901907356948 0.08727272727272728 0.3242506811989101
1 0.35818181818181816 0.5803814713896458 0.07272727272727272 0.2670299727520436
1 0.3709090909090909 0.5408719346049046 0.06545454545454546 0.24250681198910082
1 0.5109090909090909 0.5435967302452316 0.06909090909090909 0.2534059945504087
1 0.55 0.664850136239782 0.10727272727272727 0.3978201634877384
1 0.6972727272727273 0.5681198910081744 0.07090909090909091 0.26430517711171664
1 0.7236363636363636 0.6185286103542235 0.08727272727272728 0.3215258855585831
1 0.8790909090909091 0.5912806539509536 0.07818181818181819 0.2888283378746594
1 0.06727272727272728 0.4318801089918256 0.02909090909090909 0.11171662125340599
1 0.09 0.42915531335149865 0.03090909090909091 0.11171662125340599
1 0.41363636363636364 0.4359673024523161 0.02727272727272727 0.10354223433242507
1 0.44727272727272727 0.45095367847411444 0.02909090909090909 0.11171662125340599
1 0.47 0.4482288828337874 0.03090909090909091 0.11716621253405994
1 0.58 0.4550408719346049 0.02909090909090909 0.10899182561307902
1 0.6127272727272727 0.46185286103542234 0.02909090909090909 0.10626702997275204
1 0.6345454545454545 0.4768392370572207 0.01818181818181818 0.07629427792915532
1 0.740909090909091 0.4604904632152588 0.02727272727272727 0.10899182561307902
1 0.7854545454545454 0.46730245231607626 0.03272727272727273 0.11716621253405994
1 0.8545454545454545 0.4822888283378746 0.02181818181818182 0.08719346049046321
1 0.9154545454545454 0.4713896457765667 0.03090909090909091 0.11444141689373297
1 0.94 0.47956403269754766 0.03272727272727273 0.11989100817438691
1 0.8236363636363636 0.48092643051771117 0.03636363636363636 0.09536784741144413
