1 0.03 0.8620401337792643 0.06 0.26588628762541805
1 0.11722222222222223 0.8678929765886287 0.06555555555555556 0.2408026755852843
1 0.4961111111111111 0.8687290969899666 0.06777777777777778 0.2491638795986622
1 0.7233333333333334 0.6053511705685619 0.07777777777777778 0.2909698996655518
1 0.8961111111111111 0.7734113712374582 0.09888888888888889 0.36622073578595316
1 0.9644444444444444 0.838628762541806 0.07111111111111111 0.3060200668896321
1 0.9655555555555555 0.6638795986622074 0.06888888888888889 0.33444816053511706
1 0.9161111111111111 0.44565217391304346 0.08555555555555555 0.31605351170568563
1 0.4222222222222222 0.689799331103679 0.07333333333333333 0.2692307692307692
1 0.10055555555555555 0.5234113712374582 0.07666666666666666 0.2809364548494983
1 0.5388888888888889 0.729933110367893 0.07111111111111111 0.26588628762541805
1 0.6083333333333333 0.7834448160535117 0.07444444444444444 0.2725752508361204
1 0.7833333333333333 0.3494983277591973 0.06888888888888889 0.25752508361204013
1 0.23 0.9397993311036789 0.06888888888888889 0.10702341137123746
1 0.3016666666666667 0.9188963210702341 0.09222222222222222 0.14882943143812707
1 0.27166666666666667 0.8177257525083612 0.07666666666666666 0.1806020066889632
1 0.3461111111111111 0.7675585284280936 0.08555555555555555 0.16387959866220736
1 0.44166666666666665 0.8419732441471571 0.07666666666666666 0.225752508361204
1 0.17777777777777778 0.8051839464882943 0.09777777777777778 0.21237458193979933
1 0.1438888888888889 0.6145484949832776 0.058888888888888886 0.09866220735785954
1 0.1761111111111111 0.6396321070234113 0.043333333333333335 0.07190635451505016
1 0.2061111111111111 0.6764214046822742 0.04555555555555556 0.05852842809364548
1 0.2411111111111111 0.5836120401337792 0.10444444444444445 0.09698996655518395
1 0.05611111111111111 0.6864548494983278 0.07 0.17892976588628762
1 0.7816666666666666 0.6446488294314381 0.07222222222222222 0.13210702341137123
1 0.9272222222222222 0.5259197324414716 0.06111111111111111 0.1688963210702341
1 0.9666666666666667 0.4280936454849498 0.05555555555555555 0.13712374581939799
