1 0.38525390625 0.810546875 0.1123046875 0.3684895833333333
1 0.3291015625 0.6471354166666666 0.083984375 0.2734375
1 0.4638671875 0.7018229166666666 0.083984375 0.27604166666666663
1 0.48291015625 0.69921875 0.0771484375 0.25
1 0.52587890625 0.6341145833333333 0.0634765625 0.20572916666666666
1 0.55810546875 0.7102864583333333 0.0791015625 0.26171875
1 0.5849609375 0.716796875 0.09765625 0.31901041666666663
1 0.63671875 0.7272135416666666 0.08984375 0.29557291666666663
1 0.6875 0.7369791666666666 0.09375 0.3098958333333333
1 0.27197265625 0.6302083333333333 0.0634765625 0.20572916666666666
1 0.228515625 0.6477864583333333 0.072265625 0.23828125
1 0.2001953125 0.6236979166666666 0.0625 0.203125
1 0.14794921875 0.5944010416666666 0.0615234375 0.20182291666666666
1 0.109375 0.591796875 0.05859375 0.19140625
1 0.0830078125 0.59765625 0.05078125 0.16666666666666666
1 0.064453125 0.5846354166666666 0.0546875 0.1796875
1 0.14453125 0.81640625 0.109375 0.3567708333333333
1 0.0244140625 0.5709635416666666 0.048828125 0.17317708333333331
1 0.7099609375 0.7584635416666666 0.103515625 0.3372395833333333
1 0.81005859375 0.7877604166666666 0.1064453125 0.3489583333333333
1 0.880859375 0.7805989583333333 0.109375 0.3606770833333333
1 0.951171875 0.7858072916666666 0.09765625 0.3763020833333333
1 0.75 0.642578125 0.060546875 0.20182291666666666
1 0.77001953125 0.6341145833333333 0.0576171875 0.19010416666666666
1 0.79541015625 0.63671875 0.0576171875 0.1875
1 0.830078125 0.6419270833333333 0.06640625 0.21875
1 0.84423828125 0.6575520833333333 0.0634765625 0.2109375
1 0.421875 0.6686197916666666 0.07421875 0.24088541666666666
1 0.3896484375 0.6529947916666666 0.078125 0.25390625
1 0.3623046875 0.5852864583333333 0.046875 0.15494791666666666
1 0.80224609375 0.4915364583333333 0.0322265625 0.06901041666666666
1 0.927734375 0.5032552083333333 0.01953125 0.05078125
1 0.9091796875 0.5748697916666666 0.029296875 0.061197916666666664
1 0.5029296875 0.5533854166666666 0.03125 0.08854166666666666
1 0.44580078125 0.55078125 0.0205078125 0.08072916666666666
1 0.2880859375 0.5078125 0.0234375 0.049479166666666664
1 0.06005859375 0.7272135416666666 0.0556640625 0.11588541666666666
