1 0.091 0.5935483870967742 0.11800000000000001 0.4645161290322581
1 0.165 0.5887096774193549 0.122 0.4806451612903226
1 0.252 0.6258064516129033 0.176 0.6967741935483871
1 0.298 0.535483870967742 0.14 0.5612903225806452
1 0.378 0.5419354838709678 0.108 0.4258064516129032
1 0.438 0.6290322580645161 0.184 0.7225806451612903
1 0.685 0.6080645161290322 0.194 0.7709677419354839
1 0.845 0.5854838709677419 0.20600000000000002 0.8096774193548387
1 0.613 0.5580645161290323 0.11800000000000001 0.47096774193548385
1 0.516 0.5645161290322581 0.116 0.4645161290322581
1 0.9530000000000001 0.3870967741935484 0.08600000000000001 0.2709677419354839
1 0.109 0.3564516129032258 0.038 0.06129032258064516
