1 0.033 0.4189189189189189 0.066 0.3153153153153153
1 0.074 0.4159159159159159 0.07200000000000001 0.26126126126126126
1 0.085 0.37537537537537535 0.066 0.25225225225225223
1 0.111 0.36486486486486486 0.066 0.24324324324324323
1 0.159 0.36336336336336333 0.074 0.2702702702702703
1 0.23900000000000002 0.34234234234234234 0.058 0.21021021021021022
1 0.267 0.34684684684684686 0.05 0.1831831831831832
1 0.203 0.33783783783783783 0.058 0.21921921921921922
1 0.17400000000000002 0.36186186186186187 0.068 0.24924924924924924
1 0.187 0.35435435435435436 0.058 0.21621621621621623
1 0.769 0.5585585585585585 0.122 0.45645645645645644
1 0.8290000000000001 0.5705705705705706 0.182 0.6726726726726726
1 0.62 0.6516516516516516 0.18 0.6606606606606606
1 0.47700000000000004 0.6666666666666666 0.162 0.6006006006006006
1 0.387 0.527027027027027 0.106 0.3933933933933934
1 0.322 0.4954954954954955 0.088 0.32432432432432434
1 0.364 0.512012012012012 0.1 0.36936936936936937
1 0.321 0.42342342342342343 0.078 0.29429429429429427
1 0.709 0.496996996996997 0.114 0.42342342342342343
1 0.935 0.6411411411411412 0.13 0.6156156156156156
1 0.907 0.5345345345345345 0.13 0.4804804804804805
1 0.909 0.581081081081081 0.126 0.47147147147147145
1 0.559 0.4039039039039039 0.062 0.23123123123123124
1 0.521 0.37237237237237236 0.062 0.22822822822822822
1 0.28400000000000003 0.3258258258258258 0.04 0.15315315315315314
1 0.054 0.25375375375375375 0.02 0.04504504504504504
1 0.023 0.27627627627627627 0.026000000000000002 0.06006006006006006
1 0.042 0.29429429429429427 0.016 0.06006006006006006
1 0.406 0.3483483483483483 0.032 0.08408408408408408
1 0.37 0.30930930930930933 0.032 0.04804804804804805
1 0.36 0.27627627627627627 0.028 0.036036036036036036
1 0.379 0.24924924924924924 0.022 0.04204204204204204
1 0.397 0.25975975975975973 0.022 0.04504504504504504
1 0.426 0.26576576576576577 0.036000000000000004 0.057057057057057055
1 0.463 0.26876876876876876 0.034 0.07507507507507508
1 0.5 0.26426426426426425 0.02 0.05405405405405406
1 0.538 0.23723723723723725 0.02 0.04804804804804805
1 0.582 0.24324324324324323 0.024 0.06006006006006006
1 0.652 0.25375375375375375 0.032 0.04504504504504504
1 0.665 0.33183183183183185 0.038 0.07507507507507508
1 0.676 0.3018018018018018 0.04 0.08108108108108109
1 0.874 0.3363363363363363 0.032 0.09009009009009009
1 0.893 0.25825825825825827 0.03 0.07207207207207207
1 0.784 0.26126126126126126 0.032 0.07207207207207207
1 0.754 0.2897897897897898 0.032 0.06306306306306306
1 0.775 0.30930930930930933 0.038 0.06606606606606606
1 0.96 0.2957957957957958 0.04 0.08708708708708708
1 0.304 0.2552552552552553 0.028 0.04204204204204204
