1 0.12906504065040653 0.6941580756013745 0.06300813008130082 0.2611683848797251
1 0.07317073170731708 0.7079037800687286 0.05691056910569106 0.24054982817869416
1 0.021341463414634148 0.7955326460481099 0.042682926829268296 0.2852233676975945
1 0.978658536585366 0.6855670103092784 0.042682926829268296 0.18213058419243985
1 0.9471544715447155 0.6769759450171822 0.03658536585365854 0.15807560137457044
1 0.9298780487804879 0.6821305841924399 0.034552845528455285 0.14776632302405499
1 0.9146341463414636 0.6821305841924399 0.03658536585365854 0.15463917525773196
1 0.8760162601626017 0.6735395189003436 0.04065040650406505 0.1718213058419244
1 0.8973577235772359 0.6804123711340206 0.034552845528455285 0.15120274914089346
1 0.7500000000000001 0.6821305841924399 0.03658536585365854 0.16151202749140894
1 0.7225609756097562 0.6804123711340206 0.0467479674796748 0.1993127147766323
1 0.6961382113821138 0.6941580756013745 0.042682926829268296 0.18556701030927836
1 0.6758130081300814 0.6821305841924399 0.034552845528455285 0.140893470790378
1 0.6473577235772359 0.6735395189003436 0.042682926829268296 0.18556701030927836
1 0.5752032520325204 0.6821305841924399 0.03658536585365854 0.16151202749140894
1 0.5975609756097562 0.6786941580756014 0.032520325203252036 0.140893470790378
1 0.6229674796747968 0.6821305841924399 0.034552845528455285 0.14776632302405499
1 0.04979674796747968 0.7010309278350515 0.06300813008130082 0.26804123711340205
1 0.02845528455284553 0.6323024054982818 0.024390243902439025 0.061855670103092786
1 0.011178861788617888 0.584192439862543 0.022357723577235776 0.08247422680412371
1 0.24186991869918703 0.7250859106529209 0.06097560975609757 0.14432989690721648
1 0.3323170731707317 0.70446735395189 0.042682926829268296 0.13058419243986255
