1 0.7754237288135594 0.1930379746835443 0.1016949152542373 0.18354430379746836
1 0.663135593220339 0.20094936708860758 0.09745762711864407 0.18670886075949367
1 0.5042372881355932 0.21835443037974683 0.059322033898305086 0.12025316455696203
1 0.4470338983050847 0.19462025316455697 0.046610169491525424 0.08544303797468354
1 0.951271186440678 0.7436708860759493 0.08898305084745763 0.16455696202531644
1 0.8728813559322034 0.7389240506329113 0.09322033898305085 0.1740506329113924
1 0.8305084745762712 0.7436708860759493 0.09322033898305085 0.17088607594936708
1 0.7182203389830508 0.7626582278481012 0.08898305084745763 0.17088607594936708
1 0.2076271186440678 0.7594936708860759 0.059322033898305086 0.11392405063291139
1 0.13135593220338984 0.7420886075949367 0.059322033898305086 0.11708860759493671
1 0.046610169491525424 0.740506329113924 0.059322033898305086 0.12025316455696203
1 0.07627118644067797 0.21677215189873417 0.05084745762711865 0.0981012658227848
1 0.0423728813559322 0.21835443037974683 0.05084745762711865 0.09493670886075949
1 0.1419491525423729 0.21677215189873417 0.038135593220338986 0.07278481012658228
1 0.4046610169491525 0.28955696202531644 0.1228813559322034 0.16772151898734178
1 0.5953389830508474 0.8085443037974683 0.18220338983050846 0.2310126582278481
