1 0.05 0.55625 0.06666666666666667 0.2475
1 0.023333333333333334 0.5475 0.04666666666666667 0.225
1 0.41583333333333333 0.59125 0.08166666666666667 0.3025
1 0.3866666666666667 0.6012500000000001 0.07666666666666667 0.28750000000000003
1 0.36000000000000004 0.57875 0.07666666666666667 0.28750000000000003
1 0.3275 0.56625 0.058333333333333334 0.2125
1 0.2991666666666667 0.555 0.04833333333333334 0.185
1 0.9091666666666667 0.6637500000000001 0.135 0.4975
1 0.6900000000000001 0.65125 0.12333333333333334 0.4525
1 0.7816666666666667 0.57875 0.06666666666666667 0.2525
1 0.645 0.59875 0.09000000000000001 0.3275
1 0.5808333333333334 0.5825 0.07166666666666667 0.27
1 0.10583333333333333 0.53625 0.03833333333333334 0.1475
1 0.13 0.5275 0.04666666666666667 0.17
1 0.07583333333333334 0.5275 0.03833333333333334 0.14
1 0.16333333333333333 0.53 0.03666666666666667 0.135
1 0.24916666666666668 0.52875 0.025 0.0975
1 0.2341666666666667 0.5425 0.018333333333333333 0.07
1 0.22833333333333336 0.51375 0.02 0.0825
1 0.20833333333333334 0.54 0.016666666666666666 0.065
1 0.18166666666666667 0.51875 0.030000000000000002 0.1125
1 0.1991666666666667 0.5025000000000001 0.021666666666666667 0.08
1 0.14750000000000002 0.46875 0.018333333333333333 0.0325
1 0.21416666666666667 0.47125 0.015000000000000001 0.0425
1 0.31583333333333335 0.48125 0.018333333333333333 0.0375
