1 0.029 0.5557142857142857 0.058 0.20285714285714285
1 0.242 0.5714285714285714 0.064 0.22285714285714286
1 0.499 0.5828571428571429 0.082 0.2857142857142857
1 0.911 0.59 0.094 0.32857142857142857
1 0.985 0.5385714285714286 0.03 0.12857142857142856
1 0.861 0.5385714285714286 0.034 0.11714285714285715
1 0.84 0.5242857142857142 0.032 0.11142857142857143
1 0.8200000000000001 0.52 0.024 0.08571428571428572
1 0.807 0.5171428571428571 0.022 0.08
1 0.792 0.5071428571428571 0.016 0.06571428571428571
1 0.77 0.5 0.016 0.05714285714285714
1 0.777 0.5014285714285714 0.014 0.054285714285714284
1 0.747 0.5314285714285715 0.034 0.12
1 0.68 0.5071428571428571 0.02 0.07142857142857142
1 0.662 0.5185714285714286 0.02 0.07714285714285714
1 0.652 0.5314285714285715 0.032 0.11428571428571428
1 0.5670000000000001 0.5285714285714286 0.03 0.10857142857142857
1 0.582 0.5214285714285715 0.024 0.09428571428571429
1 0.6 0.5128571428571429 0.024 0.08285714285714285
1 0.62 0.5085714285714286 0.02 0.06857142857142857
1 0.547 0.51 0.018000000000000002 0.07142857142857142
1 0.528 0.5185714285714286 0.02 0.07714285714285714
1 0.467 0.5242857142857142 0.03 0.10571428571428572
1 0.397 0.5185714285714286 0.026000000000000002 0.09428571428571429
1 0.436 0.5171428571428571 0.024 0.08571428571428572
1 0.458 0.5114285714285715 0.02 0.06857142857142857
1 0.384 0.49857142857142855 0.012 0.04857142857142857
1 0.358 0.52 0.02 0.07428571428571429
1 0.368 0.5071428571428571 0.016 0.06571428571428571
1 0.342 0.5057142857142857 0.016 0.05714285714285714
1 0.328 0.5142857142857142 0.02 0.06857142857142857
1 0.315 0.5285714285714286 0.022 0.08571428571428572
1 0.3 0.5014285714285714 0.016 0.054285714285714284
1 0.28600000000000003 0.5128571428571429 0.02 0.07714285714285714
1 0.273 0.5071428571428571 0.018000000000000002 0.07142857142857142
1 0.158 0.5142857142857142 0.024 0.08571428571428572
1 0.105 0.5142857142857142 0.022 0.08571428571428572
1 0.122 0.5085714285714286 0.02 0.06857142857142857
1 0.138 0.5057142857142857 0.016 0.06285714285714286
1 0.19 0.5028571428571429 0.016 0.05714285714285714
1 0.08 0.5085714285714286 0.016 0.06285714285714286
1 0.053 0.5085714285714286 0.022 0.08571428571428572
1 0.008 0.5142857142857142 0.016 0.08
