1 0.06 0.6261261261261262 0.1 0.36936936936936937
1 0.1 0.581081081081081 0.096 0.35135135135135137
1 0.171 0.5495495495495496 0.078 0.2882882882882883
1 0.201 0.5165165165165165 0.078 0.2882882882882883
1 0.227 0.4804804804804805 0.066 0.24624624624624625
1 0.268 0.6156156156156156 0.10400000000000001 0.39039039039039036
1 0.301 0.5405405405405406 0.08600000000000001 0.3183183183183183
1 0.335 0.5045045045045045 0.07 0.26426426426426425
1 0.34800000000000003 0.4774774774774775 0.07200000000000001 0.26426426426426425
1 0.369 0.46546546546546547 0.07 0.25825825825825827
1 0.024 0.5540540540540541 0.048 0.2912912912912913
1 0.032 0.53003003003003 0.064 0.24924924924924924
1 0.47600000000000003 0.6591591591591591 0.124 0.46546546546546547
1 0.681 0.5870870870870871 0.094 0.35135135135135137
1 0.917 0.5735735735735735 0.11 0.4084084084084084
1 0.85 0.539039039039039 0.084 0.3153153153153153
1 0.8250000000000001 0.512012012012012 0.074 0.2732732732732733
1 0.8130000000000001 0.48348348348348347 0.07 0.26426426426426425
1 0.785 0.4774774774774775 0.074 0.27627627627627627
1 0.774 0.46396396396396394 0.068 0.24924924924924924
1 0.744 0.4339339339339339 0.056 0.2072072072072072
1 0.966 0.48348348348348347 0.068 0.3003003003003003
1 0.484 0.5570570570570571 0.1 0.36336336336336333
1 0.648 0.5465465465465466 0.092 0.3483483483483483
1 0.875 0.4264264264264264 0.05 0.1921921921921922
