1 0.026965725806451613 0.5950940860215054 0.04284274193548387 0.13911290322580647
1 0.0859375 0.5638440860215054 0.027721774193548387 0.0913978494623656
1 0.10105846774193548 0.581989247311828 0.031754032258064516 0.10349462365591398
1 0.10887096774193548 0.591733870967742 0.025201612903225805 0.08266129032258066
1 0.14213709677419353 0.5930779569892474 0.03629032258064516 0.11895161290322581
1 0.11290322580645161 0.560483870967742 0.024193548387096774 0.08064516129032259
1 0.15877016129032256 0.5877016129032259 0.024193548387096774 0.07862903225806452
1 0.15045362903225806 0.573252688172043 0.026713709677419355 0.08736559139784947
1 0.20892137096774194 0.6028225806451614 0.05897177419354838 0.19220430107526884
1 0.2648689516129032 0.561491935483871 0.02066532258064516 0.06787634408602151
1 0.27242943548387094 0.573252688172043 0.018649193548387098 0.06317204301075269
1 0.3107358870967742 0.5645161290322581 0.023689516129032258 0.07661290322580645
1 0.33064516129032256 0.5665322580645161 0.023185483870967742 0.07795698924731183
1 0.3576108870967742 0.6102150537634409 0.049899193548387094 0.16397849462365593
1 0.38810483870967744 0.5994623655913979 0.0594758064516129 0.19354838709677422
1 0.41607862903225806 0.6095430107526882 0.06804435483870967 0.2231182795698925
1 0.44833669354838707 0.6068548387096775 0.06703629032258064 0.217741935483871
1 0.415070564516129 0.6092069892473119 0.06502016129032258 0.21169354838709678
1 0.5284778225806451 0.6246639784946237 0.07106854838709677 0.23051075268817206
1 0.47555443548387094 0.5897177419354839 0.052923387096774195 0.17405913978494625
1 0.5587197580645161 0.6038306451612904 0.06502016129032258 0.21303763440860216
1 0.5889616935483871 0.5997983870967742 0.05493951612903226 0.17943548387096775
1 0.6285282258064516 0.5813172043010754 0.04133064516129032 0.13440860215053765
1 0.6048387096774194 0.5974462365591399 0.04838709677419355 0.1599462365591398
1 0.7192540322580645 0.6108870967741936 0.06653225806451613 0.21639784946236562
1 0.689516129032258 0.5682123655913979 0.03629032258064516 0.11895161290322581
1 0.7469758064516129 0.6431451612903226 0.06451612903225806 0.20967741935483872
1 0.8195564516129032 0.6891801075268817 0.06653225806451613 0.21572580645161293
1 0.7847782258064516 0.6092069892473119 0.0594758064516129 0.19287634408602153
1 0.8009072580645161 0.6149193548387097 0.05141129032258064 0.16801075268817206
1 0.8908770161290323 0.621975806451613 0.06602822580645161 0.2170698924731183
1 0.9075100806451613 0.6139112903225807 0.06401209677419355 0.20766129032258066
1 0.9717741935483871 0.5940860215053764 0.056451612903225805 0.24731182795698928
1 0.9558971774193548 0.5991263440860215 0.026713709677419355 0.08803763440860216
1 0.9170866935483871 0.5762768817204301 0.03679435483870968 0.12163978494623656
1 0.8205645161290323 0.5406586021505376 0.017137096774193547 0.0342741935483871
1 0.8359375 0.5440188172043011 0.022681451612903226 0.043682795698924734
1 0.8623991935483871 0.542002688172043 0.016129032258064516 0.058467741935483875
1 0.8429939516129032 0.5228494623655915 0.028729838709677418 0.02688172043010753
1 0.8238407258064516 0.5168010752688172 0.01663306451612903 0.021505376344086023
