1 0.03666666666666667 0.6135225375626043 0.035555555555555556 0.1318864774624374
1 0.06944444444444445 0.6001669449081803 0.03666666666666667 0.13522537562604342
1 0.10777777777777778 0.7170283806343907 0.04 0.14524207011686144
1 0.17333333333333334 0.7512520868113522 0.04888888888888889 0.18363939899833057
1 0.21833333333333332 0.6911519198664441 0.04111111111111111 0.15692821368948248
1 0.2738888888888889 0.7412353923205343 0.04777777777777778 0.17362270450751252
1 0.3 0.7821368948247078 0.051111111111111114 0.19198664440734559
1 0.3438888888888889 0.7387312186978298 0.04555555555555556 0.17195325542570952
1 0.2538888888888889 0.6636060100166945 0.043333333333333335 0.16193656093489148
1 0.21333333333333332 0.6569282136894825 0.03111111111111111 0.11853088480801335
1 0.5322222222222223 0.5 0.022222222222222223 0.08514190317195326
1 0.4461111111111111 0.43739565943238734 0.014444444444444444 0.05676126878130217
1 0.4627777777777778 0.4482470784641069 0.014444444444444444 0.05843071786310518
1 0.9311111111111111 0.6310517529215359 0.03333333333333333 0.12687813021702837
1 0.98 0.7545909849749582 0.04 0.1636060100166945
1 0.9472222222222222 0.5475792988313857 0.027777777777777776 0.10350584307178631
1 0.985 0.5701168614357263 0.023333333333333334 0.09181969949916528
1 0.9627777777777777 0.5125208681135226 0.021111111111111112 0.08013355592654424
1 0.935 0.5191986644407346 0.021111111111111112 0.08013355592654424
1 0.5822222222222222 0.5734557595993323 0.026666666666666665 0.048414023372287146
1 0.4011111111111111 0.4565943238731219 0.006666666666666666 0.041736227045075125
1 0.9166666666666666 0.7395659432387313 0.05333333333333333 0.11352253756260434
