1 0.34900000000000003 0.5506666666666666 0.138 0.45066666666666666
1 0.445 0.5346666666666666 0.09 0.296
1 0.496 0.5053333333333333 0.044 0.14133333333333334
1 0.52 0.4973333333333333 0.024 0.088
1 0.013000000000000001 0.49066666666666664 0.026000000000000002 0.12266666666666666
1 0.02 0.48933333333333334 0.036000000000000004 0.12
1 0.045 0.49066666666666664 0.03 0.10133333333333333
1 0.062 0.484 0.028 0.09866666666666667
1 0.081 0.48933333333333334 0.026000000000000002 0.09333333333333332
1 0.10400000000000001 0.48533333333333334 0.028 0.096
1 0.132 0.484 0.028 0.09333333333333332
1 0.967 0.49466666666666664 0.022 0.07733333333333334
1 0.805 0.5186666666666666 0.062 0.12
