1 0.08 0.4489795918367347 0.16 0.5510204081632653
1 0.23625000000000002 0.45408163265306123 0.1675 0.5680272108843537
1 0.33 0.38095238095238093 0.165 0.5442176870748299
1 0.41625 0.4098639455782313 0.1475 0.48639455782312924
1 0.535 0.38095238095238093 0.13 0.43537414965986393
1 0.595 0.4727891156462585 0.185 0.6190476190476191
1 0.8875000000000001 0.5527210884353742 0.225 0.8197278911564626
1 0.81 0.4302721088435374 0.155 0.5204081632653061
1 0.72 0.33843537414965985 0.1 0.336734693877551
1 0.47750000000000004 0.33163265306122447 0.12 0.3979591836734694
1 0.3075 0.38605442176870747 0.115 0.3843537414965986
1 0.93125 0.36054421768707484 0.1225 0.4149659863945578
1 0.96375 0.33163265306122447 0.0725 0.336734693877551
