1 0.0325 0.605 0.065 0.39
1 0.115 0.5975 0.08666666666666667 0.325
1 0.1975 0.57125 0.05166666666666667 0.1925
1 0.2316666666666667 0.5575 0.05666666666666667 0.21
1 0.255 0.55125 0.05333333333333334 0.1975
1 0.21250000000000002 0.54625 0.045000000000000005 0.1675
1 0.2816666666666667 0.61125 0.08666666666666667 0.3225
1 0.4575 0.61625 0.09166666666666667 0.3425
1 0.5641666666666667 0.61125 0.08166666666666667 0.2975
1 0.6958333333333334 0.6125 0.07833333333333334 0.28500000000000003
1 0.7466666666666667 0.62125 0.07333333333333333 0.2675
1 0.7983333333333333 0.55875 0.04 0.1475
1 0.9575 0.7212500000000001 0.085 0.4175
1 0.9891666666666667 0.5175 0.015000000000000001 0.095
1 0.9450000000000001 0.5 0.023333333333333334 0.095
