1 0.028 0.5565217391304348 0.056 0.32463768115942027
1 0.054 0.4681159420289855 0.088 0.3101449275362319
1 0.11800000000000001 0.43623188405797103 0.088 0.3159420289855073
1 0.134 0.30434782608695654 0.068 0.2492753623188406
1 0.10200000000000001 0.7652173913043478 0.116 0.41159420289855075
1 0.22 0.5652173913043478 0.1 0.3536231884057971
1 0.308 0.4072463768115942 0.07200000000000001 0.25217391304347825
1 0.86 0.7855072463768116 0.12 0.42318840579710143
1 0.8140000000000001 0.6536231884057971 0.128 0.45507246376811594
1 0.863 0.5492753623188406 0.10200000000000001 0.3681159420289855
1 0.8140000000000001 0.3884057971014493 0.068 0.23768115942028986
1 0.792 0.34347826086956523 0.068 0.24057971014492754
1 0.961 0.42318840579710143 0.078 0.32463768115942027
1 0.973 0.4681159420289855 0.054 0.3101449275362319
1 0.272 0.5550724637681159 0.1 0.20579710144927538
1 0.378 0.26956521739130435 0.08 0.14492753623188406
1 0.48 0.26231884057971017 0.064 0.11304347826086956
1 0.554 0.2608695652173913 0.064 0.0927536231884058
1 0.63 0.2768115942028986 0.056 0.11884057971014493
1 0.7010000000000001 0.2811594202898551 0.05 0.12753623188405797
