1 0.052662037037037035 0.5255681818181819 0.024305555555555552 0.08109504132231406
1 0.05922067901234568 0.5299586776859504 0.02199074074074074 0.07334710743801653
1 0.11940586419753085 0.5299586776859504 0.02507716049382716 0.08161157024793389
1 0.12654320987654322 0.5271177685950413 0.022376543209876542 0.0728305785123967
1 0.1583719135802469 0.5327995867768596 0.02507716049382716 0.08212809917355372
1 0.2814429012345679 0.5366735537190083 0.025848765432098762 0.08471074380165289
1 0.4976851851851852 0.6849173553719008 0.1905864197530864 0.6239669421487604
1 0.626736111111111 0.577995867768595 0.03973765432098765 0.13119834710743802
1 0.6003086419753086 0.3365185950413223 0.02546296296296296 0.08316115702479339
1 0.6203703703703703 0.5415805785123967 0.023919753086419752 0.08006198347107438
1 0.6720679012345678 0.549845041322314 0.030864197530864196 0.10175619834710745
1 0.6817129629629629 0.5513946280991736 0.03317901234567901 0.10795454545454546
1 0.6938657407407407 0.546745867768595 0.02970679012345679 0.09865702479338843
1 0.7077546296296295 0.5304752066115702 0.01427469135802469 0.04855371900826447
1 0.7291666666666666 0.5353822314049587 0.015432098765432098 0.05010330578512397
1 0.7390046296296295 0.5379648760330579 0.015817901234567902 0.052169421487603305
1 0.7463348765432098 0.5338326446280992 0.01427469135802469 0.04700413223140496
1 0.7883873456790123 0.7474173553719008 0.14776234567901234 0.4834710743801653
1 0.9367283950617283 0.6970557851239669 0.12654320987654322 0.43233471074380164
1 0.9579475308641975 0.6831095041322314 0.08410493827160494 0.41270661157024796
1 0.9562114197530863 0.7197830578512396 0.08757716049382716 0.5428719008264463
