1 0.05555555555555555 0.35421686746987957 0.0761904761904762 0.28433734939759037
1 0.18412698412698414 0.29156626506024097 0.05396825396825397 0.19759036144578315
1 0.23015873015873015 0.17710843373493979 0.02857142857142857 0.10843373493975905
1 0.2261904761904762 0.6361445783132531 0.14126984126984127 0.5301204819277109
1 0.34285714285714286 0.3975903614457832 0.08888888888888889 0.327710843373494
1 0.3531746031746032 0.29277108433734944 0.05238095238095238 0.1951807228915663
1 0.6166666666666667 0.46987951807228917 0.10317460317460317 0.3855421686746988
1 0.5563492063492064 0.3566265060240964 0.07777777777777778 0.28915662650602414
1 0.5142857142857142 0.27710843373493976 0.05396825396825397 0.2024096385542169
1 0.4746031746031746 0.25180722891566265 0.0380952380952381 0.14698795180722893
1 0.43174603174603177 0.17951807228915664 0.044444444444444446 0.16626506024096388
1 0.40555555555555556 0.1987951807228916 0.020634920634920634 0.0746987951807229
1 0.8365079365079365 0.3951807228915663 0.08571428571428572 0.31807228915662655
1 0.746031746031746 0.30481927710843376 0.05714285714285714 0.21445783132530122
1 0.6468253968253969 0.2493975903614458 0.03650793650793651 0.14216867469879518
1 0.6158730158730159 0.2385542168674699 0.0380952380952381 0.1493975903614458
1 0.7785714285714286 0.2 0.026984126984126985 0.10602409638554218
1 0.8777777777777778 0.15783132530120483 0.015873015873015872 0.06024096385542169
1 0.3476190476190476 0.1855421686746988 0.02857142857142857 0.03855421686746988
