1 0.0685 0.434 0.137 0.848
1 0.185 0.456 0.186 0.908
1 0.1795 0.405 0.165 0.806
1 0.277 0.335 0.132 0.642
1 0.34 0.357 0.108 0.526
1 0.398 0.356 0.11800000000000001 0.5760000000000001
1 0.4315 0.34 0.099 0.488
1 0.4665 0.338 0.109 0.532
1 0.465 0.431 0.076 0.37
1 0.524 0.358 0.088 0.432
1 0.5955 0.339 0.081 0.398
1 0.625 0.333 0.09 0.442
1 0.669 0.34500000000000003 0.10400000000000001 0.514
1 0.7075 0.336 0.117 0.5760000000000001
1 0.7775 0.331 0.121 0.594
1 0.902 0.355 0.14 0.686
1 0.8635 0.34500000000000003 0.139 0.678
1 0.7495 0.124 0.043000000000000003 0.096
1 0.845 0.059000000000000004 0.038 0.074
