1 0.5658333333333334 0.907035175879397 0.045000000000000005 0.1708542713567839
1 0.6866666666666668 0.8467336683417086 0.04 0.1457286432160804
1 0.7066666666666667 0.7374371859296482 0.03666666666666667 0.13819095477386936
1 0.6966666666666667 0.6758793969849246 0.030000000000000002 0.11055276381909548
1 0.7441666666666668 0.6067839195979899 0.025 0.09798994974874373
1 0.8075000000000001 0.5879396984924623 0.015000000000000001 0.06030150753768844
1 0.8200000000000001 0.5866834170854272 0.02 0.07788944723618091
1 0.8425 0.5251256281407035 0.015000000000000001 0.06030150753768844
1 0.8725 0.5841708542713568 0.021666666666666667 0.0829145728643216
1 0.8991666666666667 0.5716080402010051 0.018333333333333333 0.0678391959798995
1 0.8125 0.5125628140703518 0.015000000000000001 0.05527638190954774
1 0.9466666666666668 0.4937185929648241 0.013333333333333334 0.04773869346733668
1 0.9591666666666667 0.49246231155778897 0.011666666666666667 0.05025125628140704
1 0.9700000000000001 0.4798994974874372 0.01 0.035175879396984924
1 0.925 0.6017587939698492 0.02 0.07788944723618091
1 0.9475 0.6092964824120604 0.025 0.09296482412060302
1 0.9366666666666668 0.7160804020100503 0.030000000000000002 0.11557788944723618
1 0.9650000000000001 0.707286432160804 0.030000000000000002 0.10804020100502512
1 0.9633333333333334 0.842964824120603 0.05 0.18341708542713567
1 0.8741666666666668 0.7839195979899498 0.03166666666666667 0.12562814070351758
1 0.8466666666666667 0.7550251256281407 0.03666666666666667 0.13316582914572864
1 0.20916666666666667 0.7726130653266332 0.045000000000000005 0.16834170854271358
1 0.18333333333333335 0.6218592964824121 0.030000000000000002 0.10804020100502512
1 0.2041666666666667 0.8819095477386935 0.045000000000000005 0.06030150753768844
1 0.25916666666666666 0.7964824120603016 0.04166666666666667 0.06532663316582915
1 0.265 0.9095477386934674 0.05333333333333334 0.06532663316582915
1 0.22916666666666669 0.9560301507537688 0.045000000000000005 0.0678391959798995
1 0.17666666666666667 0.957286432160804 0.043333333333333335 0.06532663316582915
1 0.4241666666666667 0.7223618090452262 0.17833333333333334 0.44472361809045224
1 0.5625 0.6306532663316583 0.09833333333333334 0.32160804020100503
1 0.66 0.5917085427135679 0.09000000000000001 0.31909547738693467
