1 0.06875 0.6425 0.1375 0.5650000000000001
1 0.1875 0.5975 0.09375 0.385
1 0.2546875 0.595 0.065625 0.27
1 0.29531250000000003 0.5700000000000001 0.059375000000000004 0.24
1 0.3484375 0.5775 0.09062500000000001 0.365
1 0.4296875 0.62 0.184375 0.73
1 0.5515625000000001 0.605 0.096875 0.38
1 0.5109375 0.585 0.059375000000000004 0.25
1 0.64375 0.5750000000000001 0.0625 0.25
1 0.7296875 0.5875 0.084375 0.335
1 0.759375 0.63 0.13125 0.51
1 0.8515625 0.585 0.059375000000000004 0.24
1 0.915625 0.585 0.0625 0.26
1 0.9546875 0.6075 0.09062500000000001 0.355
1 0.8125 0.59 0.043750000000000004 0.18
