1 0.04057971014492753 0.42635658914728686 0.08115942028985507 0.3669250645994832
1 0.07173913043478261 0.4806201550387597 0.10579710144927536 0.46511627906976744
1 0.1427536231884058 0.5516795865633075 0.1289855072463768 0.5658914728682171
1 0.21739130434782608 0.4405684754521964 0.0782608695652174 0.3385012919896641
1 0.2768115942028986 0.4534883720930233 0.06666666666666667 0.29198966408268734
1 0.35579710144927534 0.5904392764857881 0.15797101449275364 0.6950904392764858
1 0.47753623188405797 0.5064599483204134 0.09710144927536232 0.4289405684754522
1 0.5195652173913043 0.3733850129198967 0.04492753623188406 0.20413436692506462
1 0.5442028985507247 0.6421188630490956 0.14347826086956522 0.6330749354005168
1 0.7130434782608696 0.6085271317829457 0.17681159420289855 0.7777777777777778
1 0.6202898550724638 0.3798449612403101 0.043478260869565216 0.19638242894056848
1 0.6456521739130435 0.39534883720930236 0.042028985507246375 0.18604651162790697
1 0.8159420289855073 0.5775193798449613 0.15072463768115943 0.6537467700258398
1 0.8739130434782609 0.4870801033591731 0.08985507246376812 0.39018087855297157
1 0.9369565217391305 0.5387596899224807 0.12608695652173912 0.9069767441860466
1 0.17753623188405798 0.29457364341085274 0.04492753623188406 0.07751937984496124
1 0.31521739130434784 0.289405684754522 0.042028985507246375 0.09302325581395349
1 0.44130434782608696 0.2958656330749354 0.0391304347826087 0.08010335917312662
1 0.5695652173913044 0.2648578811369509 0.028985507246376812 0.03359173126614987
1 0.5710144927536231 0.3087855297157623 0.026086956521739132 0.06459948320413438
1 0.6804347826086956 0.3165374677002584 0.030434782608695653 0.08527131782945736
1 0.9427536231884058 0.31007751937984496 0.03333333333333333 0.0516795865633075
