1 0.9671875000000001 0.6244131455399061 0.065625 0.25821596244131456
1 0.90390625 0.5974178403755869 0.0546875 0.20892018779342725
1 0.84140625 0.5551643192488263 0.0546875 0.20422535211267606
1 0.75390625 0.7312206572769954 0.0765625 0.2793427230046948
1 0.6734375 0.6514084507042254 0.065625 0.24647887323943662
1 0.61484375 0.755868544600939 0.0703125 0.26291079812206575
1 0.49296875 0.8004694835680751 0.0546875 0.20187793427230047
1 0.553125 0.6619718309859155 0.0625 0.2347417840375587
1 0.35390625000000003 0.7593896713615024 0.07968750000000001 0.2934272300469484
1 0.45546875000000003 0.676056338028169 0.0671875 0.24882629107981222
1 0.7914062500000001 0.5539906103286385 0.029687500000000002 0.11737089201877934
1 0.765625 0.5539906103286385 0.03125 0.12206572769953052
1 0.7367187500000001 0.5633802816901409 0.029687500000000002 0.107981220657277
1 0.7039062500000001 0.5657276995305165 0.026562500000000003 0.09859154929577466
1 0.55 0.4694835680751174 0.018750000000000003 0.07511737089201878
1 0.53828125 0.46830985915492956 0.0171875 0.06338028169014084
1 0.521875 0.4706572769953052 0.018750000000000003 0.06807511737089202
1 0.50546875 0.46830985915492956 0.0171875 0.06807511737089202
1 0.38359375 0.57981220657277 0.035937500000000004 0.13145539906103287
1 0.28828125 0.5903755868544601 0.0328125 0.12910798122065728
1 0.34453125 0.5316901408450704 0.0390625 0.06807511737089202
1 0.640625 0.5140845070422535 0.034375 0.06572769953051644
1 0.26875 0.5152582159624414 0.025 0.05868544600938967
1 0.31015625 0.5011737089201878 0.0328125 0.04460093896713615
1 0.39687500000000003 0.5199530516431925 0.021875000000000002 0.035211267605633804
1 0.49140625000000004 0.5363849765258216 0.026562500000000003 0.04929577464788733
1 0.7515625 0.4870892018779343 0.028125 0.035211267605633804
