1 0.030625 0.6181988742964353 0.03625 0.13696060037523453
1 0.315 0.5975609756097561 0.0325 0.11819887429643527
1 0.335 0.6069418386491557 0.0325 0.11819887429643527
1 0.401875 0.600375234521576 0.02625 0.10131332082551595
1 0.46625 0.5900562851782364 0.02 0.07692307692307693
1 0.533125 0.6060037523452158 0.02375 0.09380863039399624
1 0.5975 0.6050656660412758 0.0275 0.10318949343339587
1 0.71 0.6097560975609756 0.03 0.1125703564727955
1 0.7625000000000001 0.6116322701688556 0.03 0.10881801125703565
1 0.89375 0.6172607879924953 0.035 0.13133208255159476
1 0.96125 0.6228893058161351 0.0475 0.1726078799249531
1 0.968125 0.6191369606003753 0.03625 0.13133208255159476
1 0.78 0.5403377110694184 0.02 0.075046904315197
1 0.790625 0.5337711069418386 0.01875 0.07317073170731707
1 0.8225 0.5816135084427767 0.0225 0.08630393996247655
1 0.81 0.5853658536585366 0.0175 0.07129455909943715
1 0.859375 0.5872420262664165 0.01875 0.075046904315197
1 0.914375 0.5881801125703565 0.01625 0.06566604127579738
1 0.9237500000000001 0.5853658536585366 0.0175 0.07129455909943715
1 0.9393750000000001 0.5853658536585366 0.01875 0.075046904315197
1 0.3875 0.4324577861163227 0.015 0.058161350844277676
1 0.395 0.4324577861163227 0.015 0.054409005628517824
1 0.366875 0.42870544090056284 0.01375 0.054409005628517824
1 0.351875 0.4268292682926829 0.01625 0.06191369606003752
1 0.23750000000000002 0.425891181988743 0.015 0.0600375234521576
1 0.27375 0.4549718574108818 0.0225 0.08818011257035648
1 0.29125 0.4634146341463415 0.015 0.05628517823639775
1 0.225 0.524390243902439 0.0175 0.06566604127579738
1 0.2125 0.5853658536585366 0.0175 0.07129455909943715
1 0.211875 0.5159474671669794 0.01375 0.04878048780487805
1 0.20125 0.5075046904315197 0.02 0.07692307692307693
1 0.180625 0.5281425891181989 0.01875 0.06941838649155722
1 0.0625 0.49437148217636023 0.0125 0.05065666041275797
1 0.07875 0.50093808630394 0.015 0.0600375234521576
1 0.013125 0.5075046904315197 0.01375 0.054409005628517824
1 0.00875 0.5834896810506567 0.0175 0.07879924953095685
1 0.02 0.5928705440900562 0.025 0.09380863039399624
1 0.07875 0.5872420262664165 0.02 0.075046904315197
1 0.0925 0.5853658536585366 0.02 0.075046904315197
1 0.105 0.5863039399624765 0.0175 0.06941838649155722
1 0.123125 0.5834896810506567 0.02125 0.07879924953095685
1 0.13625 0.5816135084427767 0.0225 0.0825515947467167
1 0.145 0.5853658536585366 0.02 0.075046904315197
1 0.1375 0.5084427767354597 0.0125 0.04878048780487805
1 0.10375000000000001 0.5121951219512195 0.0125 0.052532833020637895
1 0.064375 0.5806754221388368 0.02125 0.08067542213883677
1 0.165625 0.5853658536585366 0.01875 0.0675422138836773
1 0.17250000000000001 0.5938086303939962 0.0125 0.05065666041275797
1 0.05625 0.5919324577861164 0.015 0.06191369606003752
1 0.026875 0.5046904315196998 0.01875 0.0675422138836773
1 0.52875 0.4155722326454034 0.015 0.058161350844277676
1 0.55875 0.42120075046904315 0.0075 0.03189493433395872
1 0.261875 0.4606003752345216 0.02125 0.08067542213883677
1 0.6218750000000001 0.4324577861163227 0.01375 0.054409005628517824
1 0.61375 0.4333958724202627 0.015 0.05628517823639775
1 0.72375 0.46622889305816134 0.02 0.07317073170731707
1 0.74375 0.42964352720450283 0.0175 0.0675422138836773
1 0.7025 0.46622889305816134 0.02 0.07317073170731707
1 0.77375 0.5337711069418386 0.02 0.07317073170731707
1 0.8075 0.49437148217636023 0.02 0.07692307692307693
1 0.84375 0.5834896810506567 0.02 0.07879924953095685
1 0.983125 0.5900562851782364 0.01875 0.07317073170731707
1 0.97375 0.5853658536585366 0.02 0.07879924953095685
1 0.131875 0.4812382739212008 0.01125 0.03564727954971857
1 0.11750000000000001 0.49906191369606 0.0175 0.04878048780487805
1 0.125 0.5328330206378987 0.01 0.01876172607879925
1 0.1125 0.5412757973733584 0.015 0.03564727954971857
1 0.09125 0.5347091932457786 0.0175 0.01876172607879925
1 0.0175 0.47654784240150094 0.0175 0.03377110694183865
1 0.001875 0.4727954971857411 0.00375 0.0300187617260788
1 0.08625000000000001 0.4727954971857411 0.0125 0.026266416510318948
1 0.145 0.47560975609756095 0.01 0.03564727954971857
1 0.15875 0.4803001876172608 0.0125 0.0450281425891182
1 0.160625 0.5150093808630394 0.01625 0.028142589118198873
1 0.161875 0.5375234521575984 0.01125 0.016885553470919325
1 0.153125 0.5422138836772983 0.01125 0.026266416510318948
1 0.049375 0.5919324577861164 0.01125 0.06191369606003752
1 0.181875 0.48405253283302063 0.01375 0.04127579737335835
1 0.180625 0.46153846153846156 0.01375 0.0300187617260788
1 0.19125 0.450281425891182 0.0175 0.03377110694183865
1 0.216875 0.4896810506566604 0.00625 0.01876172607879925
1 0.254375 0.5938086303939962 0.02375 0.06566604127579738
1 0.325625 0.5590994371482176 0.01375 0.04878048780487805
1 0.225625 0.4024390243902439 0.01125 0.03564727954971857
1 0.3025 0.4052532833020638 0.0125 0.0225140712945591
1 0.309375 0.4080675422138837 0.00625 0.013133208255159474
1 0.320625 0.4090056285178236 0.01125 0.03377110694183865
1 0.30875 0.43808630393996245 0.015 0.043151969981238276
1 0.328125 0.4427767354596623 0.01375 0.0375234521575985
1 0.341875 0.44090056285178236 0.01625 0.0375234521575985
1 0.335625 0.4080675422138837 0.01375 0.028142589118198873
1 0.34500000000000003 0.4080675422138837 0.01 0.03189493433395872
1 0.429375 0.42026266416510316 0.01375 0.04878048780487805
1 0.43062500000000004 0.4530956848030019 0.01625 0.024390243902439025
1 0.45125 0.4540337711069418 0.015 0.026266416510318948
1 0.455625 0.4399624765478424 0.01875 0.03189493433395872
1 0.47125 0.450281425891182 0.015 0.026266416510318948
1 0.49312500000000004 0.44840525328330205 0.01875 0.03377110694183865
1 0.49875 0.42213883677298314 0.0175 0.0450281425891182
1 0.51375 0.44840525328330205 0.01 0.0300187617260788
1 0.5231250000000001 0.4474671669793621 0.01375 0.024390243902439025
1 0.539375 0.44934333958724204 0.01375 0.03189493433395872
1 0.556875 0.4474671669793621 0.01375 0.028142589118198873
1 0.575625 0.44840525328330205 0.01375 0.0225140712945591
1 0.59375 0.45121951219512196 0.015 0.024390243902439025
1 0.581875 0.4549718574108818 0.01375 0.028142589118198873
1 0.57625 0.4174484052532833 0.015 0.043151969981238276
1 0.55375 0.42026266416510316 0.02 0.0375234521575985
1 0.254375 0.4071294559099437 0.00875 0.01876172607879925
1 0.260625 0.3977485928705441 0.00875 0.01876172607879925
1 0.2675 0.41181988742964354 0.0075 0.020637898686679174
1 0.473125 0.42213883677298314 0.01125 0.0375234521575985
1 0.605 0.45121951219512196 0.01 0.028142589118198873
1 0.6475 0.450281425891182 0.0125 0.0300187617260788
1 0.63875 0.4474671669793621 0.0175 0.03564727954971857
1 0.664375 0.4437148217636023 0.01625 0.043151969981238276
1 0.654375 0.4324577861163227 0.01125 0.024390243902439025
1 0.6825 0.4455909943714822 0.0125 0.03564727954971857
1 0.5975 0.4165103189493433 0.0175 0.04127579737335835
1 0.603125 0.41838649155722324 0.01125 0.04878048780487805
1 0.6125 0.41181988742964354 0.01 0.03564727954971857
1 0.638125 0.4174484052532833 0.01125 0.024390243902439025
1 0.646875 0.41838649155722324 0.00875 0.0225140712945591
1 0.67375 0.41275797373358347 0.0125 0.0225140712945591
1 0.7325 0.42026266416510316 0.015 0.0300187617260788
1 0.779375 0.4774859287054409 0.01625 0.03564727954971857
1 0.790625 0.474671669793621 0.01375 0.0300187617260788
1 0.940625 0.48874296435272047 0.01125 0.03189493433395872
1 0.936875 0.4699812382739212 0.01375 0.03189493433395872
1 0.925 0.46810506566604126 0.015 0.024390243902439025
1 0.92625 0.48592870544090055 0.0125 0.01876172607879925
1 0.923125 0.49906191369606 0.01125 0.0225140712945591
1 0.935 0.50093808630394 0.01 0.0225140712945591
1 0.90625 0.48686679174484054 0.0175 0.028142589118198873
1 0.906875 0.46716697936210133 0.01125 0.03377110694183865
1 0.886875 0.5140712945590994 0.01375 0.0225140712945591
1 0.869375 0.5187617260787992 0.01375 0.016885553470919325
1 0.875625 0.5384615384615384 0.01125 0.0225140712945591
1 0.904375 0.5337711069418386 0.00875 0.016885553470919325
1 0.906875 0.551594746716698 0.00875 0.01876172607879925
1 0.915 0.5178236397748592 0.0125 0.026266416510318948
1 0.981875 0.5206378986866792 0.01375 0.024390243902439025
1 0.8275 0.47373358348968103 0.01 0.03564727954971857
1 0.8725 0.47560975609756095 0.0125 0.028142589118198873
1 0.865625 0.48686679174484054 0.01125 0.028142589118198873
1 0.848125 0.5 0.01375 0.024390243902439025
1 0.833125 0.5046904315196998 0.01375 0.0300187617260788
1 0.846875 0.5215759849906192 0.01125 0.0225140712945591
1 0.8475 0.4474671669793621 0.0125 0.020637898686679174
1 0.851875 0.4793621013133208 0.00875 0.024390243902439025
1 0.854375 0.4652908067542214 0.00875 0.0150093808630394
1 0.823125 0.5065666041275797 0.00875 0.0225140712945591
