1 0.03333333333333333 0.4009708737864078 0.043478260869565216 0.14174757281553396
1 0.04057971014492753 0.4029126213592233 0.06086956521739131 0.19999999999999998
1 0.07898550724637682 0.3970873786407767 0.05652173913043478 0.18834951456310678
1 0.10434782608695653 0.4135922330097087 0.057971014492753624 0.1941747572815534
1 0.11884057971014493 0.4077669902912621 0.05507246376811594 0.1825242718446602
1 0.15144927536231884 0.4116504854368932 0.05652173913043478 0.18640776699029127
1 0.19202898550724637 0.4048543689320388 0.05652173913043478 0.18446601941747573
1 0.21014492753623187 0.4223300970873786 0.043478260869565216 0.14951456310679612
1 0.2427536231884058 0.42427184466019413 0.042028985507246375 0.14174757281553396
1 0.2753623188405797 0.4048543689320388 0.04927536231884058 0.16504854368932037
1 0.29492753623188406 0.4009708737864078 0.05652173913043478 0.18446601941747573
1 0.32028985507246377 0.40679611650485437 0.043478260869565216 0.14951456310679612
1 0.341304347826087 0.4087378640776699 0.04492753623188406 0.14563106796116504
1 0.36884057971014494 0.40679611650485437 0.042028985507246375 0.14174757281553396
1 0.38623188405797104 0.41650485436893203 0.0391304347826087 0.13398058252427184
1 0.3927536231884058 0.3970873786407767 0.043478260869565216 0.14174757281553396
1 0.4108695652173913 0.4048543689320388 0.0391304347826087 0.13398058252427184
1 0.42536231884057973 0.4009708737864078 0.036231884057971016 0.12233009708737863
1 0.43985507246376815 0.4058252427184466 0.0391304347826087 0.12815533980582525
1 0.45072463768115945 0.40970873786407763 0.04057971014492753 0.13980582524271845
1 0.463768115942029 0.4135922330097087 0.028985507246376812 0.10097087378640776
1 0.49782608695652175 0.4029126213592233 0.0391304347826087 0.13009708737864076
1 0.5123188405797101 0.4135922330097087 0.030434782608695653 0.10485436893203882
1 0.5340579710144927 0.4087378640776699 0.030434782608695653 0.1029126213592233
1 0.5449275362318841 0.40679611650485437 0.03188405797101449 0.10679611650485436
1 0.5760869565217391 0.40194174757281553 0.03333333333333333 0.11262135922330097
1 0.586231884057971 0.40970873786407763 0.03333333333333333 0.1087378640776699
1 0.6108695652173913 0.45242718446601937 0.07101449275362319 0.23689320388349513
1 0.6456521739130435 0.4009708737864078 0.03333333333333333 0.11067961165048543
1 0.6565217391304348 0.4087378640776699 0.026086956521739132 0.08737864077669903
1 0.6695652173913044 0.39126213592233006 0.03768115942028986 0.12233009708737863
1 0.6797101449275362 0.4087378640776699 0.026086956521739132 0.08349514563106795
1 0.7108695652173913 0.39514563106796113 0.030434782608695653 0.09902912621359222
1 0.722463768115942 0.39999999999999997 0.02753623188405797 0.0970873786407767
1 0.7420289855072464 0.4029126213592233 0.026086956521739132 0.0912621359223301
1 0.7673913043478261 0.3961165048543689 0.030434782608695653 0.10097087378640776
1 0.7543478260869565 0.3932038834951456 0.02753623188405797 0.09514563106796116
1 0.7797101449275362 0.3990291262135922 0.026086956521739132 0.0912621359223301
1 0.7942028985507247 0.39999999999999997 0.028985507246376812 0.10097087378640776
1 0.8057971014492754 0.39514563106796113 0.02318840579710145 0.07961165048543689
1 0.8217391304347826 0.39805825242718446 0.026086956521739132 0.08932038834951456
1 0.8376811594202899 0.39805825242718446 0.02318840579710145 0.08155339805825243
1 0.8485507246376812 0.3941747572815534 0.021739130434782608 0.07378640776699029
1 0.8666666666666667 0.3932038834951456 0.02318840579710145 0.07961165048543689
1 0.9173913043478261 0.3970873786407767 0.020289855072463767 0.06796116504854369
1 0.9927536231884058 0.39223300970873787 0.014492753623188406 0.06601941747572815
1 0.9876811594202899 0.3932038834951456 0.01884057971014493 0.06019417475728155
1 0.9760869565217392 0.39126213592233006 0.01884057971014493 0.06407766990291262
1 0.963768115942029 0.39126213592233006 0.017391304347826087 0.06407766990291262
1 0.9557971014492753 0.38543689320388347 0.021739130434782608 0.07184466019417475
1 0.9492753623188406 0.39126213592233006 0.017391304347826087 0.06407766990291262
1 0.9304347826086956 0.38932038834951455 0.020289855072463767 0.06796116504854369
1 0.22536231884057972 0.3349514563106796 0.004347826086956522 0.017475728155339806
1 0.23478260869565218 0.3359223300970874 0.002898550724637681 0.011650485436893204
1 0.24202898550724639 0.33689320388349514 0.002898550724637681 0.013592233009708738
1 0.16956521739130434 0.33106796116504855 0.005797101449275362 0.017475728155339806
1 0.17753623188405798 0.7077669902912621 0.35507246376811596 0.5728155339805825
1 0.01956521739130435 0.33300970873786406 0.03333333333333333 0.07961165048543689
1 0.14202898550724638 0.3398058252427184 0.02318840579710145 0.062135922330097085
1 0.27898550724637683 0.3174757281553398 0.02753623188405797 0.040776699029126215
1 0.3282608695652174 0.329126213592233 0.013043478260869566 0.033009708737864074
1 0.47246376811594204 0.34271844660194173 0.014492753623188406 0.040776699029126215
1 0.5195652173913043 0.3252427184466019 0.013043478260869566 0.033009708737864074
1 0.5297101449275362 0.34466019417475724 0.015942028985507246 0.02524271844660194
1 0.5702898550724638 0.34466019417475724 0.013043478260869566 0.029126213592233007
1 0.558695652173913 0.34563106796116505 0.013043478260869566 0.027184466019417475
1 0.5630434782608695 0.3932038834951456 0.01884057971014493 0.06796116504854369
1 0.5579710144927537 0.43592233009708736 0.026086956521739132 0.07184466019417475
1 0.6384057971014493 0.3466019417475728 0.02463768115942029 0.04466019417475728
1 0.21811594202898552 0.33106796116504855 0.004347826086956522 0.017475728155339806
1 0.16304347826086957 0.33300970873786406 0.004347826086956522 0.017475728155339806
1 0.2608695652173913 0.3320388349514563 0.005797101449275362 0.015533980582524271
1 0.48695652173913045 0.34563106796116505 0.008695652173913044 0.031067961165048542
1 0.4601449275362319 0.3349514563106796 0.013043478260869566 0.02524271844660194
1 0.4405797101449275 0.3485436893203883 0.008695652173913044 0.02524271844660194
1 0.6797101449275362 0.3466019417475728 0.008695652173913044 0.017475728155339806
1 0.6898550724637681 0.3466019417475728 0.011594202898550725 0.029126213592233007
1 0.6985507246376812 0.3504854368932039 0.011594202898550725 0.029126213592233007
1 0.7181159420289855 0.34563106796116505 0.010144927536231883 0.02330097087378641
1 0.7528985507246377 0.3436893203883495 0.007246376811594203 0.019417475728155338
1 0.7710144927536232 0.341747572815534 0.011594202898550725 0.011650485436893204
1 0.7666666666666667 0.34271844660194173 0.008695652173913044 0.021359223300970873
1 0.8115942028985508 0.3466019417475728 0.011594202898550725 0.017475728155339806
1 0.8507246376811595 0.35145631067961164 0.011594202898550725 0.02330097087378641
1 0.8898550724637682 0.3815533980582524 0.011594202898550725 0.021359223300970873
1 0.8971014492753623 0.39514563106796113 0.008695652173913044 0.029126213592233007
1 0.9014492753623189 0.36796116504854365 0.008695652173913044 0.033009708737864074
1 0.8840579710144928 0.3699029126213592 0.011594202898550725 0.02524271844660194
1 0.8855072463768116 0.35631067961165047 0.011594202898550725 0.017475728155339806
1 0.8920289855072464 0.358252427184466 0.007246376811594203 0.02524271844660194
1 0.9065217391304348 0.35145631067961164 0.010144927536231883 0.019417475728155338
1 0.9181159420289855 0.35339805825242715 0.010144927536231883 0.019417475728155338
1 0.9202898550724637 0.34951456310679613 0.008695652173913044 0.019417475728155338
1 0.927536231884058 0.3631067961165048 0.008695652173913044 0.027184466019417475
1 0.9405797101449276 0.35436893203883496 0.005797101449275362 0.013592233009708738
1 0.7927536231884058 0.34951456310679613 0.008695652173913044 0.02330097087378641
1 0.8876811594202899 0.9514563106796116 0.21304347826086956 0.08932038834951456
1 0.5811594202898551 0.5650485436893203 0.12173913043478261 0.058252427184466014
