1 0.28250000000000003 0.72875 0.025 0.0925
1 0.4008333333333334 0.7575000000000001 0.021666666666666667 0.085
1 0.42583333333333334 0.74875 0.04166666666666667 0.1525
1 0.43583333333333335 0.755 0.04166666666666667 0.15
1 0.04166666666666667 0.73 0.016666666666666666 0.06
1 0.009166666666666667 0.73375 0.015000000000000001 0.0575
1 0.5991666666666667 0.7212500000000001 0.025 0.0975
1 0.615 0.71375 0.030000000000000002 0.1075
1 0.6525000000000001 0.725 0.035 0.13
1 0.6733333333333333 0.71625 0.023333333333333334 0.0925
1 0.6950000000000001 0.71 0.030000000000000002 0.115
1 0.7208333333333333 0.73375 0.03833333333333334 0.1475
1 0.7425 0.71875 0.035 0.1275
1 0.7558333333333334 0.705 0.028333333333333335 0.105
1 0.7933333333333333 0.7125 0.03666666666666667 0.135
1 0.8216666666666668 0.70375 0.02666666666666667 0.0975
1 0.8383333333333334 0.6875 0.02 0.08
1 0.8683333333333334 0.6975 0.030000000000000002 0.11
1 0.7666666666666667 0.6825 0.016666666666666666 0.06
1 0.5066666666666667 0.685 0.006666666666666667 0.03
1 0.4991666666666667 0.685 0.008333333333333333 0.03
1 0.12083333333333333 0.8200000000000001 0.10500000000000001 0.35000000000000003
1 0.9291666666666667 0.8025 0.135 0.385
1 0.88 0.64875 0.013333333333333334 0.0325
1 0.5308333333333334 0.70375 0.025 0.0725
1 0.5366666666666667 0.68 0.01 0.025
1 0.5475 0.6775 0.008333333333333333 0.035
1 0.29750000000000004 0.6925 0.008333333333333333 0.035
1 0.39666666666666667 0.68625 0.01 0.0275
1 0.2066666666666667 0.7025 0.01 0.03
1 0.19583333333333336 0.705 0.008333333333333333 0.02
1 0.02666666666666667 0.70625 0.016666666666666666 0.0425
1 0.023333333333333334 0.74625 0.013333333333333334 0.0625
1 0.05 0.72875 0.006666666666666667 0.0475
