1 0.23600000000000002 0.7928571428571428 0.088 0.3857142857142857
1 0.301 0.7732142857142857 0.08600000000000001 0.375
1 0.896 0.7482142857142857 0.07200000000000001 0.325
1 0.873 0.7142857142857143 0.066 0.29285714285714287
1 0.851 0.6571428571428571 0.05 0.22857142857142856
1 0.787 0.7696428571428571 0.09 0.3964285714285714
1 0.723 0.7392857142857142 0.07 0.3071428571428571
1 0.746 0.7196428571428571 0.07200000000000001 0.3107142857142857
1 0.68 0.7089285714285714 0.064 0.28928571428571426
1 0.651 0.6553571428571429 0.03 0.1392857142857143
1 0.669 0.6571428571428571 0.042 0.18571428571428572
1 0.623 0.6375 0.026000000000000002 0.11071428571428571
1 0.605 0.6339285714285714 0.026000000000000002 0.11071428571428571
1 0.5730000000000001 0.6875 0.038 0.175
1 0.502 0.6785714285714286 0.036000000000000004 0.15714285714285714
1 0.49 0.65 0.028 0.1357142857142857
1 0.47300000000000003 0.65 0.03 0.12857142857142856
1 0.421 0.6607142857142857 0.038 0.17857142857142858
1 0.397 0.7017857142857142 0.05 0.21785714285714286
1 0.352 0.6892857142857143 0.056 0.25
1 0.34800000000000003 0.575 0.02 0.08571428571428572
1 0.197 0.7 0.042 0.19285714285714284
1 0.184 0.6767857142857142 0.036000000000000004 0.1607142857142857
1 0.166 0.6732142857142857 0.036000000000000004 0.16785714285714284
1 0.133 0.6553571428571429 0.034 0.15357142857142855
1 0.101 0.6714285714285714 0.042 0.18571428571428572
1 0.075 0.6946428571428571 0.042 0.19642857142857142
1 0.057 0.7214285714285714 0.074 0.3214285714285714
1 0.025 0.7660714285714285 0.05 0.3607142857142857
1 0.271 0.6517857142857143 0.026000000000000002 0.125
1 0.024 0.6553571428571429 0.024 0.1392857142857143
1 0.251 0.6339285714285714 0.022 0.125
1 0.259 0.6071428571428571 0.014 0.049999999999999996
1 0.447 0.6089285714285714 0.018000000000000002 0.060714285714285714
1 0.437 0.6714285714285714 0.022 0.12142857142857143
1 0.455 0.6785714285714286 0.022 0.11428571428571428
1 0.398 0.5875 0.008 0.04642857142857143
1 0.543 0.5946428571428571 0.014 0.05357142857142857
1 0.555 0.6 0.014 0.05714285714285714
1 0.589 0.6035714285714285 0.014 0.08571428571428572
1 0.5750000000000001 0.5892857142857143 0.014 0.02857142857142857
1 0.775 0.6214285714285714 0.022 0.09999999999999999
1 0.889 0.5535714285714286 0.03 0.05714285714285714
