1 0.028985507246376812 0.7805429864253395 0.03768115942028986 0.14932126696832582
1 0.0572463768115942 0.7828054298642535 0.042028985507246375 0.15837104072398192
1 0.24347826086956523 0.7556561085972852 0.02318840579710145 0.0904977375565611
1 0.29057971014492756 0.7907239819004526 0.0391304347826087 0.15158371040723984
1 0.3282608695652174 0.7420814479638009 0.02463768115942029 0.09502262443438915
1 0.3427536231884058 0.745475113122172 0.02463768115942029 0.09276018099547512
1 0.3615942028985507 0.7409502262443439 0.015942028985507246 0.06561085972850679
1 0.35144927536231885 0.7398190045248869 0.01884057971014493 0.07239819004524888
1 0.37318840579710144 0.7420814479638009 0.015942028985507246 0.06787330316742082
1 0.40144927536231884 0.7420814479638009 0.020289855072463767 0.07692307692307693
1 0.4217391304347826 0.7375565610859729 0.020289855072463767 0.08597285067873305
1 0.4449275362318841 0.7963800904977376 0.06086956521739131 0.23076923076923078
1 0.4717391304347826 0.7941176470588236 0.04492753623188406 0.17647058823529413
1 0.4971014492753623 0.7567873303167422 0.026086956521739132 0.10180995475113123
1 0.5260869565217391 0.7500000000000001 0.026086956521739132 0.10180995475113123
1 0.5485507246376812 0.7680995475113123 0.03333333333333333 0.12895927601809956
1 0.5673913043478261 0.7726244343891403 0.036231884057971016 0.13800904977375567
1 0.8391304347826087 0.7726244343891403 0.043478260869565216 0.1742081447963801
1 0.5927536231884059 0.7398190045248869 0.008695652173913044 0.04072398190045249
1 0.3920289855072464 0.7183257918552037 0.013043478260869566 0.047511312217194575
1 0.41159420289855075 0.7183257918552037 0.008695652173913044 0.029411764705882356
1 0.5123188405797101 0.7171945701357467 0.013043478260869566 0.05429864253393665
