1 0.027 0.6756756756756757 0.054 0.22822822822822822
1 0.077 0.6756756756756757 0.066 0.24024024024024024
1 0.122 0.6726726726726726 0.064 0.23423423423423423
1 0.179 0.6681681681681682 0.062 0.23123123123123124
1 0.217 0.6696696696696697 0.062 0.22822822822822822
1 0.297 0.6591591591591591 0.066 0.24324324324324323
1 0.259 0.6591591591591591 0.114 0.42342342342342343
1 0.36 0.6516516516516516 0.088 0.32432432432432434
1 0.425 0.6426426426426426 0.158 0.5765765765765766
1 0.749 0.6516516516516516 0.13 0.4744744744744745
1 0.678 0.6471471471471472 0.116 0.42342342342342343
1 0.623 0.6426426426426426 0.098 0.3663663663663664
1 0.833 0.6501501501501501 0.11800000000000001 0.43543543543543545
1 0.903 0.6426426426426426 0.03 0.12012012012012012
1 0.156 0.6606606606606606 0.048 0.18618618618618618
1 0.633 0.6126126126126126 0.198 0.17417417417417416
1 0.424 0.6936936936936937 0.124 0.43243243243243246
1 0.516 0.6126126126126126 0.02 0.036036036036036036
1 0.538 0.6111111111111112 0.02 0.04504504504504504
1 0.542 0.6036036036036035 0.016 0.03003003003003003
1 0.511 0.5795795795795796 0.018000000000000002 0.03003003003003003
1 0.201 0.5855855855855856 0.018000000000000002 0.024024024024024024
1 0.978 0.581081081081081 0.012 0.02102102102102102
1 0.988 0.6021021021021021 0.008 0.015015015015015015
1 0.995 0.6186186186186187 0.006 0.024024024024024024
1 0.994 0.5900900900900901 0.008 0.03903903903903904
1 0.9520000000000001 0.6096096096096096 0.012 0.04204204204204204
1 0.969 0.6006006006006006 0.01 0.03003003003003003
1 0.98 0.6186186186186187 0.008 0.024024024024024024
1 0.931 0.6066066066066066 0.022 0.04204204204204204
1 0.9400000000000001 0.6006006006006006 0.008 0.018018018018018018
1 0.936 0.5885885885885885 0.016 0.03003003003003003
1 0.643 0.6111111111111112 0.014 0.03303303303303303
1 0.63 0.5990990990990991 0.012 0.02702702702702703
1 0.272 0.6021021021021021 0.016 0.057057057057057055
1 0.356 0.7327327327327328 0.064 0.15615615615615616
1 0.504 0.6141141141141141 0.012 0.03903903903903904
