1 0.0811623246492986 0.6639072847682119 0.06212424849699398 0.26158940397350994
1 0.0250501002004008 0.5380794701986755 0.026052104208416832 0.11589403973509933
1 0.10521042084168336 0.5562913907284768 0.026052104208416832 0.11258278145695365
1 0.3006012024048096 0.7218543046357616 0.10420841683366733 0.4304635761589404
1 0.2685370741482966 0.640728476821192 0.09218436873747494 0.3741721854304636
1 0.17635270541082163 0.5480132450331126 0.024048096192384766 0.10927152317880795
1 0.16132264529058116 0.5447019867549668 0.026052104208416832 0.10264900662251655
1 0.1442885771543086 0.5579470198675497 0.028056112224448895 0.12251655629139073
1 0.21142284569138275 0.5397350993377483 0.022044088176352703 0.09271523178807947
1 0.19839679358717432 0.543046357615894 0.024048096192384766 0.10596026490066225
1 0.374749498997996 0.5463576158940397 0.03206412825651302 0.13245033112582782
1 0.5250501002004008 0.7632450331125827 0.10821643286573146 0.4470198675496689
1 0.5891783567134268 0.6870860927152318 0.09218436873747494 0.38079470198675497
1 0.6993987975951903 0.5827814569536424 0.04809619238476953 0.2052980132450331
1 0.7795591182364728 0.6043046357615894 0.06813627254509018 0.27483443708609273
1 0.8336673346693386 0.7615894039735099 0.11222444889779558 0.45695364238410596
1 0.9509018036072143 0.6556291390728477 0.08617234468937875 0.3443708609271523
1 0.6292585170340681 0.554635761589404 0.04008016032064128 0.16225165562913907
1 0.6523046092184368 0.5579470198675497 0.04208416833667334 0.16887417218543047
1 0.7474949899799599 0.5248344370860927 0.04008016032064128 0.16887417218543047
1 0.7254509018036072 0.5264900662251656 0.03607214428857715 0.152317880794702
1 0.503006012024048 0.5562913907284768 0.13627254509018036 0.1456953642384106
