1 0.29453125 0.572 0.20468750000000002 0.856
1 0.484375 0.5573333333333333 0.21250000000000002 0.8853333333333333
1 0.7765625 0.5626666666666666 0.19375 0.8053333333333333
1 0.5671875000000001 0.2906666666666667 0.053125000000000006 0.22933333333333333
1 0.6742187500000001 0.2853333333333333 0.0546875 0.22933333333333333
1 0.6585937500000001 0.30266666666666664 0.0578125 0.248
1 0.6453125000000001 0.30266666666666664 0.053125000000000006 0.22666666666666666
1 0.3328125 0.26 0.037500000000000006 0.15733333333333333
1 0.21328125 0.27199999999999996 0.045312500000000006 0.18666666666666665
1 0.19375 0.26 0.040625 0.16799999999999998
1 0.1421875 0.26266666666666666 0.040625 0.17866666666666667
1 0.11875000000000001 0.27199999999999996 0.043750000000000004 0.18133333333333332
1 0.078125 0.26266666666666666 0.043750000000000004 0.184
1 0.6156250000000001 0.23866666666666667 0.03125 0.13066666666666665
1 0.15234375 0.24533333333333332 0.0390625 0.16533333333333333
1 0.171875 0.25466666666666665 0.034375 0.152
1 0.546875 0.20133333333333334 0.021875000000000002 0.06666666666666667
