1 0.9241666666666667 0.585 0.06166666666666667 0.225
1 0.5908333333333333 0.5825 0.10833333333333334 0.405
1 0.4783333333333334 0.5962500000000001 0.08333333333333334 0.3025
1 0.3983333333333334 0.57625 0.08333333333333334 0.3125
1 0.33416666666666667 0.57625 0.06833333333333334 0.2575
1 0.275 0.56125 0.06333333333333334 0.23750000000000002
1 0.18583333333333335 0.55625 0.06166666666666667 0.2325
1 0.11166666666666668 0.62125 0.07666666666666667 0.28250000000000003
1 0.04 0.61375 0.06333333333333334 0.23750000000000002
1 0.018333333333333333 0.59 0.03666666666666667 0.165
1 0.08 0.60375 0.05666666666666667 0.20750000000000002
1 0.14 0.585 0.03666666666666667 0.14
1 0.13166666666666668 0.58625 0.04 0.1525
1 0.3191666666666667 0.55625 0.025 0.0925
1 0.545 0.5475 0.03666666666666667 0.135
1 0.62 0.5275 0.02 0.075
1 0.4291666666666667 0.5337500000000001 0.015000000000000001 0.0525
1 0.7075 0.55875 0.07500000000000001 0.28250000000000003
1 0.9425000000000001 0.495 0.011666666666666667 0.05
1 0.5641666666666667 0.5337500000000001 0.018333333333333333 0.0675
1 0.0625 0.5275 0.021666666666666667 0.03
1 0.09583333333333334 0.51375 0.015000000000000001 0.0275
1 0.4441666666666667 0.51625 0.011666666666666667 0.0475
