1 0.9585 0.6463963963963963 0.083 0.4099099099099099
1 0.9430000000000001 0.6554054054054054 0.092 0.3408408408408408
1 0.917 0.6403903903903904 0.088 0.3258258258258258
1 0.8775000000000001 0.6456456456456456 0.073 0.26726726726726724
1 0.8625 0.6351351351351351 0.073 0.2702702702702703
1 0.842 0.6396396396396397 0.06 0.22522522522522523
1 0.8220000000000001 0.6306306306306306 0.056 0.2042042042042042
1 0.798 0.6216216216216216 0.052000000000000005 0.1891891891891892
1 0.784 0.6238738738738738 0.04 0.15165165165165165
1 0.7705 0.6231231231231231 0.035 0.13213213213213212
1 0.757 0.6201201201201201 0.036000000000000004 0.13213213213213212
1 0.7485 0.6186186186186187 0.033 0.12612612612612611
1 0.0765 0.8198198198198198 0.097 0.35435435435435436
1 0.0305 0.7927927927927928 0.061 0.34534534534534533
1 0.12 0.8108108108108109 0.088 0.32432432432432434
1 0.17250000000000001 0.7912912912912913 0.091 0.3333333333333333
1 0.2175 0.7575075075075075 0.07100000000000001 0.26576576576576577
1 0.23900000000000002 0.7635135135135135 0.06 0.22372372372372373
1 0.273 0.7462462462462462 0.064 0.23723723723723725
1 0.2955 0.7364864864864865 0.059000000000000004 0.22072072072072071
1 0.3215 0.7207207207207207 0.057 0.2132132132132132
1 0.3435 0.7222222222222222 0.051000000000000004 0.1891891891891892
1 0.388 0.7102102102102102 0.03 0.11411411411411411
1 0.3995 0.725975975975976 0.025 0.0915915915915916
1 0.4405 0.6681681681681682 0.033 0.12012012012012012
1 0.4585 0.6621621621621622 0.027 0.1021021021021021
1 0.4825 0.6711711711711712 0.029 0.10510510510510511
1 0.495 0.6584084084084084 0.032 0.11861861861861862
1 0.357 0.771021021021021 0.032 0.08258258258258258
1 0.3715 0.7605105105105106 0.023 0.052552552552552555
1 0.3655 0.7117117117117117 0.031 0.04204204204204204
1 0.402 0.6651651651651651 0.016 0.03903903903903904
1 0.40950000000000003 0.7515015015015015 0.029 0.07057057057057058
1 0.448 0.734984984984985 0.056 0.08258258258258258
1 0.4665 0.7169669669669669 0.033 0.07057057057057058
1 0.368 0.6651651651651651 0.026000000000000002 0.07807807807807808
1 0.381 0.6418918918918919 0.022 0.04054054054054054
1 0.2925 0.6178678678678678 0.017 0.046546546546546545
1 0.5155 0.6779279279279279 0.027 0.05555555555555555
1 0.5315 0.7057057057057057 0.031 0.06306306306306306
1 0.539 0.6779279279279279 0.016 0.04054054054054054
1 0.5545 0.6966966966966966 0.027 0.07507507507507508
