1 0.279 0.5854092526690391 0.186 0.8078291814946619
1 0.434 0.5836298932384342 0.188 0.8256227758007118
1 0.561 0.5729537366548042 0.194 0.8398576512455516
1 0.733 0.5658362989323843 0.194 0.8540925266903914
1 0.9570000000000001 0.5960854092526691 0.08600000000000001 0.6654804270462633
1 0.961 0.4822064056939502 0.078 0.42348754448398573
1 0.893 0.40213523131672596 0.054 0.24199288256227758
1 0.838 0.400355871886121 0.052000000000000005 0.2384341637010676
1 0.075 0.39679715302491103 0.042 0.18149466192170818
1 0.053 0.3736654804270462 0.03 0.12811387900355872
1 0.036000000000000004 0.37722419928825623 0.028 0.13523131672597863
1 0.20800000000000002 0.36298932384341637 0.024 0.11387900355871886
1 0.322 0.3879003558718861 0.036000000000000004 0.16370106761565836
1 0.343 0.3701067615658363 0.03 0.13523131672597863
1 0.86 0.3665480427046263 0.028 0.12099644128113879
1 0.887 0.3879003558718861 0.046 0.199288256227758
1 0.913 0.3807829181494662 0.034 0.15658362989323843
1 0.93 0.40391459074733094 0.032 0.1387900355871886
1 0.9480000000000001 0.3861209964412811 0.032 0.14590747330960854
1 0.607 0.3309608540925267 0.022 0.07117437722419928
1 0.635 0.32562277580071175 0.03 0.07473309608540925
1 0.635 0.30782918149466193 0.01 0.03202846975088968
1 0.622 0.32562277580071175 0.012 0.02491103202846975
1 0.661 0.3309608540925267 0.022 0.07117437722419928
1 0.675 0.3291814946619217 0.018000000000000002 0.06761565836298931
1 0.76 0.3096085409252669 0.028 0.08540925266903915
1 0.75 0.30782918149466193 0.008 0.03914590747330961
1 0.8280000000000001 0.3185053380782918 0.012 0.03914590747330961
1 0.804 0.2580071174377224 0.008 0.01779359430604982
1 0.811 0.25622775800711745 0.01 0.021352313167259787
1 0.869 0.32028469750889677 0.01 0.028469750889679714
