1 0.092 0.31006006006006004 0.184 0.3768768768768769
1 0.171 0.3160660660660661 0.182 0.33483483483483484
1 0.40700000000000003 0.36261261261261263 0.186 0.3408408408408408
1 0.28300000000000003 0.3018018018018018 0.11 0.2012012012012012
1 0.362 0.3183183183183183 0.148 0.2702702702702703
1 0.725 0.39264264264264265 0.106 0.19369369369369369
1 0.672 0.3731231231231231 0.1 0.18468468468468469
1 0.613 0.3641141141141141 0.094 0.17567567567567569
1 0.811 0.4114114114114114 0.098 0.1831831831831832
1 0.895 0.42567567567567566 0.11800000000000001 0.21771771771771772
1 0.865 0.41066066066066065 0.106 0.1966966966966967
1 0.789 0.38288288288288286 0.082 0.15315315315315314
1 0.578 0.3205705705705706 0.064 0.12162162162162161
1 0.532 0.3228228228228228 0.088 0.16516516516516516
1 0.911 0.6013513513513513 0.178 0.46996996996997
1 0.018000000000000002 0.11261261261261261 0.028 0.04504504504504504
1 0.032 0.14864864864864866 0.028 0.04804804804804805
1 0.062 0.14864864864864866 0.07200000000000001 0.12312312312312312
1 0.018000000000000002 0.13288288288288289 0.036000000000000004 0.16066066066066065
1 0.153 0.18543543543543545 0.03 0.04054054054054054
1 0.223 0.20345345345345345 0.022 0.04354354354354354
1 0.245 0.21021021021021022 0.022 0.036036036036036036
1 0.248 0.1996996996996997 0.052000000000000005 0.11711711711711711
1 0.48 0.27402402402402404 0.064 0.0915915915915916
1 0.987 0.35135135135135137 0.022 0.02702702702702703
1 0.613 0.28603603603603606 0.034 0.03153153153153153
1 0.8190000000000001 0.32957957957957956 0.078 0.05555555555555555
