1 0.436 0.5060240963855422 0.052000000000000005 0.19879518072289157
1 0.503 0.46837349397590367 0.034 0.12349397590361447
1 0.539 0.49698795180722893 0.058 0.22289156626506026
1 0.647 0.4728915662650603 0.03 0.10843373493975904
1 0.62 0.45030120481927716 0.016 0.06927710843373494
1 0.6940000000000001 0.4487951807228916 0.016 0.06626506024096386
1 0.715 0.45030120481927716 0.018000000000000002 0.06325301204819278
1 0.728 0.4548192771084338 0.02 0.08433734939759037
1 0.807 0.4593373493975904 0.018000000000000002 0.07530120481927711
1 0.834 0.45783132530120485 0.02 0.0783132530120482
1 0.888 0.4774096385542169 0.024 0.09939759036144578
1 0.969 0.46987951807228917 0.022 0.0783132530120482
1 0.402 0.4533132530120482 0.032 0.11746987951807229
1 0.368 0.4563253012048193 0.032 0.11746987951807229
1 0.355 0.4623493975903615 0.03 0.11144578313253013
1 0.382 0.4533132530120482 0.032 0.11746987951807229
1 0.31 0.45783132530120485 0.036000000000000004 0.13253012048192772
1 0.337 0.4668674698795181 0.03 0.11445783132530121
1 0.268 0.4593373493975904 0.036000000000000004 0.12951807228915663
1 0.243 0.45783132530120485 0.03 0.12048192771084337
1 0.198 0.46837349397590367 0.036000000000000004 0.13554216867469882
1 0.226 0.39759036144578314 0.028 0.10843373493975904
1 0.148 0.45180722891566266 0.04 0.1566265060240964
1 0.04 0.4623493975903615 0.044 0.16566265060240964
1 0.015 0.4623493975903615 0.03 0.15963855421686748
1 0.126 0.4246987951807229 0.04 0.14457831325301207
1 0.14300000000000002 0.25150602409638556 0.026000000000000002 0.09337349397590362
1 0.084 0.34487951807228917 0.024 0.09337349397590362
1 0.12 0.34487951807228917 0.024 0.09337349397590362
1 0.155 0.355421686746988 0.026000000000000002 0.10240963855421688
1 0.073 0.40813253012048195 0.034 0.09939759036144578
1 0.094 0.4036144578313253 0.028 0.0963855421686747
1 0.111 0.3795180722891566 0.01 0.042168674698795185
1 0.016 0.38253012048192775 0.032 0.05421686746987952
