1 0.07670454545454546 0.6055045871559633 0.03977272727272727 0.15902140672782875
1 0.2878787878787879 0.6284403669724771 0.05681818181818182 0.22935779816513763
1 0.3475378787878788 0.5749235474006116 0.02462121212121212 0.09785932721712538
1 0.32954545454545453 0.5779816513761468 0.022727272727272728 0.09785932721712538
1 0.32007575757575757 0.5764525993883792 0.022727272727272728 0.08868501529051988
1 0.40151515151515155 0.6269113149847095 0.045454545454545456 0.1834862385321101
1 0.46212121212121215 0.6100917431192661 0.04166666666666667 0.1620795107033639
1 0.4943181818181818 0.636085626911315 0.05681818181818182 0.2324159021406728
1 0.5558712121212122 0.6223241590214067 0.04734848484848485 0.18654434250764526
1 0.5369318181818182 0.591743119266055 0.02462121212121212 0.10091743119266056
1 0.5767045454545455 0.5932721712538226 0.02462121212121212 0.09785932721712538
1 0.6941287878787878 0.6024464831804281 0.03598484848484849 0.1529051987767584
1 0.16193181818181818 0.5428134556574924 0.013257575757575758 0.05198776758409786
1 0.4431818181818182 0.5795107033639144 0.01893939393939394 0.0764525993883792
1 0.42045454545454547 0.5779816513761468 0.01893939393939394 0.07339449541284404
1 0.5994318181818182 0.5611620795107034 0.013257575757575758 0.05198776758409786
1 0.9810606060606061 0.6269113149847095 0.03787878787878788 0.1529051987767584
