1 0.045625 0.711 0.09125 0.378
1 0.114375 0.719 0.09625 0.378
1 0.185 0.716 0.0825 0.328
1 0.2425 0.6930000000000001 0.0775 0.306
1 0.295 0.6890000000000001 0.07 0.274
1 0.330625 0.6950000000000001 0.06125 0.23800000000000002
1 0.373125 0.677 0.05625 0.218
1 0.44125000000000003 0.7020000000000001 0.0675 0.264
1 0.463125 0.6920000000000001 0.06125 0.244
1 0.478125 0.686 0.06125 0.244
1 0.503125 0.677 0.05375 0.21
1 0.5700000000000001 0.72 0.0925 0.36
1 0.7125 0.647 0.03 0.122
1 0.775 0.715 0.09 0.35000000000000003
1 0.935625 0.721 0.08125 0.322
1 0.918125 0.71 0.07375 0.28800000000000003
1 0.98375 0.6890000000000001 0.0325 0.222
1 0.9762500000000001 0.68 0.0475 0.212
1 0.315 0.419 0.0175 0.074
1 0.895 0.393 0.0225 0.08600000000000001
1 0.936875 0.397 0.02375 0.094
1 0.901875 0.7030000000000001 0.06875 0.274
1 0.8825000000000001 0.6930000000000001 0.06 0.23800000000000002
1 0.595 0.5660000000000001 0.02 0.052000000000000005
1 0.506875 0.534 0.01625 0.016
1 0.524375 0.529 0.01875 0.018000000000000002
1 0.544375 0.534 0.01875 0.02
1 0.5650000000000001 0.53 0.02 0.02
1 0.614375 0.532 0.01875 0.02
1 0.63125 0.532 0.015 0.02
1 0.67625 0.577 0.02 0.034
1 0.70875 0.577 0.0175 0.026000000000000002
1 0.76125 0.579 0.0275 0.038
1 0.4825 0.47000000000000003 0.0275 0.108
1 0.4325 0.466 0.03 0.132
