1 0.21166666666666667 0.6892230576441103 0.16333333333333333 0.606516290726817
1 0.4791666666666667 0.6553884711779449 0.14166666666666666 0.5238095238095237
1 0.05166666666666667 0.5012531328320802 0.07 0.2656641604010025
1 0.27 0.47869674185463656 0.04666666666666667 0.17543859649122806
1 0.24833333333333335 0.5363408521303258 0.060000000000000005 0.22055137844611528
1 0.34 0.5225563909774436 0.08333333333333334 0.3032581453634085
1 0.36333333333333334 0.5025062656641603 0.06666666666666667 0.24812030075187969
1 0.4116666666666667 0.46365914786967416 0.03333333333333333 0.12030075187969924
1 0.5366666666666667 0.46741854636591473 0.030000000000000002 0.11779448621553884
1 0.5216666666666667 0.4548872180451128 0.02666666666666667 0.09774436090225563
1 0.555 0.46115288220551376 0.02666666666666667 0.10526315789473684
1 0.5916666666666667 0.46365914786967416 0.030000000000000002 0.11027568922305764
1 0.6316666666666667 0.6040100250626566 0.10666666666666667 0.39097744360902253
1 0.6525000000000001 0.46741854636591473 0.045000000000000005 0.16290726817042606
1 0.6958333333333334 0.5150375939849624 0.07500000000000001 0.2731829573934837
1 0.7508333333333334 0.5864661654135338 0.095 0.3558897243107769
1 0.785 0.5551378446115288 0.08666666666666667 0.3182957393483709
1 0.8466666666666667 0.5338345864661653 0.07 0.2606516290726817
1 0.8983333333333334 0.5225563909774436 0.060000000000000005 0.22807017543859648
1 0.9408333333333334 0.5087719298245614 0.055 0.20551378446115287
1 0.9700000000000001 0.5037593984962405 0.04666666666666667 0.18045112781954886
1 0.17500000000000002 0.3771929824561403 0.05333333333333334 0.07268170426065163
1 0.7208333333333333 0.42105263157894735 0.035 0.07017543859649122
1 0.7658333333333334 0.38471177944862156 0.021666666666666667 0.042606516290726815
1 0.8333333333333334 0.4273182957393483 0.03333333333333333 0.08771929824561403
