1 0.14140625 0.6252983293556086 0.11093750000000001 0.4200477326968974
1 0.215625 0.616945107398568 0.096875 0.36038186157517904
1 0.06171875 0.5405727923627686 0.06406250000000001 0.24105011933174225
1 0.31328125 0.6431980906921241 0.1171875 0.43675417661097854
1 0.42031250000000003 0.5990453460620525 0.1 0.37708830548926014
1 0.49609375 0.5739856801909308 0.08281250000000001 0.3126491646778043
1 0.5375 0.6145584725536993 0.10625000000000001 0.39856801909307876
1 0.60703125 0.7052505966587113 0.15156250000000002 0.5656324582338902
1 0.7640625000000001 0.6778042959427208 0.140625 0.5298329355608592
1 0.8015625000000001 0.60381861575179 0.109375 0.4152744630071599
1 0.9070312500000001 0.6587112171837709 0.1421875 0.5346062052505967
1 0.6882812500000001 0.5178997613365155 0.051562500000000004 0.20047732696897375
1 0.2734375 0.5632458233890215 0.08125 0.30071599045346065
1 0.38203125000000004 0.48448687350835323 0.0328125 0.1288782816229117
