1 0.051000000000000004 0.5465465465465466 0.10200000000000001 0.43243243243243246
1 0.156 0.6321321321321322 0.14400000000000002 0.5315315315315315
1 0.126 0.4159159159159159 0.064 0.24324324324324323
1 0.083 0.4039039039039039 0.062 0.23123123123123124
1 0.201 0.45795795795795796 0.08600000000000001 0.3153153153153153
1 0.303 0.7132132132132132 0.154 0.5615615615615616
1 0.377 0.4114114114114114 0.058 0.21021021021021022
1 0.42 0.575075075075075 0.116 0.43543543543543545
1 0.5 0.4099099099099099 0.048 0.1831831831831832
1 0.5650000000000001 0.5540540540540541 0.094 0.34534534534534533
1 0.592 0.6891891891891891 0.14400000000000002 0.5255255255255256
1 0.6960000000000001 0.466966966966967 0.06 0.22522522522522523
1 0.669 0.42792792792792794 0.042 0.16516516516516516
1 0.737 0.6276276276276276 0.126 0.4624624624624625
1 0.856 0.575075075075075 0.1 0.36936936936936937
1 0.908 0.487987987987988 0.06 0.21921921921921922
1 0.966 0.5345345345345345 0.068 0.2882882882882883
1 0.84 0.487987987987988 0.07200000000000001 0.26126126126126126
1 0.786 0.4624624624624625 0.056 0.2042042042042042
1 0.734 0.4024024024024024 0.036000000000000004 0.13813813813813813
1 0.93 0.4339339339339339 0.044 0.15915915915915915
1 0.247 0.42042042042042044 0.058 0.21621621621621623
1 0.769 0.3738738738738739 0.022 0.06306306306306306
1 0.8250000000000001 0.35735735735735735 0.018000000000000002 0.05405405405405406
1 0.881 0.3768768768768769 0.03 0.05105105105105105
1 0.297 0.38288288288288286 0.05 0.10510510510510511
