1 0.034375 0.24053452115812918 0.06875 0.3429844097995545
1 0.088125 0.14476614699331847 0.04625 0.20044543429844097
1 0.15375 0.24721603563474387 0.075 0.32516703786191536
1 0.19625 0.20267260579064586 0.08 0.34743875278396436
1 0.1225 0.14253897550111358 0.0325 0.14699331848552338
1 0.281875 0.19042316258351893 0.07625 0.33630289532293983
1 0.31125 0.17483296213808464 0.0625 0.27839643652561247
1 0.339375 0.19376391982182628 0.07625 0.33407572383073497
1 0.368125 0.14810690423162584 0.04625 0.20712694877505566
1 0.443125 0.21714922048997773 0.043750000000000004 0.19376391982182628
1 0.41500000000000004 0.09131403118040089 0.0375 0.16926503340757237
1 0.46187500000000004 0.16481069042316257 0.06625 0.29398663697104677
1 0.5075000000000001 0.19376391982182628 0.0525 0.22717149220489977
1 0.484375 0.15701559020044542 0.05375 0.23385300668151446
1 0.52125 0.1358574610244989 0.055 0.24498886414253895
1 0.543125 0.18040089086859687 0.07375 0.32516703786191536
1 0.56375 0.19821826280623608 0.075 0.32516703786191536
1 0.9450000000000001 0.1514476614699332 0.0675 0.29398663697104677
1 0.633125 0.49665924276169265 0.22625 0.9888641425389755
1 0.8512500000000001 0.5011135857461024 0.23 0.997772828507795
1 0.738125 0.14253897550111358 0.058750000000000004 0.26280623608017817
1 0.5875 0.034521158129175944 0.025 0.05567928730512249
1 0.42625 0.11469933184855233 0.0175 0.06904231625835189
