1 0.46900000000000003 0.5864661654135338 0.11 0.3458646616541353
1 0.915 0.6190476190476191 0.078 0.24060150375939848
1 0.963 0.600250626566416 0.074 0.2882205513784461
1 0.861 0.6077694235588972 0.09 0.2731829573934837
1 0.786 0.6365914786967418 0.068 0.21052631578947367
1 0.753 0.6215538847117794 0.074 0.23558897243107768
1 0.7000000000000001 0.6203007518796992 0.084 0.2581453634085213
1 0.63 0.631578947368421 0.07200000000000001 0.22556390977443608
1 0.591 0.6340852130325814 0.074 0.23558897243107768
1 0.311 0.6516290726817042 0.066 0.20551378446115287
1 0.267 0.6541353383458646 0.07 0.21553884711779447
1 0.223 0.6491228070175439 0.074 0.22556390977443608
1 0.151 0.650375939849624 0.074 0.23308270676691728
1 0.088 0.6491228070175439 0.076 0.23558897243107768
1 0.052000000000000005 0.6578947368421052 0.07200000000000001 0.22807017543859648
1 0.026000000000000002 0.6929824561403508 0.044 0.14285714285714285
1 0.198 0.644110275689223 0.076 0.23558897243107768
1 0.34600000000000003 0.6516290726817042 0.064 0.20050125313283207
1 0.384 0.6654135338345865 0.052000000000000005 0.16791979949874686
1 0.435 0.6491228070175439 0.062 0.19548872180451127
1 0.622 0.35463659147869675 0.232 0.3483709273182957
