1 0.046 0.5540540540540541 0.04 0.15315315315315314
1 0.074 0.5615615615615616 0.04 0.15615615615615616
1 0.131 0.5525525525525525 0.042 0.15615615615615616
1 0.155 0.527027027027027 0.026000000000000002 0.09309309309309309
1 0.543 0.5495495495495496 0.038 0.14414414414414414
1 0.53 0.5435435435435435 0.036000000000000004 0.13813813813813813
1 0.769 0.56006006006006 0.054 0.2072072072072072
1 0.809 0.5645645645645646 0.058 0.21621621621621623
1 0.834 0.5780780780780781 0.068 0.24924924924924924
1 0.979 0.566066066066066 0.042 0.21921921921921922
1 0.89 0.7327327327327328 0.14 0.5165165165165165
1 0.715 0.7087087087087087 0.154 0.5645645645645646
1 0.593 0.7072072072072072 0.154 0.5675675675675675
1 0.468 0.7237237237237237 0.14400000000000002 0.5345345345345345
1 0.399 0.7072072072072072 0.14200000000000002 0.5195195195195195
1 0.35100000000000003 0.7042042042042042 0.13 0.48348348348348347
1 0.314 0.6831831831831832 0.12 0.44144144144144143
1 0.278 0.6726726726726726 0.10400000000000001 0.39039039039039036
1 0.047 0.6546546546546547 0.074 0.12012012012012012
1 0.181 0.5075075075075075 0.03 0.07807807807807808
1 0.509 0.49399399399399396 0.042 0.09309309309309309
1 0.641 0.4924924924924925 0.026000000000000002 0.06606606606606606
1 0.253 0.5285285285285285 0.034 0.0960960960960961
