1 0.193125 0.5323333333333333 0.14025 0.45599999999999996
1 0.244375 0.5073333333333333 0.10975 0.35733333333333334
1 0.1345 0.48166666666666663 0.107 0.348
1 0.3325 0.5108333333333334 0.112 0.365
1 0.36325 0.5291666666666667 0.14200000000000002 0.46299999999999997
1 0.458125 0.5371666666666667 0.12525 0.4076666666666667
1 0.48762500000000003 0.5501666666666667 0.12675 0.413
1 0.58425 0.5346666666666666 0.152 0.4953333333333333
1 0.592875 0.5881666666666666 0.16775 0.5456666666666666
1 0.6845 0.615 0.2165 0.704
1 0.763625 0.5668333333333333 0.13675 0.445
1 0.797625 0.5495 0.11725000000000001 0.3823333333333333
1 0.8835000000000001 0.5866666666666667 0.17450000000000002 0.5686666666666667
1 0.809125 0.42516666666666664 0.03875 0.131
1 0.5235 0.37966666666666665 0.02 0.028666666666666667
1 0.550875 0.3655 0.02225 0.024999999999999998
1 0.3935 0.36316666666666664 0.0325 0.05566666666666666
1 0.408625 0.34933333333333333 0.029750000000000002 0.056
