1 0.13478260869565217 0.6106290672451193 0.09565217391304348 0.35357917570498915
1 0.19057971014492753 0.6106290672451193 0.11739130434782609 0.4360086767895879
1 0.34420289855072467 0.5639913232104121 0.06231884057971015 0.22559652928416488
1 0.3891304347826087 0.5574837310195228 0.059420289855072465 0.21691973969631237
1 0.4565217391304348 0.6052060737527115 0.04927536231884058 0.18655097613882865
1 0.5086956521739131 0.613882863340564 0.057971014492753624 0.21691973969631237
1 0.44420289855072465 0.613882863340564 0.05652173913043478 0.2082429501084599
1 0.5405797101449276 0.6507592190889371 0.07246376811594203 0.26898047722342733
1 0.7514492753623189 0.6377440347071583 0.06231884057971015 0.2299349240780911
1 0.8586956521739131 0.6453362255965293 0.042028985507246375 0.15835140997830804
1 0.8884057971014493 0.6529284164859003 0.03768115942028986 0.14316702819956617
1 0.9731884057971014 0.6561822125813449 0.0536231884057971 0.227765726681128
1 0.26014492753623186 0.6464208242950109 0.0391304347826087 0.1648590021691974
1 0.6014492753623188 0.6616052060737527 0.034782608695652174 0.11279826464208244
1 0.6355072463768116 0.6540130151843818 0.030434782608695653 0.1279826464208243
1 0.6695652173913044 0.6594360086767896 0.04057971014492753 0.13882863340563992
1 0.696376811594203 0.6561822125813449 0.03333333333333333 0.13232104121475055
1 0.727536231884058 0.6529284164859003 0.02318840579710145 0.1301518438177874
1 0.8 0.6767895878524945 0.04927536231884058 0.14316702819956617
1 0.85 0.6984815618221258 0.03333333333333333 0.07809110629067245
1 0.8840579710144928 0.6984815618221258 0.034782608695652174 0.07809110629067245
1 0.9166666666666666 0.6952277657266811 0.04492753623188406 0.08026030368763558
