1 0.092 0.5990990990990991 0.10400000000000001 0.3813813813813814
1 0.162 0.581081081081081 0.1 0.36336336336336333
1 0.209 0.5825825825825826 0.11 0.4024024024024024
1 0.255 0.6111111111111112 0.106 0.3933933933933934
1 0.327 0.5990990990990991 0.106 0.3933933933933934
1 0.388 0.5945945945945946 0.116 0.4264264264264264
1 0.44 0.5855855855855856 0.10400000000000001 0.39039039039039036
1 0.491 0.5840840840840841 0.11800000000000001 0.44144144144144143
1 0.546 0.5915915915915916 0.12 0.45045045045045046
1 0.618 0.5840840840840841 0.132 0.48348348348348347
1 0.685 0.6141141141141141 0.114 0.42342342342342343
1 0.752 0.6351351351351351 0.128 0.47147147147147145
1 0.84 0.6081081081081081 0.152 0.5675675675675675
1 0.93 0.6306306306306306 0.14 0.5765765765765766
1 0.23900000000000002 0.3963963963963964 0.03 0.05405405405405406
1 0.276 0.4294294294294294 0.04 0.09009009009009009
1 0.34600000000000003 0.42042042042042044 0.048 0.0960960960960961
1 0.403 0.4294294294294294 0.038 0.08408408408408408
1 0.514 0.4084084084084084 0.024 0.08408408408408408
1 0.582 0.39039039039039036 0.036000000000000004 0.09009009009009009
1 0.678 0.38288288288288286 0.036000000000000004 0.08108108108108109
1 0.745 0.39789789789789787 0.058 0.1111111111111111
1 0.808 0.40540540540540543 0.044 0.06006006006006006
1 0.115 0.4444444444444444 0.034 0.07807807807807808
