1 0.125 0.6050156739811912 0.10200000000000001 0.3887147335423197
1 0.303 0.5830721003134796 0.10200000000000001 0.4012539184952978
1 0.333 0.5329153605015674 0.074 0.2946708463949843
1 0.398 0.5470219435736677 0.06 0.22884012539184953
1 0.428 0.5438871473354232 0.06 0.23510971786833854
1 0.47100000000000003 0.5736677115987461 0.074 0.2946708463949843
1 0.525 0.5689655172413793 0.09 0.34169278996865204
1 0.61 0.5924764890282131 0.092 0.3573667711598746
1 0.6970000000000001 0.5752351097178683 0.066 0.25391849529780564
1 0.726 0.5752351097178683 0.06 0.23510971786833854
1 0.77 0.5344827586206896 0.048 0.18495297805642633
1 0.81 0.5517241379310345 0.048 0.18181818181818182
1 0.866 0.5877742946708464 0.048 0.19122257053291536
1 0.9460000000000001 0.561128526645768 0.048 0.18808777429467083
1 0.454 0.5438871473354232 0.06 0.22884012539184953
1 0.788 0.5282131661442006 0.032 0.12852664576802508
1 0.047 0.6112852664576802 0.038 0.05642633228840125
