1 0.24000000000000002 0.6807980049875312 0.10666666666666667 0.38902743142144636
1 0.29583333333333334 0.7032418952618453 0.095 0.3541147132169576
1 0.4791666666666667 0.614713216957606 0.035 0.1371571072319202
1 0.7158333333333334 0.6172069825436409 0.06166666666666667 0.22693266832917705
1 0.7783333333333334 0.6259351620947631 0.05666666666666667 0.20448877805486285
1 0.9366666666666668 0.6384039900249376 0.06333333333333334 0.2344139650872818
1 0.6891666666666667 0.6159600997506234 0.05166666666666667 0.19451371571072318
1 0.5525 0.587281795511222 0.028333333333333335 0.10723192019950124
1 0.49750000000000005 0.5935162094763092 0.035 0.12967581047381546
1 0.0625 0.6708229426433915 0.095 0.30423940149625933
