1 0.04611111111111111 0.4316666666666667 0.09222222222222222 0.5566666666666668
1 0.0811111111111111 0.5891666666666667 0.1622222222222222 0.7083333333333334
1 0.14222222222222222 0.35833333333333334 0.10888888888888888 0.4
1 0.2588888888888889 0.32916666666666666 0.08888888888888889 0.325
1 0.09277777777777778 0.12666666666666668 0.01888888888888889 0.07333333333333333
1 0.355 0.35500000000000004 0.08333333333333333 0.31
1 0.6427777777777778 0.6858333333333334 0.16777777777777778 0.615
1 0.8383333333333334 0.7216666666666667 0.14777777777777779 0.5433333333333333
1 0.8033333333333333 0.42750000000000005 0.06666666666666667 0.24500000000000002
1 0.9538888888888889 0.5308333333333334 0.08333333333333333 0.305
1 0.5694444444444444 0.41583333333333333 0.09666666666666666 0.35500000000000004
1 0.4577777777777778 0.6225 0.13777777777777778 0.505
1 0.4072222222222222 0.3166666666666667 0.06777777777777778 0.25
1 0.4666666666666667 0.33416666666666667 0.05555555555555555 0.20833333333333334
1 0.9322222222222222 0.4633333333333334 0.05333333333333333 0.2
1 0.8761111111111111 0.4216666666666667 0.052222222222222225 0.19666666666666668
1 0.98 0.4941666666666667 0.04 0.20833333333333334
1 0.44722222222222224 0.7733333333333334 0.2677777777777778 0.43333333333333335
1 0.7227777777777777 0.4216666666666667 0.07 0.19333333333333336
1 0.725 0.34750000000000003 0.03222222222222222 0.12833333333333335
1 0.7505555555555555 0.34500000000000003 0.025555555555555557 0.1366666666666667
1 0.5211111111111111 0.2941666666666667 0.05555555555555555 0.13833333333333334
1 0.5505555555555556 0.22833333333333336 0.023333333333333334 0.06333333333333334
1 0.51 0.2316666666666667 0.017777777777777778 0.04666666666666667
1 0.4905555555555556 0.37083333333333335 0.05444444444444444 0.16166666666666668
1 0.6011111111111112 0.3241666666666667 0.03111111111111111 0.09833333333333334
