1 0.07275390625 0.7779947916666666 0.1279296875 0.4153645833333333
1 0.171875 0.6998697916666666 0.06640625 0.21484375
1 0.24658203125 0.6881510416666666 0.0595703125 0.19661458333333331
1 0.31103515625 0.7109375 0.0810546875 0.2630208333333333
1 0.34375 0.7076822916666666 0.08984375 0.29296875
1 0.3984375 0.7037760416666666 0.076171875 0.2513020833333333
1 0.5732421875 0.6751302083333333 0.083984375 0.27213541666666663
1 0.61669921875 0.7421875 0.0966796875 0.3177083333333333
1 0.70703125 0.712890625 0.087890625 0.28515625
1 0.78125 0.70703125 0.09375 0.3098958333333333
1 0.71337890625 0.6263020833333333 0.0419921875 0.13802083333333331
1 0.9423828125 0.642578125 0.048828125 0.16015625
1 0.84814453125 0.6067708333333333 0.0361328125 0.1171875
1 0.87841796875 0.599609375 0.0283203125 0.09244791666666666
1 0.82275390625 0.5989583333333333 0.0302734375 0.09895833333333333
1 0.98583984375 0.6243489583333333 0.0283203125 0.15234375
1 0.9814453125 0.5833333333333333 0.017578125 0.05989583333333333
1 0.9580078125 0.591796875 0.017578125 0.061197916666666664
1 0.20849609375 0.6119791666666666 0.0185546875 0.05989583333333333
1 0.19921875 0.603515625 0.013671875 0.04817708333333333
1 0.18798828125 0.6015625 0.0126953125 0.04427083333333333
1 0.8359375 0.595703125 0.0234375 0.07682291666666666
1 0.25 0.734375 0.048828125 0.13541666666666666
1 0.287109375 0.7356770833333333 0.041015625 0.15625
1 0.43408203125 0.7447916666666666 0.0556640625 0.1484375
1 0.7890625 0.5774739583333333 0.0234375 0.04296875
