1 0.7866666666666667 0.525 0.10666666666666667 0.4
1 0.6966666666666667 0.5475 0.08666666666666667 0.335
1 0.5966666666666667 0.5525 0.08666666666666667 0.315
1 0.48333333333333334 0.5700000000000001 0.10666666666666667 0.39
1 0.5216666666666667 0.56 0.06333333333333334 0.24
1 0.42333333333333334 0.555 0.08666666666666667 0.32
1 0.36833333333333335 0.5775 0.07666666666666667 0.295
1 0.29833333333333334 0.595 0.06333333333333334 0.25
1 0.21833333333333335 0.5975 0.06333333333333334 0.245
1 0.19166666666666668 0.5875 0.05 0.195
1 0.12666666666666668 0.5750000000000001 0.04666666666666667 0.18
1 0.09833333333333334 0.5825 0.05666666666666667 0.20500000000000002
1 0.165 0.41500000000000004 0.023333333333333334 0.1
1 0.22833333333333336 0.41250000000000003 0.03666666666666667 0.135
1 0.18333333333333335 0.365 0.02 0.08
1 0.21500000000000002 0.335 0.030000000000000002 0.11
1 0.28500000000000003 0.3925 0.030000000000000002 0.105
1 0.3166666666666667 0.35000000000000003 0.02666666666666667 0.11
1 0.36000000000000004 0.3325 0.02666666666666667 0.115
1 0.4033333333333334 0.36 0.02666666666666667 0.11
1 0.635 0.34 0.023333333333333334 0.1
