1 0.2520458265139116 0.43266832917705733 0.03927986906710311 0.15211970074812967
1 0.339607201309329 0.4513715710723192 0.04746317512274959 0.18453865336658354
1 0.40343698854337157 0.4775561097256858 0.03764320785597382 0.14713216957605985
1 0.4386252045826514 0.4688279301745636 0.04909983633387889 0.18952618453865336
1 0.49427168576104746 0.4688279301745636 0.05237315875613748 0.19451371571072318
1 0.6219312602291326 0.6134663341645885 0.0916530278232406 0.34413965087281795
1 0.4214402618657938 0.7157107231920199 0.11620294599018004 0.4339152119700748
1 0.5188216039279869 0.4463840399002494 0.029459901800327332 0.11471321695760599
1 0.576923076923077 0.45760598503740646 0.03436988543371522 0.13216957605985036
1 0.5613747954173486 0.4451371571072319 0.029459901800327332 0.1172069825436409
1 0.5941080196399345 0.4600997506234414 0.029459901800327332 0.10723192019950124
1 0.5998363338788871 0.39650872817955113 0.024549918166939445 0.09975062344139651
1 0.6563011456628478 0.4937655860349127 0.05564648117839607 0.20448877805486285
1 0.7315875613747954 0.5174563591022444 0.05237315875613748 0.1970074812967581
1 0.7062193126022913 0.4713216957605985 0.044189852700491 0.16458852867830423
1 0.7790507364975451 0.4251870324189526 0.05564648117839607 0.21197007481296756
1 0.8404255319148937 0.6533665835411471 0.10965630114566285 0.4139650872817955
1 0.916530278232406 0.48877805486284287 0.03600654664484452 0.1396508728179551
1 0.8461538461538461 0.42643391521197005 0.03927986906710311 0.08478802992518703
