1 0.078125 0.2155425219941349 0.017578125 0.06451612903225806
1 0.091796875 0.23607038123167157 0.017578125 0.06744868035190615
1 0.16845703125 0.3563049853372434 0.0693359375 0.25806451612903225
1 0.322265625 0.6840175953079178 0.16796875 0.6202346041055719
1 0.61962890625 0.437683284457478 0.1064453125 0.3914956011730205
1 0.5791015625 0.3247800586510264 0.060546875 0.22140762463343108
1 0.77490234375 0.343841642228739 0.0673828125 0.24780058651026393
1 0.43701171875 0.23020527859237536 0.0322265625 0.12316715542521994
1 0.68359375 0.2089442815249267 0.029296875 0.11290322580645161
1 0.7197265625 0.20821114369501467 0.021484375 0.07917888563049853
1 0.2861328125 0.20307917888563048 0.015625 0.060117302052785926
1 0.75 0.21334310850439883 0.0234375 0.08651026392961877
1 0.78955078125 0.21114369501466276 0.0244140625 0.093841642228739
1 0.83837890625 0.20821114369501467 0.0244140625 0.093841642228739
1 0.86767578125 0.20161290322580644 0.0263671875 0.09530791788856305
1 0.896484375 0.20821114369501467 0.0234375 0.08797653958944282
1 0.919921875 0.20381231671554254 0.029296875 0.10850439882697947
1 0.93896484375 0.19794721407624633 0.0283203125 0.10850439882697947
1 0.95703125 0.19134897360703812 0.025390625 0.09237536656891496
1 0.30029296875 0.3035190615835777 0.0693359375 0.12903225806451613
