1 0.13625 0.616326530612245 0.1875 0.7591836734693879
1 0.23875000000000002 0.6673469387755102 0.1225 0.48571428571428577
1 0.47750000000000004 0.6612244897959184 0.12 0.48163265306122455
1 0.57125 0.6591836734693878 0.1525 0.6081632653061225
1 0.7000000000000001 0.6571428571428573 0.165 0.6612244897959184
1 0.74 0.6551020408163266 0.155 0.6326530612244898
1 0.64875 0.6367346938775511 0.1325 0.5306122448979592
1 0.94625 0.6571428571428573 0.1075 0.6204081632653062
1 0.9125 0.6469387755102042 0.135 0.5510204081632654
1 0.85875 0.6469387755102042 0.1275 0.5102040816326531
1 0.81 0.6408163265306123 0.11 0.44897959183673475
1 0.32875 0.6428571428571429 0.0475 0.2
1 0.4025 0.6367346938775511 0.04 0.163265306122449
1 0.3725 0.6387755102040817 0.04 0.15918367346938778
1 0.30375 0.6367346938775511 0.0425 0.1795918367346939
1 0.22125 0.163265306122449 0.0325 0.1306122448979592
1 0.28750000000000003 0.163265306122449 0.025 0.1142857142857143
1 0.32 0.16122448979591839 0.03 0.11836734693877551
1 0.3425 0.1795918367346939 0.035 0.1469387755102041
1 0.38875 0.17346938775510207 0.0425 0.1673469387755102
1 0.45875 0.17755102040816328 0.0425 0.17551020408163268
1 0.49875 0.1673469387755102 0.0325 0.1306122448979592
1 0.8625 0.15714285714285717 0.03 0.12653061224489798
1 0.78625 0.46938775510204084 0.0425 0.0816326530612245
1 0.49375 0.2489795918367347 0.0375 0.1142857142857143
1 0.57375 0.24081632653061227 0.0425 0.10612244897959185
1 0.615 0.2510204081632653 0.03 0.09387755102040818
