1 0.02448830409356725 0.5460526315789473 0.0402046783625731 0.1469298245614035
1 0.06962719298245613 0.5775767543859649 0.048611111111111105 0.17927631578947367
1 0.11385233918128654 0.6376096491228069 0.08954678362573099 0.32785087719298245
1 0.17013888888888887 0.5263157894736842 0.025950292397660817 0.09649122807017543
1 0.18384502923976606 0.5370065789473684 0.03070175438596491 0.11239035087719297
1 0.2094298245614035 0.5548245614035088 0.05043859649122807 0.18640350877192982
1 0.2799707602339181 0.5315241228070176 0.03070175438596491 0.11239035087719297
1 0.3464912280701754 0.5978618421052632 0.07309941520467836 0.2669956140350877
1 0.3121345029239766 0.5507127192982456 0.039473684210526314 0.14638157894736842
1 0.4926900584795321 0.7036732456140351 0.15862573099415203 0.5816885964912281
1 0.7401315789473684 0.7146381578947368 0.15204678362573099 0.556469298245614
1 0.6067251461988303 0.553453947368421 0.05921052631578947 0.21765350877192982
1 0.9261695906432748 0.6425438596491228 0.11038011695906433 0.4046052631578947
