1 0.9243750000000001 0.7208333333333333 0.14625 0.4783333333333334
1 0.780625 0.6425000000000001 0.10125 0.32833333333333337
1 0.841875 0.6325000000000001 0.08375 0.27166666666666667
1 0.71625 0.6841666666666667 0.1275 0.41500000000000004
1 0.561875 0.6608333333333334 0.10125 0.32833333333333337
1 0.535625 0.61 0.08125 0.26666666666666666
1 0.4525 0.64 0.0975 0.32
1 0.349375 0.6208333333333333 0.08125 0.26833333333333337
1 0.281875 0.6191666666666668 0.07125000000000001 0.2316666666666667
1 0.215 0.6075 0.0675 0.22166666666666668
1 0.164375 0.6050000000000001 0.06375 0.2066666666666667
1 0.113125 0.5900000000000001 0.058750000000000004 0.19
1 0.08125 0.5833333333333334 0.0525 0.17666666666666667
1 0.053125 0.5808333333333334 0.04875 0.15833333333333335
1 0.025625000000000002 0.5700000000000001 0.04875 0.16333333333333333
1 0.039375 0.5483333333333333 0.03625 0.12333333333333334
1 0.37875000000000003 0.5808333333333334 0.0525 0.17500000000000002
1 0.856875 0.5850000000000001 0.06125 0.2
1 0.398125 0.5658333333333334 0.04875 0.15833333333333335
1 0.42375 0.5625 0.045 0.15166666666666667
1 0.32 0.5816666666666667 0.0625 0.2066666666666667
1 0.953125 0.6716666666666667 0.09375 0.36000000000000004
