1 0.03166666666666667 0.7788944723618091 0.06333333333333334 0.4120603015075377
1 0.06833333333333334 0.8266331658291457 0.07666666666666667 0.2964824120603015
1 0.12333333333333334 0.8190954773869347 0.08666666666666667 0.32160804020100503
1 0.17833333333333334 0.8115577889447236 0.06333333333333334 0.24623115577889448
1 0.14166666666666666 0.8015075376884422 0.05 0.18592964824120603
1 0.4266666666666667 0.8090452261306533 0.06666666666666667 0.24120603015075376
1 0.37000000000000005 0.7462311557788944 0.04666666666666667 0.18592964824120603
1 0.34833333333333333 0.7412060301507538 0.043333333333333335 0.17587939698492464
1 0.305 0.7386934673366834 0.043333333333333335 0.1708542713567839
1 0.3216666666666667 0.7185929648241206 0.03666666666666667 0.1306532663316583
1 0.38833333333333336 0.7487437185929648 0.043333333333333335 0.1708542713567839
1 0.445 0.7487437185929648 0.05 0.18090452261306533
1 0.4566666666666667 0.7487437185929648 0.04666666666666667 0.1708542713567839
1 0.4966666666666667 0.7537688442211056 0.04666666666666667 0.1708542713567839
1 0.5233333333333333 0.7562814070351759 0.04 0.1658291457286432
1 0.5433333333333333 0.7613065326633166 0.060000000000000005 0.21608040201005024
1 0.5783333333333334 0.7663316582914573 0.05666666666666667 0.20603015075376885
1 0.6216666666666667 0.7663316582914573 0.043333333333333335 0.17587939698492464
1 0.675 0.7688442211055276 0.05 0.20100502512562815
1 0.7116666666666667 0.7638190954773869 0.05 0.19095477386934673
1 0.7316666666666667 0.7613065326633166 0.05 0.18592964824120603
1 0.7666666666666667 0.7487437185929648 0.04 0.16080402010050251
1 0.795 0.7462311557788944 0.043333333333333335 0.17587939698492464
1 0.8333333333333334 0.7613065326633166 0.060000000000000005 0.21608040201005024
1 0.88 0.7462311557788944 0.05333333333333334 0.19597989949748745
1 0.91 0.7437185929648241 0.05333333333333334 0.20100502512562815
1 0.28 0.7864321608040201 0.1 0.3869346733668342
1 0.9566666666666668 0.7638190954773869 0.04666666666666667 0.1708542713567839
1 0.9816666666666667 0.7361809045226131 0.03666666666666667 0.1658291457286432
