1 0.07395833333333333 0.5592334494773519 0.04791666666666666 0.20557491289198607
1 0.128125 0.5313588850174216 0.07291666666666667 0.2961672473867596
1 0.190625 0.5714285714285714 0.052083333333333336 0.20905923344947736
1 0.303125 0.5470383275261324 0.06458333333333333 0.27177700348432055
1 0.3375 0.5557491289198606 0.05 0.20557491289198607
1 0.46041666666666664 0.554006968641115 0.0625 0.2578397212543554
1 0.5864583333333333 0.554006968641115 0.05625 0.22996515679442509
1 0.6854166666666667 0.5383275261324042 0.05 0.20557491289198607
1 0.7760416666666666 0.5418118466898955 0.04791666666666666 0.1986062717770035
1 0.8583333333333333 0.5435540069686411 0.05 0.20905923344947736
1 0.23229166666666667 0.5905923344947736 0.06041666666666667 0.2613240418118467
1 0.3885416666666667 0.5818815331010453 0.07291666666666667 0.23693379790940766
1 0.5083333333333333 0.5801393728222997 0.04583333333333333 0.17770034843205576
1 0.565625 0.5749128919860628 0.05625 0.1951219512195122
1 0.715625 0.5818815331010453 0.06458333333333333 0.1951219512195122
1 0.8125 0.5679442508710801 0.05416666666666667 0.14634146341463414
1 0.9041666666666667 0.5679442508710801 0.041666666666666664 0.17421602787456447
1 0.9718749999999999 0.5679442508710801 0.035416666666666666 0.15331010452961671
