1 0.041304347826086954 0.65 0.08260869565217391 0.34347826086956523
1 0.09130434782608696 0.6543478260869565 0.08115942028985507 0.2956521739130435
1 0.1355072463768116 0.6652173913043479 0.06811594202898551 0.2565217391304348
1 0.186231884057971 0.6380434782608696 0.07391304347826087 0.27608695652173915
1 0.23478260869565218 0.6413043478260869 0.08405797101449275 0.3130434782608696
1 0.2797101449275362 0.6423913043478261 0.0782608695652174 0.2847826086956522
1 0.32463768115942027 0.625 0.08985507246376812 0.33260869565217394
1 0.3891304347826087 0.6402173913043478 0.08550724637681159 0.31521739130434784
1 0.44565217391304346 0.6217391304347826 0.08840579710144927 0.32173913043478264
1 0.4652173913043478 0.6869565217391305 0.07246376811594203 0.26521739130434785
1 0.5253623188405797 0.6793478260869565 0.07681159420289856 0.28043478260869564
1 0.5086956521739131 0.6141304347826088 0.08985507246376812 0.33260869565217394
1 0.55 0.6315217391304347 0.09130434782608696 0.341304347826087
1 0.5934782608695652 0.6369565217391304 0.09420289855072464 0.34347826086956523
1 0.6304347826086957 0.6543478260869565 0.08985507246376812 0.33043478260869563
1 0.6579710144927536 0.592391304347826 0.06376811594202898 0.2326086956521739
1 0.6992753623188406 0.6510869565217391 0.08840579710144927 0.3239130434782609
1 0.7369565217391304 0.6782608695652174 0.08260869565217391 0.30434782608695654
1 0.8021739130434783 0.6760869565217391 0.07971014492753624 0.3
1 0.8673913043478261 0.6380434782608696 0.1 0.3717391304347826
1 0.9072463768115943 0.5217391304347826 0.04057971014492753 0.1565217391304348
1 0.9630434782608696 0.6543478260869565 0.07391304347826087 0.4217391304347826
1 0.9601449275362319 0.6293478260869565 0.07971014492753624 0.30217391304347824
1 0.9260869565217391 0.6076086956521739 0.08695652173913043 0.31956521739130433
1 0.13405797101449277 0.4989130434782609 0.05652173913043478 0.1108695652173913
1 0.09202898550724638 0.47608695652173916 0.042028985507246375 0.052173913043478265
1 0.21521739130434783 0.5163043478260869 0.036231884057971016 0.06304347826086956
1 0.40652173913043477 0.49782608695652175 0.021739130434782608 0.06086956521739131
1 0.48768115942028983 0.483695652173913 0.021739130434782608 0.05434782608695652
1 0.577536231884058 0.4891304347826087 0.01884057971014493 0.06521739130434782
1 0.7565217391304347 0.5130434782608696 0.03188405797101449 0.09565217391304348
1 0.7869565217391304 0.5206521739130435 0.03188405797101449 0.0891304347826087
1 0.8311594202898551 0.4815217391304348 0.02753623188405797 0.05
