1 0.04375 0.6754874651810585 0.041666666666666664 0.14206128133704735
1 0.103125 0.6824512534818942 0.04375 0.15041782729805014
1 0.35833333333333334 0.7367688022284122 0.0625 0.20891364902506965
1 0.346875 0.6754874651810585 0.05625 0.18662952646239556
1 0.409375 0.6295264623955432 0.04375 0.15041782729805014
1 0.45416666666666666 0.6532033426183844 0.04583333333333333 0.15877437325905291
1 0.528125 0.6601671309192201 0.04791666666666666 0.1615598885793872
1 0.6229166666666667 0.6935933147632312 0.075 0.24512534818941503
1 0.6572916666666666 0.658774373259053 0.052083333333333336 0.16991643454038996
1 0.7041666666666666 0.7311977715877437 0.0625 0.20891364902506965
1 0.765625 0.7047353760445683 0.04375 0.14484679665738162
1 0.8375 0.6364902506963789 0.0375 0.1309192200557103
1 0.771875 0.6225626740947076 0.035416666666666666 0.11420612813370473
1 0.7125 0.6267409470752089 0.03333333333333333 0.11142061281337047
1 0.8791666666666667 0.6796657381615598 0.041666666666666664 0.14484679665738162
1 0.15833333333333333 0.7075208913649025 0.06666666666666667 0.14484679665738162
1 0.23854166666666665 0.7256267409470752 0.06875 0.16991643454038996
1 0.85625 0.7214484679665738 0.0625 0.11142061281337047
1 0.9260416666666667 0.7200557103064067 0.06875 0.13649025069637882
1 0.9802083333333333 0.6935933147632312 0.035416666666666666 0.14484679665738162
