1 0.38958333333333334 0.4916666666666667 0.225 0.7333333333333334
1 0.075 0.3541666666666667 0.10833333333333334 0.35833333333333334
1 0.27708333333333335 0.37222222222222223 0.09166666666666666 0.3055555555555556
1 0.21562499999999998 0.3513888888888889 0.08958333333333333 0.2916666666666667
1 0.103125 0.25416666666666665 0.03958333333333333 0.13055555555555556
1 0.13333333333333333 0.26805555555555555 0.03333333333333333 0.10833333333333334
1 0.4458333333333333 0.2763888888888889 0.09166666666666666 0.30833333333333335
1 0.4875 0.2916666666666667 0.0875 0.29444444444444445
1 0.540625 0.3013888888888889 0.08541666666666667 0.28611111111111115
1 0.653125 0.3541666666666667 0.09375 0.3138888888888889
1 0.7041666666666666 0.3472222222222222 0.10833333333333334 0.3611111111111111
1 0.7927083333333333 0.3819444444444445 0.10208333333333333 0.33611111111111114
1 0.5979166666666667 0.37083333333333335 0.12083333333333333 0.18611111111111112
1 0.014583333333333334 0.23750000000000002 0.025 0.10277777777777779
1 0.121875 0.3819444444444445 0.08541666666666667 0.20277777777777778
1 0.6010416666666667 0.23055555555555557 0.03958333333333333 0.08888888888888889
1 0.5760416666666667 0.2763888888888889 0.03125 0.09722222222222222
1 0.6114583333333333 0.16527777777777777 0.027083333333333334 0.05277777777777778
1 0.5239583333333333 0.1513888888888889 0.027083333333333334 0.075
1 0.921875 0.20694444444444446 0.05625 0.08611111111111111
