1 0.429375 0.5958333333333333 0.06625 0.21833333333333335
1 0.33187500000000003 0.54 0.05375 0.17333333333333334
1 0.255 0.5950000000000001 0.0675 0.22333333333333336
1 0.28750000000000003 0.5791666666666667 0.06 0.19833333333333333
1 0.17875 0.5483333333333333 0.0575 0.18666666666666668
1 0.110625 0.5333333333333333 0.04625 0.15333333333333335
1 0.04125 0.5441666666666667 0.045 0.14500000000000002
1 0.025625000000000002 0.5333333333333333 0.04625 0.15000000000000002
1 0.084375 0.5091666666666667 0.02875 0.09833333333333334
1 0.134375 0.52 0.03625 0.12000000000000001
1 0.23125 0.5408333333333334 0.05 0.16833333333333333
1 0.0575 0.5183333333333333 0.03 0.10333333333333335
1 0.77875 0.5133333333333334 0.02 0.07
1 0.73 0.49583333333333335 0.0125 0.045000000000000005
1 0.80375 0.5008333333333334 0.01 0.03833333333333334
1 0.82125 0.49750000000000005 0.01 0.035
1 0.786875 0.5 0.01125 0.04
1 0.68125 0.4916666666666667 0.0075 0.030000000000000002
1 0.6950000000000001 0.4916666666666667 0.0075 0.02666666666666667
1 0.6637500000000001 0.4916666666666667 0.01 0.03333333333333333
1 0.605625 0.49000000000000005 0.00875 0.03333333333333333
1 0.878125 0.5083333333333334 0.01375 0.043333333333333335
1 0.9243750000000001 0.5066666666666667 0.01125 0.03666666666666667
1 0.941875 0.5075000000000001 0.01125 0.03833333333333334
1 0.971875 0.51 0.01375 0.04666666666666667
1 0.96125 0.5083333333333334 0.0125 0.043333333333333335
1 0.13625 0.5691666666666667 0.0425 0.09166666666666667
1 0.144375 0.515 0.02875 0.03666666666666667
1 0.07062500000000001 0.5683333333333334 0.03875 0.08333333333333334
1 0.245625 0.47500000000000003 0.02375 0.03666666666666667
1 0.246875 0.49750000000000005 0.02375 0.028333333333333335
1 0.264375 0.4625 0.01875 0.025
1 0.281875 0.4816666666666667 0.02375 0.03333333333333333
1 0.07187500000000001 0.49083333333333334 0.01375 0.03833333333333334
1 0.066875 0.4733333333333334 0.01375 0.023333333333333334
1 0.00875 0.545 0.015 0.15666666666666668
1 0.19187500000000002 0.5066666666666667 0.03125 0.12000000000000001
1 0.39875 0.4991666666666667 0.0175 0.04166666666666667
1 0.948125 0.5025000000000001 0.00875 0.04166666666666667
