1 0.9310344827586207 0.5471264367816092 0.13793103448275862 0.6022988505747127
1 0.8137931034482758 0.6252873563218391 0.22758620689655173 0.7402298850574712
1 0.6370689655172413 0.5413793103448276 0.14310344827586208 0.4666666666666667
1 0.5629310344827586 0.5701149425287356 0.17758620689655172 0.5793103448275863
1 0.6629310344827586 0.5149425287356322 0.12931034482758622 0.4275862068965517
1 0.47844827586206895 0.4747126436781609 0.09827586206896552 0.3195402298850575
1 0.3956896551724138 0.560919540229885 0.1706896551724138 0.560919540229885
1 0.32068965517241377 0.6172413793103448 0.23448275862068965 0.7609195402298851
1 0.2043103448275862 0.6241379310344828 0.2293103448275862 0.7471264367816092
1 0.04396551724137931 0.7218390804597701 0.08448275862068966 0.5563218390804597
1 0.06206896551724138 0.496551724137931 0.11379310344827587 0.37701149425287356
1 0.43017241379310345 0.3816091954022989 0.07413793103448275 0.20689655172413793
1 0.7327586206896551 0.34597701149425286 0.05172413793103448 0.12183908045977011
