1 0.07625 0.4090056285178236 0.0425 0.15384615384615385
1 0.131875 0.38555347091932457 0.058750000000000004 0.21575984990619138
1 0.203125 0.37617260787992496 0.06375 0.23827392120075047
1 0.26125 0.4268292682926829 0.035 0.1294559099437148
1 0.336875 0.424953095684803 0.03625 0.13320825515947468
1 0.319375 0.4427767354596623 0.02875 0.10506566604127579
1 0.406875 0.4165103189493433 0.04125 0.1575984990619137
1 0.386875 0.44090056285178236 0.02625 0.10131332082551595
1 0.46875 0.4474671669793621 0.0225 0.08067542213883677
1 0.49125 0.42870544090056284 0.0325 0.12195121951219512
1 0.52 0.40431519699812385 0.0475 0.17448405253283303
1 0.5375 0.44090056285178236 0.0275 0.10131332082551595
1 0.591875 0.4165103189493433 0.04125 0.15384615384615385
1 0.610625 0.43902439024390244 0.03125 0.1125703564727955
1 0.6843750000000001 0.39118198874296434 0.058750000000000004 0.21951219512195122
1 0.720625 0.42120075046904315 0.03875 0.14446529080675422
1 0.80875 0.44090056285178236 0.0275 0.10506566604127579
1 0.72875 0.42870544090056284 0.0325 0.11819887429643527
1 0.869375 0.3977485928705441 0.051250000000000004 0.19136960600375236
1 0.915625 0.44183864915572235 0.02875 0.11069418386491557
1 0.969375 0.4437148217636023 0.02625 0.09943714821763602
1 0.114375 0.450281425891182 0.02125 0.08630393996247655
1 0.011875 0.41181988742964354 0.02375 0.05065666041275797
1 0.425 0.47373358348968103 0.02 0.05065666041275797
1 0.450625 0.4718574108818011 0.02625 0.04690431519699812
1 0.06625 0.5863039399624765 0.065 0.15947467166979362
1 0.13125 0.6050656660412758 0.065 0.19699812382739212
1 0.195 0.6238273921200751 0.0575 0.23827392120075047
1 0.260625 0.5787992495309568 0.05375 0.15196998123827393
1 0.33 0.5675422138836773 0.04 0.13320825515947468
1 0.39875 0.575984990619137 0.0575 0.15384615384615385
1 0.4625 0.550656660412758 0.0425 0.09568480300187618
1 0.49 0.5694183864915572 0.0225 0.12570356472795496
1 0.52625 0.6031894934333959 0.045 0.2045028142589118
1 0.589375 0.5797373358348968 0.04125 0.1575984990619137
1 0.618125 0.5675422138836773 0.03125 0.12570356472795496
1 0.6900000000000001 0.6153846153846154 0.05 0.2326454033771107
1 0.730625 0.5787992495309568 0.03625 0.14446529080675422
1 0.818125 0.5675422138836773 0.03125 0.13320825515947468
1 0.8768750000000001 0.6097560975609756 0.043750000000000004 0.2026266416510319
1 0.92 0.5806754221388368 0.0375 0.13696060037523453
