1 0.115 0.8042959427207638 0.08666666666666667 0.31026252983293556
1 0.15333333333333335 0.7458233890214797 0.09333333333333334 0.3269689737470167
1 0.2025 0.7935560859188544 0.09833333333333334 0.35083532219570407
1 0.275 0.7744630071599046 0.10333333333333335 0.36038186157517904
1 0.30000000000000004 0.7684964200477328 0.07666666666666667 0.2768496420047733
1 0.3433333333333334 0.7911694510739857 0.09000000000000001 0.3126491646778043
1 0.36833333333333335 0.7637231503579953 0.08333333333333334 0.2911694510739857
1 0.4191666666666667 0.815035799522673 0.08166666666666667 0.28878281622911695
1 0.5 0.8031026252983294 0.07666666666666667 0.27446300715990457
1 0.5675 0.7494033412887828 0.09166666666666667 0.32935560859188545
1 0.6266666666666667 0.7553699284009547 0.09000000000000001 0.3126491646778043
1 0.5866666666666667 0.7243436754176611 0.09000000000000001 0.3174224343675418
1 0.5233333333333333 0.7279236276849642 0.08333333333333334 0.2911694510739857
1 0.24916666666666668 0.5871121718377088 0.03833333333333334 0.05250596658711217
1 0.2525 0.6443914081145585 0.035 0.04773269689737471
1 0.32 0.5859188544152745 0.05333333333333334 0.06443914081145585
1 0.3875 0.5739856801909308 0.04166666666666667 0.06443914081145585
1 0.43833333333333335 0.5859188544152745 0.02666666666666667 0.05489260143198091
1 0.48000000000000004 0.5847255369928401 0.02666666666666667 0.07637231503579953
1 0.49583333333333335 0.6145584725536993 0.028333333333333335 0.06443914081145585
1 0.43750000000000006 0.6443914081145585 0.035 0.05250596658711217
1 0.4625 0.6372315035799523 0.021666666666666667 0.057279236276849645
1 0.4083333333333334 0.6455847255369929 0.023333333333333334 0.04534606205250597
1 0.31333333333333335 0.6372315035799523 0.023333333333333334 0.042959427207637235
