1 0.07083333333333333 0.67875 0.135 0.4975
1 0.19583333333333336 0.64875 0.10166666666666667 0.3775
1 0.27666666666666667 0.6950000000000001 0.1366666666666667 0.505
1 0.35750000000000004 0.68375 0.09833333333333334 0.3575
1 0.42000000000000004 0.68125 0.10333333333333335 0.3825
1 0.4941666666666667 0.65 0.115 0.425
1 0.5333333333333333 0.66625 0.09666666666666668 0.3625
1 0.5816666666666667 0.6475 0.1 0.375
1 0.6358333333333334 0.63875 0.09166666666666667 0.3425
1 0.6925 0.63125 0.10166666666666667 0.3725
1 0.7866666666666667 0.63875 0.10333333333333335 0.3875
1 0.7583333333333334 0.65625 0.09333333333333334 0.3425
1 0.8883333333333334 0.6675 0.10333333333333335 0.38
1 0.9525 0.70875 0.095 0.4425
