1 0.056 0.638 0.112 0.596
1 0.18 0.657 0.14133333333333334 0.518
1 0.112 0.486 0.09333333333333332 0.34800000000000003
1 0.126 0.325 0.07866666666666666 0.28600000000000003
1 0.30066666666666664 0.645 0.148 0.546
1 0.42266666666666663 0.625 0.15733333333333333 0.578
1 0.38066666666666665 0.501 0.076 0.28200000000000003
1 0.49866666666666665 0.648 0.16 0.584
1 0.6346666666666666 0.614 0.16266666666666665 0.6
1 0.536 0.392 0.08533333333333333 0.312
1 0.8286666666666667 0.56 0.18266666666666667 0.676
1 0.9099999999999999 0.535 0.16933333333333334 0.626
1 0.9473333333333332 0.513 0.10533333333333333 0.418
1 0.7573333333333333 0.44 0.09866666666666667 0.364
1 0.6859999999999999 0.335 0.08399999999999999 0.31
1 0.4053333333333333 0.323 0.05333333333333333 0.198
1 0.32066666666666666 0.332 0.07066666666666667 0.26
1 0.26866666666666666 0.336 0.07333333333333333 0.272
1 0.014 0.268 0.028 0.108
1 0.048 0.272 0.04533333333333333 0.116
1 0.13933333333333334 0.221 0.03333333333333333 0.058
1 0.178 0.23700000000000002 0.04133333333333333 0.098
1 0.22733333333333333 0.227 0.03333333333333333 0.066
1 0.43466666666666665 0.243 0.04533333333333333 0.17400000000000002
1 0.46799999999999997 0.221 0.029333333333333333 0.078
1 0.5006666666666667 0.192 0.03333333333333333 0.092
1 0.35866666666666663 0.331 0.04533333333333333 0.062
1 0.6913333333333334 0.512 0.092 0.228
