1 0.8166666666666668 0.745 0.11 0.405
1 0.8458333333333334 0.56375 0.058333333333333334 0.2225
1 0.9 0.50625 0.05 0.1825
1 0.9141666666666667 0.46375 0.04166666666666667 0.1575
1 0.7783333333333334 0.45125 0.03666666666666667 0.1375
1 0.7383333333333334 0.485 0.043333333333333335 0.16
1 0.6625000000000001 0.52875 0.04833333333333334 0.1825
1 0.5266666666666667 0.64 0.08 0.295
1 0.38 0.57625 0.06333333333333334 0.23750000000000002
1 0.5933333333333334 0.43 0.030000000000000002 0.11
1 0.6408333333333334 0.45125 0.03833333333333334 0.1475
1 0.6808333333333334 0.43625 0.028333333333333335 0.1125
1 0.43583333333333335 0.485 0.03833333333333334 0.14
1 0.4675 0.43 0.03166666666666667 0.125
1 0.4166666666666667 0.42125 0.03333333333333333 0.1225
1 0.3566666666666667 0.4575 0.03333333333333333 0.125
1 0.2808333333333333 0.525 0.04833333333333334 0.18
1 0.315 0.44625000000000004 0.03666666666666667 0.1325
1 0.3866666666666667 0.39625 0.023333333333333334 0.0925
1 0.46416666666666667 0.40125 0.021666666666666667 0.08750000000000001
1 0.2225 0.49625 0.04833333333333334 0.1775
1 0.17250000000000001 0.47375 0.04166666666666667 0.1575
1 0.14916666666666667 0.45625 0.03833333333333334 0.1475
1 0.11916666666666667 0.44125000000000003 0.035 0.1325
1 0.09333333333333334 0.43625 0.03666666666666667 0.1325
1 0.06666666666666667 0.43125 0.030000000000000002 0.11750000000000001
1 0.15000000000000002 0.3575 0.01 0.045
1 0.16416666666666668 0.36 0.011666666666666667 0.05
1 0.17416666666666666 0.36125 0.015000000000000001 0.0575
1 0.19333333333333336 0.4025 0.023333333333333334 0.085
1 0.23750000000000002 0.41875 0.028333333333333335 0.1075
1 0.3016666666666667 0.4 0.02666666666666667 0.1
1 0.36500000000000005 0.40625 0.02666666666666667 0.0975
1 0.6108333333333333 0.355 0.018333333333333333 0.07
1 0.6308333333333334 0.355 0.018333333333333333 0.07
1 0.6833333333333333 0.35375 0.02 0.0725
1 0.7000000000000001 0.35375 0.02 0.0725
1 0.7325 0.3575 0.021666666666666667 0.08
1 0.7466666666666667 0.35625 0.02 0.0775
1 0.8025000000000001 0.3925 0.025 0.09
1 0.8266666666666668 0.3875 0.023333333333333334 0.09
1 0.8300000000000001 0.3575 0.02 0.075
1 0.8391666666666667 0.35875 0.021666666666666667 0.0825
1 0.8583333333333334 0.41125 0.030000000000000002 0.1075
1 0.89 0.40125 0.030000000000000002 0.1075
1 0.9308333333333334 0.39125 0.025 0.0925
1 0.9608333333333334 0.385 0.025 0.095
1 0.9791666666666667 0.3825 0.025 0.09
1 0.9900000000000001 0.37875000000000003 0.02 0.0825
1 0.8708333333333333 0.38 0.021666666666666667 0.085
1 0.9133333333333334 0.36875 0.02 0.0825
1 0.3383333333333334 0.3775 0.016666666666666666 0.065
1 0.19083333333333335 0.34875 0.011666666666666667 0.0325
1 0.09583333333333334 0.3725 0.021666666666666667 0.04
1 0.53 0.41250000000000003 0.060000000000000005 0.075
1 0.5258333333333334 0.38375000000000004 0.035 0.0325
1 0.3541666666666667 0.36875 0.021666666666666667 0.0425
1 0.9900000000000001 0.32 0.016666666666666666 0.04
