1 0.135 0.38 0.18333333333333335 0.6
1 0.26833333333333337 0.4011111111111111 0.18000000000000002 0.5888888888888889
1 0.33416666666666667 0.3922222222222222 0.14166666666666666 0.46444444444444444
1 0.3975 0.25333333333333335 0.058333333333333334 0.19111111111111112
1 0.42583333333333334 0.2833333333333333 0.065 0.2111111111111111
1 0.49750000000000005 0.3011111111111111 0.08833333333333333 0.2911111111111111
1 0.5883333333333334 0.2688888888888889 0.05666666666666667 0.18666666666666668
1 0.6066666666666667 0.25555555555555554 0.05 0.16444444444444445
1 0.6433333333333334 0.26555555555555554 0.04666666666666667 0.15333333333333332
1 0.6258333333333334 0.2688888888888889 0.04833333333333334 0.15555555555555556
1 0.6966666666666667 0.2722222222222222 0.05333333333333334 0.18
1 0.9691666666666667 0.31444444444444447 0.06166666666666667 0.23333333333333334
1 0.9133333333333334 0.31333333333333335 0.07333333333333333 0.24
1 0.03833333333333334 0.41444444444444445 0.07333333333333333 0.3
1 0.009166666666666667 0.20666666666666667 0.018333333333333333 0.12
1 0.0325 0.24333333333333335 0.028333333333333335 0.051111111111111114
1 0.0275 0.22444444444444445 0.018333333333333333 0.035555555555555556
1 0.06333333333333334 0.22777777777777777 0.023333333333333334 0.03777777777777778
1 0.05333333333333334 0.2833333333333333 0.03333333333333333 0.06
1 0.065 0.35 0.05333333333333334 0.1
1 0.17 0.17 0.02 0.024444444444444446
1 0.2016666666666667 0.17888888888888888 0.04 0.06
1 0.08666666666666667 0.2577777777777778 0.023333333333333334 0.08888888888888889
1 0.07916666666666668 0.24 0.018333333333333333 0.044444444444444446
1 0.30250000000000005 0.8977777777777778 0.18833333333333335 0.2
1 0.335 0.41888888888888887 0.06666666666666667 0.25555555555555554
1 0.4658333333333334 0.19333333333333333 0.03166666666666667 0.06666666666666667
1 0.4525 0.33111111111111113 0.06833333333333334 0.12444444444444444
1 0.5266666666666667 0.21222222222222223 0.03666666666666667 0.12222222222222222
1 0.5475 0.21555555555555556 0.03833333333333334 0.10666666666666666
1 0.32 0.17777777777777778 0.02 0.04
1 0.48250000000000004 0.45222222222222225 0.13166666666666668 0.31333333333333335
1 0.56 0.31444444444444447 0.06666666666666667 0.13555555555555557
1 0.6691666666666667 0.2011111111111111 0.03166666666666667 0.06888888888888889
1 0.66 0.24888888888888888 0.030000000000000002 0.10222222222222223
1 0.7133333333333334 0.2 0.02 0.035555555555555556
1 0.6716666666666667 0.29 0.030000000000000002 0.05555555555555555
1 0.6225 0.37333333333333335 0.125 0.18666666666666668
1 0.6900000000000001 0.3288888888888889 0.060000000000000005 0.10666666666666666
1 0.62 0.43222222222222223 0.11333333333333334 0.25555555555555554
1 0.7158333333333334 0.40555555555555556 0.058333333333333334 0.14888888888888888
1 0.7525000000000001 0.43555555555555553 0.125 0.14666666666666667
1 0.7658333333333334 0.3288888888888889 0.06833333333333334 0.11555555555555555
1 0.7908333333333334 0.3688888888888889 0.085 0.1288888888888889
1 0.14166666666666666 0.7077777777777777 0.21666666666666667 0.58
1 0.3816666666666667 0.7066666666666667 0.26333333333333336 0.5822222222222222
1 0.8116666666666668 0.7166666666666667 0.17666666666666667 0.5577777777777778
1 0.8316666666666667 0.7466666666666667 0.20333333333333334 0.5022222222222222
1 0.905 0.4111111111111111 0.13 0.17333333333333334
1 0.9583333333333334 0.8722222222222222 0.08 0.2511111111111111
1 0.9341666666666667 0.6444444444444445 0.12833333333333335 0.49333333333333335
1 0.9483333333333334 0.24222222222222223 0.03666666666666667 0.07555555555555556
