1 0.015 0.4916387959866221 0.03 0.20735785953177258
1 0.13625 0.5702341137123745 0.1125 0.3712374581939799
1 0.15875 0.6270903010033445 0.1125 0.37792642140468224
1 0.2125 0.6688963210702341 0.105 0.34782608695652173
1 0.26125 0.560200668896321 0.1125 0.36454849498327757
1 0.38125000000000003 0.68561872909699 0.11750000000000001 0.39464882943143814
1 0.525 0.6956521739130435 0.125 0.41471571906354515
1 0.64625 0.6889632107023411 0.1275 0.41471571906354515
1 0.8025 0.6705685618729097 0.125 0.4180602006688963
1 0.85875 0.6086956521739131 0.1275 0.4280936454849498
1 0.61875 0.5719063545150501 0.11750000000000001 0.3812709030100334
1 0.52 0.6120401337792643 0.125 0.41471571906354515
1 0.41250000000000003 0.5652173913043478 0.11 0.36789297658862874
1 0.043750000000000004 0.4013377926421405 0.0525 0.05351170568561873
1 0.1575 0.40301003344481606 0.015 0.05016722408026756
