1 0.5901234567901235 0.5907407407407408 0.20246913580246914 0.7518518518518519
1 0.7148148148148148 0.40740740740740744 0.18024691358024691 0.6592592592592593
1 0.891358024691358 0.4666666666666667 0.05925925925925926 0.22222222222222224
1 0.8950617283950617 0.4240740740740741 0.07654320987654321 0.2777777777777778
1 0.9197530864197531 0.45740740740740743 0.037037037037037035 0.14444444444444446
1 0.9382716049382716 0.42962962962962964 0.04938271604938271 0.17777777777777778
1 0.6370370370370371 0.42962962962962964 0.02962962962962963 0.11851851851851852
1 0.6024691358024691 0.4444444444444445 0.04938271604938271 0.1851851851851852
1 0.5493827160493827 0.42962962962962964 0.03209876543209877 0.11851851851851852
1 0.5160493827160494 0.42592592592592593 0.044444444444444446 0.17037037037037037
1 0.4802469135802469 0.45555555555555555 0.027160493827160494 0.11111111111111112
1 0.4888888888888889 0.4314814814814815 0.024691358024691357 0.0925925925925926
1 0.41234567901234565 0.41111111111111115 0.1037037037037037 0.3851851851851852
1 0.3765432098765432 0.4425925925925926 0.03209876543209877 0.12222222222222223
1 0.3888888888888889 0.4277777777777778 0.022222222222222223 0.07777777777777778
1 0.35555555555555557 0.4240740740740741 0.0345679012345679 0.12962962962962962
1 0.31234567901234567 0.4537037037037037 0.0962962962962963 0.35185185185185186
1 0.25555555555555554 0.4166666666666667 0.06666666666666667 0.2555555555555556
1 0.22839506172839505 0.41481481481481486 0.046913580246913576 0.1851851851851852
1 0.20123456790123456 0.45925925925925926 0.056790123456790124 0.20740740740740743
1 0.13580246913580246 0.41481481481481486 0.044444444444444446 0.17037037037037037
1 0.10740740740740741 0.41481481481481486 0.037037037037037035 0.14814814814814814
1 0.0691358024691358 0.4425925925925926 0.0345679012345679 0.12962962962962962
1 0.09382716049382715 0.37777777777777777 0.014814814814814815 0.044444444444444446
