1 0.882 0.5930930930930931 0.08 0.3033033033033033
1 0.903 0.46996996996997 0.018000000000000002 0.06306306306306306
1 0.797 0.6501501501501501 0.106 0.38738738738738737
1 0.759 0.466966966966967 0.034 0.057057057057057055
1 0.797 0.4519519519519519 0.018000000000000002 0.03303303303303303
1 0.807 0.46546546546546547 0.018000000000000002 0.03003003003003003
1 0.8240000000000001 0.45945945945945943 0.012 0.04804804804804805
1 0.8150000000000001 0.506006006006006 0.022 0.05105105105105105
1 0.8230000000000001 0.509009009009009 0.018000000000000002 0.03903903903903904
1 0.833 0.5015015015015015 0.014 0.024024024024024024
1 0.9480000000000001 0.6231231231231231 0.088 0.24924924924924924
1 0.926 0.4894894894894895 0.016 0.03003003003003003
1 0.9510000000000001 0.527027027027027 0.042 0.10510510510510511
1 0.976 0.5195195195195195 0.028 0.0960960960960961
1 0.986 0.5105105105105106 0.024 0.08408408408408408
1 0.861 0.5930930930930931 0.078 0.16516516516516516
1 0.846 0.6381381381381381 0.07200000000000001 0.2012012012012012
1 0.768 0.5180180180180181 0.028 0.07507507507507508
1 0.723 0.4924924924924925 0.014 0.04204204204204204
1 0.739 0.503003003003003 0.03 0.06906906906906907
1 0.709 0.4804804804804805 0.018000000000000002 0.024024024024024024
1 0.671 0.53003003003003 0.038 0.07507507507507508
1 0.661 0.5135135135135135 0.03 0.07207207207207207
1 0.681 0.46996996996997 0.018000000000000002 0.02102102102102102
1 0.729 0.575075075075075 0.042 0.08108108108108109
1 0.7000000000000001 0.6321321321321322 0.092 0.21921921921921922
1 0.651 0.5075075075075075 0.03 0.08408408408408408
1 0.644 0.481981981981982 0.02 0.04504504504504504
1 0.63 0.48348348348348347 0.02 0.04804804804804805
1 0.608 0.4954954954954955 0.032 0.05405405405405406
1 0.616 0.542042042042042 0.032 0.0990990990990991
1 0.582 0.4774774774774775 0.02 0.04204204204204204
1 0.587 0.5780780780780781 0.046 0.15315315315315314
1 0.5660000000000001 0.484984984984985 0.032 0.03303303303303303
1 0.562 0.47147147147147145 0.016 0.024024024024024024
1 0.558 0.4624624624624625 0.012 0.03003003003003003
1 0.518 0.4954954954954955 0.032 0.05405405405405406
1 0.539 0.5180180180180181 0.03 0.08108108108108109
1 0.502 0.536036036036036 0.04 0.1111111111111111
1 0.464 0.5720720720720721 0.052000000000000005 0.14114114114114115
1 0.335 0.6561561561561562 0.098 0.26126126126126126
1 0.555 0.6726726726726726 0.062 0.2222222222222222
1 0.796 0.8243243243243243 0.196 0.34534534534534533
1 0.46900000000000003 0.7912912912912913 0.166 0.4114114114114114
1 0.234 0.7957957957957957 0.14 0.3843843843843844
1 0.462 0.49399399399399396 0.032 0.057057057057057055
1 0.41400000000000003 0.56006006006006 0.056 0.16516516516516516
1 0.431 0.481981981981982 0.018000000000000002 0.05105105105105105
1 0.362 0.5 0.036000000000000004 0.057057057057057055
1 0.303 0.551051051051051 0.05 0.09309309309309309
1 0.281 0.4924924924924925 0.03 0.04804804804804805
1 0.266 0.6171171171171171 0.068 0.1891891891891892
1 0.055 0.5840840840840841 0.07 0.2072072072072072
1 0.10400000000000001 0.6711711711711712 0.08 0.3153153153153153
1 0.17400000000000002 0.48648648648648646 0.028 0.05405405405405406
1 0.129 0.47597597597597596 0.026000000000000002 0.057057057057057055
1 0.129 0.5330330330330331 0.046 0.08108108108108109
1 0.107 0.5 0.022 0.04504504504504504
1 0.08700000000000001 0.521021021021021 0.018000000000000002 0.0990990990990991
1 0.157 0.53003003003003 0.058 0.09309309309309309
1 0.225 0.5195195195195195 0.038 0.08408408408408408
1 0.246 0.4954954954954955 0.032 0.05405405405405406
1 0.319 0.521021021021021 0.026000000000000002 0.06906906906906907
1 0.343 0.487987987987988 0.034 0.07507507507507508
1 0.372 0.47147147147147145 0.016 0.03003003003003003
1 0.021 0.5405405405405406 0.042 0.15015015015015015
1 0.01 0.47897897897897895 0.02 0.04504504504504504
1 0.443 0.45495495495495497 0.022 0.05105105105105105
1 0.533 0.4744744744744745 0.018000000000000002 0.04804804804804805
1 0.312 0.487987987987988 0.016 0.057057057057057055
1 0.312 0.45345345345345345 0.012 0.012012012012012012
1 0.291 0.47597597597597596 0.018000000000000002 0.04504504504504504
1 0.201 0.481981981981982 0.022 0.03903903903903904
1 0.192 0.47297297297297297 0.016 0.03903903903903904
1 0.047 0.4984984984984985 0.022 0.07207207207207207
1 0.10400000000000001 0.46396396396396394 0.02 0.02702702702702703
