1 0.5686567164179105 0.493 0.41492537313432837 0.678
1 0.10298507462686567 0.271 0.05074626865671642 0.08600000000000001
1 0.12985074626865672 0.277 0.03880597014925373 0.07
1 0.18059701492537314 0.274 0.05074626865671642 0.084
1 0.26865671641791045 0.271 0.05373134328358209 0.094
1 0.3208955223880597 0.267 0.05074626865671642 0.09
1 0.43134328358208956 0.28400000000000003 0.06865671641791045 0.112
1 0.7850746268656716 0.276 0.06567164179104477 0.108
1 0.8119402985074627 0.265 0.041791044776119404 0.074
1 0.8388059701492537 0.27 0.041791044776119404 0.07200000000000001
1 0.882089552238806 0.27 0.056716417910447764 0.1
1 0.9388059701492537 0.291 0.08059701492537313 0.134
1 0.9164179104477612 0.273 0.06567164179104477 0.106
1 0.6791044776119403 0.28200000000000003 0.0626865671641791 0.10400000000000001
1 0.7014925373134329 0.27 0.05373134328358209 0.088
1 0.7194029850746269 0.264 0.041791044776119404 0.07200000000000001
1 0.5074626865671642 0.255 0.029850746268656716 0.054
1 0.3522388059701493 0.251 0.023880597014925373 0.042
1 0.4865671641791045 0.253 0.023880597014925373 0.046
1 0.6268656716417911 0.26 0.03582089552238806 0.06
1 0.5776119402985075 0.074 0.020895522388059702 0.024
