1 0.9420000000000001 0.6231231231231231 0.116 0.6756756756756757
1 0.898 0.6201201201201201 0.116 0.4294294294294294
1 0.8160000000000001 0.6186186186186187 0.10400000000000001 0.3783783783783784
1 0.189 0.5990990990990991 0.114 0.42342342342342343
1 0.23900000000000002 0.6411411411411412 0.054 0.2012012012012012
1 0.277 0.6381381381381381 0.034 0.13513513513513514
1 0.327 0.6546546546546547 0.022 0.07807807807807808
1 0.361 0.6546546546546547 0.022 0.08408408408408408
1 0.149 0.6501501501501501 0.022 0.08708708708708708
1 0.121 0.6531531531531531 0.026000000000000002 0.09309309309309309
1 0.676 0.6531531531531531 0.024 0.09309309309309309
1 0.6920000000000001 0.6576576576576576 0.024 0.09009009009009009
1 0.7020000000000001 0.6546546546546547 0.024 0.0960960960960961
1 0.709 0.6501501501501501 0.026000000000000002 0.0990990990990991
1 0.723 0.6516516516516516 0.026000000000000002 0.1021021021021021
1 0.746 0.6501501501501501 0.024 0.0990990990990991
1 0.77 0.6576576576576576 0.024 0.09009009009009009
1 0.9430000000000001 0.6546546546546547 0.03 0.11411411411411411
1 0.505 0.6156156156156156 0.106 0.3963963963963964
1 0.525 0.6336336336336337 0.094 0.35435435435435436
1 0.547 0.6306306306306306 0.094 0.3483483483483483
1 0.615 0.6426426426426426 0.07 0.26426426426426425
1 0.62 0.6321321321321322 0.07200000000000001 0.2732732732732733
1 0.634 0.6366366366366366 0.07200000000000001 0.2702702702702703
1 0.653 0.6351351351351351 0.074 0.2732732732732733
1 0.015 0.6366366366366366 0.03 0.1981981981981982
1 0.017 0.6411411411411412 0.034 0.17717717717717718
1 0.033 0.6381381381381381 0.046 0.17717717717717718
1 0.045 0.6321321321321322 0.05 0.1891891891891892
1 0.058 0.6411411411411412 0.044 0.16516516516516516
1 0.08 0.6381381381381381 0.044 0.16516516516516516
1 0.088 0.6426426426426426 0.04 0.15615615615615616
1 0.5680000000000001 0.6261261261261262 0.084 0.3153153153153153
1 0.583 0.6426426426426426 0.074 0.27627627627627627
1 0.371 0.6546546546546547 0.022 0.07807807807807808
1 0.139 0.6786786786786787 0.026000000000000002 0.04204204204204204
1 0.398 0.6021021021021021 0.02 0.1111111111111111
