1 0.145625 0.599437148217636 0.09625 0.35834896810506567
1 0.22187500000000002 0.5816135084427767 0.10625 0.39399624765478425
1 0.283125 0.5975609756097561 0.09875 0.36585365853658536
1 0.33437500000000003 0.5572232645403377 0.09375 0.34146341463414637
1 0.39187500000000003 0.550656660412758 0.09625 0.3545966228893058
1 0.45 0.5422138836772983 0.10250000000000001 0.3789868667917448
1 0.50625 0.5422138836772983 0.0975 0.3602251407129456
1 0.5675 0.5393996247654784 0.1 0.36585365853658536
1 0.62625 0.5469043151969981 0.0975 0.35834896810506567
1 0.685 0.599437148217636 0.0975 0.35834896810506567
1 0.74625 0.5928705440900562 0.0975 0.36397748592870544
1 0.81 0.5975609756097561 0.095 0.34709193245778613
1 0.87875 0.5947467166979362 0.0975 0.3602251407129456
1 0.949375 0.4643527204502814 0.00625 0.024390243902439025
1 0.94125 0.4699812382739212 0.005 0.024390243902439025
1 0.94125 0.4924953095684803 0.005 0.020637898686679174
1 0.91625 0.4699812382739212 0.005 0.020637898686679174
1 0.193125 0.4155722326454034 0.00625 0.009380863039399626
