1 0.02537313432835821 0.5022421524663677 0.014925373134328358 0.06278026905829596
1 0.05223880597014925 0.49551569506726456 0.014925373134328358 0.05829596412556054
1 0.007462686567164179 0.5022421524663677 0.014925373134328358 0.07174887892376682
1 0.03134328358208955 0.8363228699551569 0.0626865671641791 0.22869955156950672
1 0.056716417910447764 0.804932735426009 0.05373134328358209 0.20179372197309417
1 0.10149253731343284 0.8071748878923767 0.04776119402985075 0.18834080717488788
1 0.12835820895522387 0.8632286995515694 0.07164179104477612 0.2645739910313901
1 0.16865671641791044 0.8228699551569506 0.05074626865671642 0.20179372197309417
1 0.23880597014925373 0.8340807174887892 0.05373134328358209 0.20627802690582958
1 0.2626865671641791 0.8677130044843049 0.06567164179104477 0.24663677130044842
1 0.3 0.8430493273542601 0.056716417910447764 0.21524663677130046
1 0.36268656716417913 0.8789237668161435 0.056716417910447764 0.21524663677130046
1 0.3925373134328358 0.8452914798206278 0.056716417910447764 0.21076233183856502
1 0.4417910447761194 0.9035874439461883 0.04776119402985075 0.17488789237668162
1 0.46865671641791046 0.8475336322869955 0.05970149253731343 0.21524663677130046
1 0.44328358208955226 0.8609865470852018 0.056716417910447764 0.21524663677130046
1 0.5522388059701493 0.8609865470852018 0.07164179104477612 0.2600896860986547
1 0.5462686567164179 0.8363228699551569 0.05970149253731343 0.22869955156950672
1 0.6223880597014926 0.852017937219731 0.056716417910447764 0.21524663677130046
1 0.6432835820895523 0.8811659192825112 0.056716417910447764 0.21973094170403587
1 0.7134328358208956 0.8699551569506726 0.05970149253731343 0.23318385650224216
1 0.7925373134328358 0.852017937219731 0.056716417910447764 0.21524663677130046
1 0.8686567164179104 0.8318385650224215 0.05373134328358209 0.21076233183856502
1 0.9597014925373134 0.820627802690583 0.05074626865671642 0.19730941704035873
1 0.7044776119402986 0.8475336322869955 0.05373134328358209 0.20627802690582958
1 0.0746268656716418 0.49327354260089684 0.01791044776119403 0.06278026905829596
1 0.09701492537313433 0.47757847533632286 0.014925373134328358 0.06726457399103139
1 0.11791044776119403 0.47757847533632286 0.014925373134328358 0.06726457399103139
1 0.1373134328358209 0.47533632286995514 0.01791044776119403 0.06278026905829596
1 0.1537313432835821 0.4798206278026906 0.014925373134328358 0.06278026905829596
1 0.1701492537313433 0.46860986547085204 0.01791044776119403 0.06726457399103139
1 0.18955223880597016 0.46860986547085204 0.014925373134328358 0.06726457399103139
1 0.21194029850746268 0.4708520179372197 0.01791044776119403 0.06278026905829596
1 0.23432835820895523 0.4708520179372197 0.014925373134328358 0.053811659192825115
1 0.2507462686567164 0.4641255605381166 0.011940298507462687 0.05829596412556054
1 0.2701492537313433 0.4618834080717489 0.014925373134328358 0.06278026905829596
1 0.2835820895522388 0.452914798206278 0.011940298507462687 0.053811659192825115
1 0.3 0.4506726457399103 0.014925373134328358 0.06726457399103139
1 0.3194029850746269 0.4484304932735426 0.01791044776119403 0.06278026905829596
1 0.34776119402985073 0.4484304932735426 0.014925373134328358 0.06278026905829596
1 0.3641791044776119 0.4461883408071749 0.01791044776119403 0.06726457399103139
1 0.3776119402985075 0.4506726457399103 0.014925373134328358 0.05829596412556054
1 0.6746268656716418 0.44170403587443946 0.011940298507462687 0.05829596412556054
1 0.7 0.4439461883408072 0.014925373134328358 0.053811659192825115
1 0.7179104477611941 0.4439461883408072 0.014925373134328358 0.053811659192825115
1 0.735820895522388 0.4439461883408072 0.014925373134328358 0.053811659192825115
1 0.7597014925373134 0.43946188340807174 0.014925373134328358 0.06278026905829596
1 0.7805970149253731 0.437219730941704 0.014925373134328358 0.05829596412556054
1 0.8044776119402985 0.4439461883408072 0.014925373134328358 0.06278026905829596
1 0.8223880597014925 0.44170403587443946 0.014925373134328358 0.05829596412556054
1 0.8477611940298507 0.4439461883408072 0.01791044776119403 0.06278026905829596
1 0.9402985074626866 0.45964125560538116 0.011940298507462687 0.04932735426008968
1 0.9671641791044776 0.4551569506726457 0.011940298507462687 0.04932735426008968
1 0.9194029850746269 0.4551569506726457 0.011940298507462687 0.05829596412556054
1 0.9029850746268657 0.452914798206278 0.014925373134328358 0.06278026905829596
1 0.991044776119403 0.45964125560538116 0.01791044776119403 0.07623318385650224
1 0.011940298507462687 0.8026905829596412 0.023880597014925373 0.17937219730941703
1 0.891044776119403 0.8878923766816144 0.08059701492537313 0.15246636771300448
