1 0.27099609375 0.7183823529411765 0.0263671875 0.09852941176470588
1 0.294921875 0.7242647058823529 0.025390625 0.09852941176470588
1 0.3671875 0.7014705882352941 0.015625 0.061764705882352944
1 0.38330078125 0.7014705882352941 0.0166015625 0.061764705882352944
1 0.4052734375 0.6941176470588235 0.015625 0.058823529411764705
1 0.392578125 0.6735294117647058 0.01171875 0.047058823529411764
1 0.06884765625 0.7036764705882352 0.0126953125 0.04852941176470588
1 0.5380859375 0.6801470588235294 0.013671875 0.054411764705882354
1 0.55615234375 0.6838235294117647 0.0166015625 0.061764705882352944
1 0.57080078125 0.6808823529411765 0.0146484375 0.055882352941176466
1 0.66650390625 0.6772058823529412 0.0146484375 0.057352941176470586
1 0.68408203125 0.6830882352941177 0.0166015625 0.060294117647058824
1 0.90234375 0.6441176470588236 0.017578125 0.03529411764705882
1 0.91455078125 0.6352941176470588 0.0146484375 0.026470588235294117
1 0.642578125 0.7022058823529411 0.021484375 0.054411764705882354
1 0.5234375 0.6617647058823529 0.01953125 0.03529411764705882
