1 0.6414062500000001 0.5513888888888889 0.20468750000000002 0.8972222222222223
1 0.41796875 0.6361111111111112 0.1640625 0.7111111111111111
1 0.15703125 0.7763888888888889 0.0921875 0.39722222222222225
1 0.03125 0.7791666666666667 0.03125 0.14166666666666666
1 0.278125 0.7791666666666667 0.043750000000000004 0.19722222222222224
1 0.23828125 0.775 0.045312500000000006 0.2
1 0.80078125 0.7555555555555555 0.0578125 0.25
1 0.853125 0.7569444444444444 0.05625 0.25277777777777777
1 0.72265625 0.7458333333333333 0.06406250000000001 0.28611111111111115
1 0.753125 0.7541666666666667 0.059375000000000004 0.2638888888888889
1 0.89453125 0.6541666666666667 0.0390625 0.10277777777777779
