1 0.03916666666666667 0.4575 0.07833333333333334 0.355
1 0.15666666666666668 0.5025000000000001 0.12333333333333334 0.46
1 0.0775 0.39625 0.021666666666666667 0.0825
1 0.19583333333333336 0.43625 0.05166666666666667 0.1975
1 0.265 0.48875 0.1 0.3675
1 0.32916666666666666 0.4325 0.06833333333333334 0.255
1 0.5700000000000001 0.5 0.12666666666666668 0.47000000000000003
1 0.6575000000000001 0.50625 0.17833333333333334 0.6575
1 0.7258333333333333 0.47750000000000004 0.12166666666666667 0.445
1 0.79 0.5650000000000001 0.19666666666666668 0.72
1 0.8925000000000001 0.45125 0.115 0.4225
1 0.9283333333333333 0.50875 0.14333333333333334 0.5875
1 0.9441666666666667 0.63 0.11166666666666668 0.66
1 0.6116666666666667 0.29125 0.03666666666666667 0.0675
1 0.49500000000000005 0.3575 0.05666666666666667 0.17500000000000002
1 0.45833333333333337 0.29125 0.03333333333333333 0.0675
1 0.35750000000000004 0.30375 0.045000000000000005 0.0725
1 0.4066666666666667 0.365 0.07333333333333333 0.24
1 0.24000000000000002 0.3425 0.02666666666666667 0.04
1 0.8433333333333334 0.2975 0.030000000000000002 0.075
