1 0.4925 0.44982698961937717 0.23 0.7889273356401384
1 0.72375 0.6020761245674741 0.0975 0.33217993079584773
1 0.8325 0.610726643598616 0.095 0.3217993079584775
1 0.87375 0.615916955017301 0.0425 0.1453287197231834
1 0.9237500000000001 0.6072664359861591 0.0975 0.33564013840830453
1 0.95375 0.6003460207612457 0.0925 0.4740484429065744
1 0.39875 0.5916955017301039 0.08750000000000001 0.3044982698961938
1 0.35125 0.6055363321799309 0.0825 0.2837370242214533
1 0.2925 0.6072664359861591 0.08 0.27335640138408307
1 0.10250000000000001 0.6072664359861591 0.07 0.23875432525951557
1 0.06875 0.5951557093425606 0.0675 0.23529411764705882
1 0.025 0.6089965397923875 0.05 0.21453287197231835
1 0.6225 0.610726643598616 0.045 0.14878892733564014
1 0.20750000000000002 0.6228373702422145 0.06 0.17301038062283738
1 0.68375 0.6955017301038062 0.0775 0.16608996539792387
1 0.78 0.7214532871972319 0.095 0.1972318339100346
1 0.585 0.6557093425605537 0.07 0.18339100346020762
1 0.5825 0.5173010380622838 0.055 0.08650519031141869
