1 0.2 0.602996254681648 0.15 0.5543071161048689
1 0.46625 0.5028089887640449 0.0825 0.3052434456928839
1 0.04875 0.4756554307116105 0.075 0.27715355805243447
1 0.623125 0.45224719101123595 0.05375 0.20037453183520598
1 0.6587500000000001 0.45224719101123595 0.06 0.22284644194756553
1 0.700625 0.47752808988764045 0.05625 0.20973782771535582
1 0.733125 0.48876404494382025 0.08375 0.3071161048689139
1 0.760625 0.4700374531835206 0.07875 0.29213483146067415
1 0.81125 0.5 0.0825 0.299625468164794
1 0.8462500000000001 0.4906367041198502 0.08 0.29213483146067415
1 0.854375 0.5617977528089888 0.05375 0.19850187265917604
1 0.8975 0.5299625468164794 0.0825 0.30337078651685395
1 0.9293750000000001 0.5215355805243446 0.09375 0.34269662921348315
1 0.959375 0.5402621722846442 0.08125 0.36142322097378277
1 0.28875 0.42696629213483145 0.0375 0.14232209737827717
1 0.319375 0.4204119850187266 0.04125 0.15543071161048688
1 0.365 0.4232209737827715 0.04 0.14606741573033707
1 0.389375 0.45224719101123595 0.02375 0.08801498127340825
1 0.39437500000000003 0.4166666666666667 0.03875 0.14794007490636704
1 0.08875 0.4616104868913858 0.0625 0.2340823970037453
1 0.23500000000000001 0.3202247191011236 0.0575 0.10861423220973783
1 0.49062500000000003 0.3398876404494382 0.03625 0.07303370786516854
1 0.9550000000000001 0.34269662921348315 0.03 0.056179775280898875
1 0.990625 0.38857677902621723 0.01875 0.054307116104868915
1 0.703125 0.3548689138576779 0.02375 0.03932584269662921
1 0.38 0.35299625468164797 0.02 0.03932584269662921
1 0.419375 0.3539325842696629 0.02375 0.056179775280898875
1 0.451875 0.34363295880149813 0.01625 0.028089887640449437
1 0.304375 0.3595505617977528 0.01375 0.03745318352059925
1 0.27125 0.33707865168539325 0.0125 0.033707865168539325
1 0.670625 0.3764044943820225 0.01625 0.0299625468164794
1 0.880625 0.34925093632958804 0.03125 0.05056179775280899
1 0.075625 0.3661048689138577 0.03125 0.05056179775280899
1 0.07375 0.3211610486891386 0.0225 0.04307116104868914
1 0.019375 0.351123595505618 0.03125 0.05805243445692884
