1 0.09029850746268657 0.6133200795228627 0.10298507462686567 0.33598409542743535
1 0.13955223880597015 0.6302186878727634 0.08805970149253732 0.28628230616302186
1 0.1917910447761194 0.6083499005964214 0.1 0.3300198807157057
1 0.28955223880597014 0.614314115308151 0.10149253731343284 0.3300198807157057
1 0.5365671641791044 0.5576540755467196 0.08208955223880597 0.27236580516898606
1 0.9462686567164179 0.5357852882703776 0.10746268656716418 0.5427435387673956
1 0.8873134328358209 0.5546719681908548 0.12388059701492538 0.4055666003976143
1 0.8104477611940298 0.5417495029821073 0.11343283582089553 0.37574552683896617
1 0.26343283582089555 0.4463220675944334 0.0373134328358209 0.049701789264413515
1 0.32611940298507464 0.47316103379721663 0.0373134328358209 0.04771371769383698
1 0.3880597014925373 0.4493041749502982 0.05074626865671642 0.09145129224652086
1 0.43208955223880596 0.4592445328031809 0.04029850746268657 0.06759443339960237
1 0.44776119402985076 0.4174950298210735 0.03582089552238806 0.07554671968190854
1 0.4992537313432836 0.4343936381709741 0.03134328358208955 0.06958250497017891
1 0.3649253731343284 0.6669980119284293 0.09104477611940298 0.2445328031809145
1 0.46044776119402986 0.6739562624254473 0.11194029850746269 0.24254473161033796
1 0.5529850746268656 0.43936381709741545 0.028358208955223882 0.04373757455268389
1 0.5828358208955224 0.40656063618290256 0.02537313432835821 0.03777335984095427
1 0.5985074626865672 0.4443339960238568 0.023880597014925373 0.041749502982107355
1 0.5955223880597015 0.4880715705765407 0.03880597014925373 0.057654075546719676
1 0.6582089552238806 0.38270377733598404 0.03582089552238806 0.06958250497017891
1 0.7492537313432835 0.3906560636182902 0.04477611940298507 0.06560636182902584
1 0.7052238805970149 0.40954274353876735 0.02537313432835821 0.05168986083499005
1 0.7067164179104478 0.4880715705765407 0.0791044776119403 0.11332007952286281
1 0.8485074626865672 0.3976143141153081 0.04029850746268657 0.05168986083499005
