1 0.035 0.5492700729927007 0.07 0.3248175182481752
1 0.06 0.43613138686131386 0.024 0.11313868613138686
1 0.11 0.5401459854014599 0.068 0.2992700729927007
1 0.137 0.437956204379562 0.034 0.15328467153284672
1 0.20500000000000002 0.5620437956204379 0.066 0.2992700729927007
1 0.318 0.5328467153284672 0.064 0.2846715328467153
1 0.27 0.44343065693430656 0.032 0.14233576642335766
1 0.34400000000000003 0.4470802919708029 0.028 0.12773722627737225
1 0.404 0.43430656934306566 0.028 0.13138686131386862
1 0.463 0.44343065693430656 0.026000000000000002 0.12043795620437955
1 0.504 0.4324817518248175 0.024 0.10583941605839416
1 0.431 0.5291970802919708 0.046 0.2116788321167883
1 0.536 0.4306569343065693 0.028 0.13138686131386862
1 0.579 0.43430656934306566 0.03 0.13138686131386862
1 0.665 0.437956204379562 0.03 0.1386861313868613
1 0.684 0.4306569343065693 0.024 0.11678832116788321
1 0.527 0.5218978102189781 0.054 0.24817518248175183
1 0.738 0.5383211678832117 0.052000000000000005 0.22992700729927007
1 0.842 0.5255474452554745 0.06 0.27007299270072993
1 0.9420000000000001 0.541970802919708 0.07200000000000001 0.3175182481751825
1 0.975 0.5164233576642335 0.05 0.28102189781021897
1 0.63 0.5273722627737226 0.06 0.2664233576642336
1 0.641 0.3667883211678832 0.022 0.05474452554744525
1 0.616 0.3941605839416058 0.028 0.072992700729927
1 0.434 0.38503649635036497 0.032 0.06934306569343066
1 0.187 0.38321167883211676 0.026000000000000002 0.06569343065693431
1 0.223 0.3704379562043795 0.034 0.040145985401459854
