1 0.08583333333333334 0.6911111111111111 0.07500000000000001 0.24888888888888888
1 0.2341666666666667 0.6722222222222223 0.058333333333333334 0.19777777777777777
1 0.27083333333333337 0.72 0.085 0.28
1 0.29500000000000004 0.68 0.06666666666666667 0.21777777777777776
1 0.36500000000000005 0.6577777777777778 0.05666666666666667 0.18666666666666668
1 0.4216666666666667 0.6422222222222222 0.04666666666666667 0.15555555555555556
1 0.45833333333333337 0.64 0.06666666666666667 0.2222222222222222
1 0.4916666666666667 0.7255555555555555 0.1 0.32666666666666666
1 0.5075000000000001 0.6633333333333333 0.06166666666666667 0.20666666666666667
1 0.5316666666666667 0.6355555555555555 0.05 0.1688888888888889
1 0.5758333333333334 0.6211111111111111 0.04833333333333334 0.15777777777777777
1 0.6033333333333334 0.6255555555555555 0.043333333333333335 0.14444444444444443
1 0.6341666666666667 0.6688888888888889 0.065 0.21333333333333332
1 0.6566666666666667 0.6533333333333333 0.05666666666666667 0.18222222222222223
1 0.6816666666666668 0.6166666666666667 0.043333333333333335 0.14
1 0.7216666666666667 0.6277777777777778 0.05 0.16666666666666666
1 0.7433333333333334 0.6177777777777778 0.05 0.16444444444444445
1 0.7733333333333334 0.6644444444444444 0.07666666666666667 0.25333333333333335
1 0.8066666666666668 0.5944444444444444 0.030000000000000002 0.10444444444444445
1 0.8541666666666667 0.66 0.07166666666666667 0.23555555555555555
1 0.9358333333333334 0.6577777777777778 0.065 0.21777777777777776
1 0.9500000000000001 0.5733333333333334 0.023333333333333334 0.08
1 0.9700000000000001 0.5566666666666666 0.013333333333333334 0.04666666666666667
1 0.9116666666666667 0.6488888888888888 0.060000000000000005 0.2
1 0.8808333333333334 0.6422222222222222 0.055 0.18666666666666668
1 0.6966666666666667 0.5533333333333333 0.02666666666666667 0.057777777777777775
