1 0.12634408602150538 0.5489260143198091 0.12365591397849462 0.4009546539379475
1 0.17114695340501793 0.5632458233890215 0.10931899641577061 0.35799522673031026
1 0.23297491039426524 0.5775656324582339 0.10752688172043011 0.3532219570405728
1 0.2840501792114695 0.5990453460620525 0.1057347670250896 0.34844868735083534
1 0.34050179211469533 0.5823389021479713 0.10752688172043011 0.3532219570405728
1 0.39874551971326166 0.5823389021479713 0.10215053763440861 0.3341288782816229
1 0.4722222222222222 0.5739856801909308 0.10931899641577061 0.3556085918854415
1 0.5304659498207885 0.5835322195704058 0.10752688172043011 0.3556085918854415
1 0.5779569892473119 0.5692124105011933 0.1057347670250896 0.3460620525059666
1 0.6379928315412187 0.5787589498806683 0.1039426523297491 0.33651551312649164
1 0.6827956989247311 0.5751789976133652 0.1039426523297491 0.3436754176610979
1 0.746415770609319 0.5954653937947494 0.1057347670250896 0.3460620525059666
1 0.807347670250896 0.5763723150357996 0.11290322580645161 0.36992840095465396
1 0.8709677419354839 0.5787589498806683 0.11469534050179211 0.3794749403341289
1 0.8145161290322581 0.3747016706443914 0.05197132616487455 0.07637231503579953
1 0.7446236559139785 0.3914081145584726 0.044802867383512544 0.07159904534606205
1 0.6872759856630825 0.37828162291169454 0.04121863799283154 0.05489260143198091
1 0.6290322580645161 0.37112171837708835 0.05017921146953405 0.06921241050119332
1 0.5385304659498208 0.3532219570405728 0.044802867383512544 0.07159904534606205
1 0.4596774193548387 0.36634844868735084 0.044802867383512544 0.05489260143198091
1 0.38530465949820786 0.34128878281622915 0.04659498207885305 0.07637231503579953
1 0.3207885304659498 0.36873508353221957 0.04659498207885305 0.06443914081145585
1 0.26433691756272404 0.3914081145584726 0.044802867383512544 0.06205250596658712
1 0.2078853046594982 0.37708830548926014 0.043010752688172046 0.06682577565632458
