1 0.024305555555555556 0.6222222222222222 0.04861111111111111 0.2962962962962963
1 0.07986111111111112 0.45555555555555555 0.02638888888888889 0.0925925925925926
1 0.11388888888888889 0.5509259259259259 0.05555555555555556 0.18333333333333335
1 0.21458333333333335 0.5787037037037037 0.07083333333333333 0.23148148148148148
1 0.27708333333333335 0.6037037037037037 0.07916666666666666 0.25925925925925924
1 0.3159722222222222 0.5564814814814815 0.03194444444444445 0.10555555555555556
1 0.3493055555555556 0.5555555555555556 0.029166666666666667 0.1
1 0.39305555555555555 0.5675925925925926 0.05 0.1685185185185185
1 0.41875 0.5546296296296297 0.043055555555555555 0.1388888888888889
1 0.43333333333333335 0.5583333333333333 0.030555555555555558 0.09814814814814815
1 0.45972222222222225 0.5472222222222223 0.02777777777777778 0.09074074074074075
1 0.4840277777777778 0.5564814814814815 0.04027777777777778 0.13148148148148148
1 0.5083333333333333 0.5648148148148149 0.04166666666666667 0.13703703703703704
1 0.5347222222222222 0.5537037037037037 0.02777777777777778 0.0962962962962963
1 0.5506944444444445 0.5527777777777778 0.0375 0.12037037037037038
1 0.5784722222222223 0.5509259259259259 0.034722222222222224 0.11666666666666667
1 0.6006944444444444 0.549074074074074 0.02361111111111111 0.07962962962962963
1 0.6201388888888889 0.562962962962963 0.04027777777777778 0.13333333333333333
1 0.6618055555555555 0.562962962962963 0.04027777777777778 0.12962962962962962
1 0.6888888888888889 0.5555555555555556 0.02777777777777778 0.0962962962962963
1 0.7611111111111112 0.5666666666666667 0.04166666666666667 0.13703703703703704
1 0.7902777777777779 0.5574074074074075 0.03888888888888889 0.13333333333333333
1 0.8229166666666667 0.5592592592592592 0.034722222222222224 0.11481481481481481
1 0.875 0.5518518518518519 0.036111111111111115 0.11851851851851852
1 0.9798611111111112 0.5407407407407407 0.0375 0.12222222222222223
1 0.8875000000000001 0.5083333333333333 0.02777777777777778 0.09074074074074075
1 0.8763888888888889 0.47314814814814815 0.025 0.05
