1 0.7425 0.5795053003533569 0.23500000000000001 0.8127208480565371
1 0.89 0.3498233215547703 0.135 0.4664310954063604
1 0.95375 0.40636042402826855 0.0925 0.45229681978798586
1 0.925 0.37985865724381623 0.12 0.4204946996466431
1 0.53625 0.6678445229681979 0.1825 0.6360424028268551
1 0.38875 0.6872791519434629 0.1675 0.5759717314487632
1 0.44875 0.627208480565371 0.1675 0.5901060070671378
1 0.29125 0.6448763250883393 0.1925 0.6678445229681979
1 0.24375 0.5830388692579506 0.1625 0.5653710247349824
1 0.095 0.4929328621908127 0.185 0.6395759717314488
1 0.16875 0.43462897526501765 0.10250000000000001 0.36042402826855124
1 0.8275 0.3674911660777385 0.11 0.38162544169611307
1 0.17375000000000002 0.2137809187279152 0.0575 0.12367491166077739
1 0.21375 0.2226148409893993 0.0325 0.0706713780918728
1 0.24 0.24911660777385158 0.04 0.06007067137809187
1 0.37875000000000003 0.3621908127208481 0.0525 0.0812720848056537
1 0.39375 0.29858657243816256 0.0525 0.07420494699646643
1 0.315 0.254416961130742 0.08 0.127208480565371
1 0.33 0.3939929328621908 0.045 0.1166077738515901
1 0.455 0.2703180212014134 0.06 0.10247349823321554
