1 0.24500000000000002 0.69875 0.15666666666666668 0.5825
1 0.38833333333333336 0.55375 0.11666666666666667 0.4325
1 0.4741666666666667 0.5575 0.12833333333333335 0.47500000000000003
1 0.8541666666666667 0.47125 0.095 0.34750000000000003
1 0.9425000000000001 0.50875 0.115 0.4375
1 0.8025000000000001 0.4275 0.08166666666666667 0.3
1 0.7575000000000001 0.37375 0.06166666666666667 0.2275
1 0.7441666666666668 0.355 0.065 0.24
1 0.7141666666666667 0.33125 0.055 0.20750000000000002
1 0.2891666666666667 0.54125 0.11166666666666668 0.40750000000000003
1 0.32583333333333336 0.41125 0.07166666666666667 0.2625
1 0.49000000000000005 0.2925 0.04 0.155
1 0.5166666666666667 0.29 0.043333333333333335 0.165
1 0.43083333333333335 0.35375 0.04833333333333334 0.0975
1 0.44 0.2675 0.02666666666666667 0.06
1 0.4625 0.265 0.021666666666666667 0.08
