1 0.075 0.6617647058823529 0.05 0.16310160427807485
1 0.093 0.6590909090909091 0.038 0.13101604278074866
1 0.23600000000000002 0.7232620320855615 0.096 0.3181818181818182
1 0.419 0.6336898395721925 0.03 0.1016042780748663
1 0.445 0.6577540106951871 0.054 0.1818181818181818
1 0.47500000000000003 0.6336898395721925 0.03 0.1016042780748663
1 0.526 0.696524064171123 0.092 0.30213903743315507
1 0.5750000000000001 0.6550802139037433 0.046 0.1550802139037433
1 0.641 0.6631016042780749 0.05 0.1711229946524064
1 0.711 0.6457219251336898 0.046 0.15775401069518716
1 0.766 0.6310160427807486 0.032 0.10695187165775401
1 0.8190000000000001 0.7219251336898396 0.11 0.3636363636363636
1 0.857 0.643048128342246 0.042 0.13636363636363635
1 0.9440000000000001 0.6336898395721925 0.036000000000000004 0.11764705882352941
