1 0.215 0.6336336336336337 0.194 0.7147147147147147
1 0.053 0.5015015015015015 0.106 0.43243243243243246
1 0.464 0.5495495495495496 0.04 0.15615615615615616
1 0.503 0.542042042042042 0.042 0.15915915915915915
1 0.596 0.596096096096096 0.152 0.5555555555555556
1 0.737 0.5795795795795796 0.098 0.36036036036036034
1 0.395 0.48348348348348347 0.066 0.25225225225225223
1 0.28 0.46846846846846846 0.08 0.3003003003003003
1 0.313 0.503003003003003 0.066 0.24324324324324323
1 0.132 0.5105105105105106 0.1 0.3663663663663664
1 0.513 0.481981981981982 0.078 0.2852852852852853
1 0.765 0.47897897897897895 0.08600000000000001 0.3213213213213213
1 0.677 0.542042042042042 0.05 0.1891891891891892
1 0.716 0.5435435435435435 0.048 0.18018018018018017
1 0.791 0.45945945945945943 0.08600000000000001 0.3183183183183183
1 0.871 0.5540540540540541 0.05 0.1891891891891892
1 0.883 0.481981981981982 0.082 0.3033033033033033
1 0.934 0.545045045045045 0.064 0.24324324324324323
1 0.971 0.487987987987988 0.058 0.34534534534534533
1 0.848 0.4744744744744745 0.06 0.2222222222222222
1 0.121 0.5075075075075075 0.038 0.09009009009009009
1 0.47800000000000004 0.8783783783783784 0.272 0.0990990990990991
1 0.907 0.8288288288288288 0.17400000000000002 0.12012012012012012
