1 0.03705882352941176 0.4191564147627416 0.07411764705882352 0.4235500878734622
1 0.11294117647058823 0.49209138840070293 0.11294117647058823 0.4112478031634446
1 0.2711764705882353 0.44463971880492087 0.10705882352941176 0.3901581722319859
1 0.29 0.4745166959578207 0.11411764705882352 0.41476274165202104
1 0.3805882352941176 0.45079086115992967 0.11176470588235293 0.4130052724077328
1 0.4241176470588235 0.4780316344463972 0.10235294117647058 0.37258347978910367
1 0.5258823529411765 0.4586994727592267 0.12705882352941175 0.46397188049209137
1 0.5988235294117646 0.43409490333919154 0.12235294117647058 0.44639718804920914
1 0.6964705882352941 0.45079086115992967 0.1176470588235294 0.43409490333919154
1 0.9094117647058823 0.469244288224956 0.08941176470588234 0.3268892794376098
1 0.9488235294117646 0.4727592267135325 0.08117647058823528 0.3022847100175747
1 0.9647058823529411 0.46221441124780316 0.07058823529411765 0.43233743409490333
1 0.09117647058823529 0.3339191564147627 0.045882352941176464 0.11247803163444639
