1 0.156 0.6062874251497007 0.14400000000000002 0.5299401197604791
1 0.038 0.5808383233532934 0.076 0.4191616766467066
1 0.169 0.565868263473054 0.106 0.39520958083832336
1 0.261 0.5164670658682635 0.094 0.35029940119760483
1 0.336 0.5044910179640719 0.076 0.2784431137724551
1 0.515 0.5464071856287426 0.106 0.3862275449101797
1 0.659 0.48053892215568866 0.066 0.24850299401197606
1 0.725 0.5224550898203593 0.082 0.3023952095808383
1 0.85 0.565868263473054 0.12 0.44910179640718567
1 0.799 0.48353293413173654 0.058 0.2125748502994012
1 0.915 0.5194610778443114 0.078 0.2904191616766467
1 0.532 0.34281437125748504 0.028 0.056886227544910184
1 0.752 0.39520958083832336 0.036000000000000004 0.05389221556886228
