1 0.018000000000000002 0.5121951219512195 0.036000000000000004 0.17421602787456447
1 0.027 0.5017421602787456 0.038 0.1672473867595819
1 0.057 0.5069686411149826 0.038 0.16376306620209058
1 0.081 0.5052264808362369 0.038 0.1602787456445993
1 0.115 0.5052264808362369 0.038 0.1602787456445993
1 0.149 0.5087108013937283 0.034 0.15331010452961671
1 0.168 0.5034843205574913 0.036000000000000004 0.156794425087108
1 0.185 0.5104529616724739 0.042 0.17770034843205576
1 0.20800000000000002 0.5052264808362369 0.04 0.17421602787456447
1 0.225 0.5 0.038 0.16376306620209058
1 0.234 0.5209059233449478 0.044 0.18466898954703834
1 0.253 0.5017421602787456 0.038 0.17421602787456447
1 0.296 0.5209059233449478 0.052000000000000005 0.21951219512195122
1 0.32 0.5087108013937283 0.04 0.18118466898954705
1 0.331 0.5139372822299652 0.042 0.18466898954703834
1 0.35000000000000003 0.5069686411149826 0.044 0.18466898954703834
1 0.365 0.5296167247386759 0.05 0.20905923344947736
1 0.4 0.5139372822299652 0.048 0.20557491289198607
1 0.426 0.519163763066202 0.052000000000000005 0.2229965156794425
1 0.44 0.5348432055749129 0.052000000000000005 0.2264808362369338
1 0.47000000000000003 0.5226480836236934 0.048 0.20905923344947736
1 0.489 0.5296167247386759 0.05 0.21602787456445993
1 0.542 0.5331010452961672 0.048 0.21602787456445993
1 0.518 0.524390243902439 0.048 0.20557491289198607
1 0.558 0.5505226480836237 0.06 0.26480836236933797
1 0.594 0.5522648083623694 0.052000000000000005 0.2264808362369338
1 0.625 0.5574912891986062 0.062 0.27177700348432055
1 0.687 0.5592334494773519 0.066 0.28222996515679444
1 0.711 0.5644599303135889 0.07 0.29965156794425085
1 0.75 0.5383275261324042 0.06 0.2682926829268293
1 0.796 0.5905923344947736 0.088 0.3797909407665505
1 0.848 0.5888501742160279 0.076 0.3344947735191638
1 0.885 0.5679442508710801 0.066 0.2857142857142857
1 0.92 0.5766550522648084 0.076 0.3240418118466899
1 0.974 0.5905923344947736 0.052000000000000005 0.34494773519163763
1 0.973 0.4442508710801394 0.026000000000000002 0.10104529616724739
1 0.9540000000000001 0.42857142857142855 0.032 0.0975609756097561
