1 0.03333333333333333 0.4171511627906977 0.06333333333333334 0.2761627906976744
1 0.14 0.47819767441860467 0.08333333333333334 0.35174418604651164
1 0.2016666666666667 0.48110465116279066 0.06666666666666667 0.2877906976744186
1 0.24166666666666667 0.4752906976744186 0.043333333333333335 0.18895348837209303
1 0.2775 0.4825581395348837 0.065 0.27906976744186046
1 0.30583333333333335 0.4622093023255814 0.035 0.1569767441860465
1 0.3191666666666667 0.45930232558139533 0.025 0.10465116279069767
1 0.3466666666666667 0.47674418604651164 0.04 0.1686046511627907
1 0.36750000000000005 0.48546511627906974 0.06833333333333334 0.2965116279069767
1 0.44083333333333335 0.49273255813953487 0.058333333333333334 0.25290697674418605
1 0.4241666666666667 0.4680232558139535 0.058333333333333334 0.25
1 0.4708333333333334 0.501453488372093 0.05166666666666667 0.22965116279069767
1 0.55 0.5697674418604651 0.13 0.563953488372093
1 0.6058333333333333 0.5116279069767442 0.035 0.1569767441860465
1 0.615 0.49709302325581395 0.030000000000000002 0.12790697674418605
1 0.6633333333333333 0.5421511627906976 0.060000000000000005 0.25872093023255816
1 0.7275 0.5523255813953488 0.07833333333333334 0.3372093023255814
1 0.7841666666666667 0.5479651162790697 0.04833333333333334 0.21220930232558138
1 0.8116666666666668 0.5421511627906976 0.03666666666666667 0.15988372093023256
1 0.8683333333333334 0.5479651162790697 0.05 0.21220930232558138
1 0.8483333333333334 0.5406976744186046 0.04 0.1744186046511628
1 0.9400000000000001 0.5915697674418604 0.08 0.34593023255813954
1 0.009166666666666667 0.39825581395348836 0.018333333333333333 0.14534883720930233
1 0.065 0.4215116279069767 0.023333333333333334 0.16279069767441862
1 0.07583333333333334 0.41424418604651164 0.015000000000000001 0.10755813953488372
1 0.09000000000000001 0.41860465116279066 0.013333333333333334 0.12209302325581395
1 0.10416666666666667 0.373546511627907 0.04166666666666667 0.09593023255813954
1 0.11833333333333335 0.3633720930232558 0.05 0.09883720930232558
1 0.17416666666666666 0.44622093023255816 0.025 0.2238372093023256
1 0.22333333333333336 0.3851744186046512 0.016666666666666666 0.07267441860465117
1 0.3016666666666667 0.3895348837209302 0.0033333333333333335 0.05813953488372093
1 0.4 0.47238372093023256 0.03666666666666667 0.18313953488372092
1 0.5058333333333334 0.4636627906976744 0.021666666666666667 0.14244186046511628
1 0.635 0.4680232558139535 0.02 0.0872093023255814
1 0.6525000000000001 0.5043604651162791 0.05166666666666667 0.13662790697674418
1 0.6908333333333334 0.5072674418604651 0.028333333333333335 0.10174418604651163
1 0.6991666666666667 0.5247093023255814 0.045000000000000005 0.13662790697674418
1 0.8025000000000001 0.376453488372093 0.011666666666666667 0.07848837209302326
1 0.8133333333333334 0.3706395348837209 0.016666666666666666 0.055232558139534885
1 0.8341666666666667 0.375 0.028333333333333335 0.046511627906976744
1 0.785 0.3706395348837209 0.030000000000000002 0.06686046511627906
1 0.8066666666666668 0.5290697674418604 0.02666666666666667 0.12209302325581395
1 0.8033333333333333 0.4694767441860465 0.01 0.055232558139534885
1 0.7633333333333334 0.5247093023255814 0.03666666666666667 0.14825581395348836
1 0.9616666666666668 0.5537790697674418 0.05 0.1947674418604651
