1 0.205078125 0.49930555555555556 0.03515625 0.15694444444444444
1 0.265625 0.5333333333333333 0.07187500000000001 0.31666666666666665
1 0.33515625000000004 0.47708333333333336 0.040625 0.17916666666666667
1 0.351171875 0.42847222222222225 0.02421875 0.10416666666666667
1 0.38789062500000004 0.49930555555555556 0.055468750000000004 0.24305555555555555
1 0.45820312500000004 0.48125 0.041406250000000006 0.18194444444444446
1 0.496875 0.5381944444444444 0.078125 0.3402777777777778
1 0.53125 0.49097222222222225 0.053125000000000006 0.23472222222222222
1 0.5554687500000001 0.46944444444444444 0.040625 0.18055555555555555
1 0.587890625 0.4638888888888889 0.03828125 0.16666666666666669
1 0.61484375 0.41597222222222224 0.026562500000000003 0.11527777777777778
1 0.649609375 0.37569444444444444 0.02890625 0.12638888888888888
1 0.673828125 0.3888888888888889 0.025781250000000002 0.11111111111111112
1 0.73984375 0.5284722222222222 0.08125 0.35694444444444445
1 0.065234375 0.4465277777777778 0.030468750000000003 0.10416666666666667
1 0.09453125000000001 0.4847222222222222 0.0203125 0.09444444444444444
1 0.109765625 0.4916666666666667 0.022656250000000003 0.075
1 0.127734375 0.49444444444444446 0.03359375 0.07777777777777778
1 0.135546875 0.43819444444444444 0.030468750000000003 0.08472222222222223
1 0.15078125 0.4840277777777778 0.0234375 0.08472222222222223
1 0.15976562500000002 0.4513888888888889 0.02734375 0.08888888888888889
1 0.177734375 0.4444444444444445 0.02109375 0.08055555555555556
1 0.23164062500000002 0.4395833333333333 0.022656250000000003 0.07916666666666666
1 0.2515625 0.41944444444444445 0.0140625 0.05555555555555556
1 0.291015625 0.4444444444444445 0.025781250000000002 0.1
1 0.30781250000000004 0.40555555555555556 0.0234375 0.05277777777777778
1 0.36796875 0.44722222222222224 0.021875000000000002 0.08055555555555556
1 0.41640625000000003 0.4465277777777778 0.028125 0.08472222222222223
1 0.471484375 0.4131944444444445 0.014843750000000001 0.051388888888888894
1 0.517578125 0.3854166666666667 0.01953125 0.0625
1 0.569921875 0.3965277777777778 0.01953125 0.04027777777777778
1 0.662109375 0.45833333333333337 0.03359375 0.1
1 0.6589843750000001 0.4041666666666667 0.02734375 0.06666666666666667
1 0.783203125 0.37083333333333335 0.030468750000000003 0.11111111111111112
1 0.8054687500000001 0.41805555555555557 0.0234375 0.08888888888888889
1 0.81171875 0.37777777777777777 0.025 0.044444444444444446
1 0.7957031250000001 0.4652777777777778 0.02421875 0.09722222222222222
1 0.782421875 0.4027777777777778 0.02421875 0.0638888888888889
1 0.861328125 0.35833333333333334 0.025781250000000002 0.09166666666666667
1 0.843359375 0.42708333333333337 0.041406250000000006 0.08194444444444444
1 0.829296875 0.4 0.01953125 0.05555555555555556
1 0.415625 0.4486111111111111 0.015625 0.06666666666666667
