1 0.11533333333333333 0.436 0.025333333333333333 0.1
1 0.12866666666666665 0.438 0.025333333333333333 0.096
1 0.14733333333333332 0.434 0.025333333333333333 0.096
1 0.15933333333333333 0.44 0.028 0.108
1 0.188 0.452 0.024 0.092
1 0.20933333333333332 0.433 0.029333333333333333 0.106
1 0.246 0.442 0.028 0.108
1 0.3973333333333333 0.466 0.058666666666666666 0.216
1 0.44 0.462 0.056 0.20800000000000002
1 0.4493333333333333 0.515 0.042666666666666665 0.158
1 0.5266666666666666 0.501 0.064 0.23800000000000002
1 0.5486666666666666 0.494 0.05733333333333333 0.216
1 0.6453333333333333 0.543 0.050666666666666665 0.186
1 0.6633333333333333 0.488 0.06799999999999999 0.252
1 0.754 0.514 0.06533333333333333 0.24
1 0.816 0.525 0.072 0.27
1 0.602 0.41000000000000003 0.014666666666666666 0.056
1 0.09333333333333332 0.388 0.024 0.036000000000000004
1 0.16999999999999998 0.396 0.017333333333333333 0.04
1 0.19 0.399 0.025333333333333333 0.042
1 0.2786666666666667 0.401 0.021333333333333333 0.026000000000000002
1 0.2553333333333333 0.447 0.02 0.11
1 0.4973333333333333 0.381 0.021333333333333333 0.034
1 0.576 0.4 0.024 0.036000000000000004
1 0.5773333333333334 0.37 0.016 0.04
1 0.5633333333333334 0.365 0.012 0.034
1 0.5599999999999999 0.367 0.013333333333333332 0.034
1 0.5459999999999999 0.365 0.012 0.038
1 0.9146666666666666 0.398 0.021333333333333333 0.04
