1 0.07028985507246377 0.7663043478260869 0.10869565217391304 0.3978260869565217
1 0.20144927536231885 0.7565217391304347 0.12173913043478261 0.44782608695652176
1 0.30434782608695654 0.8032608695652174 0.08405797101449275 0.3065217391304348
1 0.44130434782608696 0.7641304347826087 0.09420289855072464 0.35
1 0.6550724637681159 0.75 0.10434782608695653 0.3869565217391304
1 0.8007246376811594 0.7434782608695653 0.1144927536231884 0.4260869565217391
1 0.9007246376811594 0.7532608695652174 0.1 0.3673913043478261
1 0.11521739130434783 0.5478260869565218 0.09420289855072464 0.12608695652173912
1 0.22318840579710145 0.5423913043478261 0.11014492753623188 0.21956521739130436
1 0.33695652173913043 0.5478260869565218 0.1144927536231884 0.25217391304347825
1 0.43043478260869567 0.558695652173913 0.10144927536231885 0.20869565217391306
1 0.55 0.5543478260869565 0.09130434782608696 0.24347826086956523
1 0.6376811594202899 0.5478260869565218 0.08985507246376812 0.19130434782608696
1 0.7427536231884058 0.5706521739130435 0.09420289855072464 0.19782608695652174
1 0.841304347826087 0.5619565217391305 0.07391304347826087 0.1934782608695652
