1 0.135 0.4814385150812065 0.0525 0.23897911832946633
1 0.184375 0.48607888631090485 0.05625 0.2529002320185615
1 0.241875 0.5 0.04875 0.22041763341067283
1 0.455625 0.48839907192575405 0.05375 0.24361948955916474
1 0.500625 0.54292343387471 0.06375 0.2877030162412993
1 0.574375 0.5139211136890951 0.06625 0.3039443155452436
1 0.626875 0.4767981438515081 0.03625 0.16937354988399073
1 0.665625 0.48259860788863107 0.04625 0.2088167053364269
1 0.750625 0.44663573085846864 0.043750000000000004 0.19721577726218098
1 0.7156250000000001 0.4176334106728538 0.01375 0.060324825986078884
1 0.70125 0.4187935034802784 0.01 0.05336426914153132
1 0.82375 0.4709976798143851 0.04 0.18097447795823665
1 0.606875 0.4373549883990719 0.02375 0.1136890951276102
1 0.593125 0.40951276102088163 0.03125 0.08584686774941995
1 0.6425 0.40603248259860786 0.0175 0.06960556844547564
1 0.7675000000000001 0.40371229698375866 0.0175 0.04640371229698376
1 0.78125 0.4048723897911833 0.0125 0.03480278422273782
1 0.7937500000000001 0.41647331786542924 0.0175 0.04408352668213457
1 0.80375 0.4071925754060325 0.015 0.04408352668213457
1 0.8575 0.41067285382830626 0.015 0.037122969837587005
1 0.86375 0.41299303944315546 0.015 0.03248259860788863
1 0.896875 0.40835266821345706 0.02375 0.05568445475638051
1 0.928125 0.41067285382830626 0.02375 0.037122969837587005
1 0.940625 0.40835266821345706 0.02125 0.04176334106728538
1 0.96375 0.41067285382830626 0.03 0.05104408352668213
1 0.84375 0.40603248259860786 0.0075 0.02320185614849188
1 0.8375 0.5023201856148491 0.0625 0.10440835266821345
