1 0.020416666666666666 0.544375 0.010833333333333334 0.043750000000000004
1 0.03958333333333334 0.5337500000000001 0.007500000000000001 0.0275
1 0.04791666666666667 0.534375 0.007500000000000001 0.02875
1 0.05916666666666667 0.530625 0.006666666666666667 0.02625
1 0.07708333333333334 0.53125 0.005833333333333334 0.025
1 0.10333333333333335 0.5337500000000001 0.008333333333333333 0.0325
1 0.11458333333333334 0.5325 0.009166666666666667 0.035
1 0.13208333333333333 0.533125 0.009166666666666667 0.03375
1 0.15125000000000002 0.5337500000000001 0.010833333333333334 0.0425
1 0.16333333333333333 0.52875 0.006666666666666667 0.0275
1 0.1716666666666667 0.53125 0.005 0.02
1 0.18708333333333335 0.58 0.035833333333333335 0.13
1 0.21541666666666667 0.585 0.035833333333333335 0.135
1 0.24750000000000003 0.575625 0.03666666666666667 0.13375
1 0.27 0.538125 0.011666666666666667 0.04625
1 0.25833333333333336 0.5337500000000001 0.013333333333333334 0.0525
1 0.3070833333333334 0.544375 0.0125 0.04875
1 0.3166666666666667 0.5437500000000001 0.011666666666666667 0.0475
1 0.32375000000000004 0.543125 0.0125 0.04875
1 0.32916666666666666 0.544375 0.01 0.04125
1 0.33958333333333335 0.540625 0.014166666666666668 0.051250000000000004
1 0.3691666666666667 0.59375 0.04166666666666667 0.155
1 0.39916666666666667 0.566875 0.03333333333333333 0.12375
1 0.41250000000000003 0.598125 0.03833333333333334 0.14375000000000002
1 0.49833333333333335 0.5775 0.03166666666666667 0.12
1 0.5283333333333333 0.57375 0.03166666666666667 0.11750000000000001
1 0.5566666666666668 0.595625 0.04833333333333334 0.18125
1 0.5183333333333333 0.524375 0.008333333333333333 0.03375
1 0.7641666666666667 0.538125 0.021666666666666667 0.08125
1 0.7858333333333334 0.53625 0.023333333333333334 0.085
1 0.8225 0.574375 0.03166666666666667 0.11875000000000001
1 0.8870833333333333 0.569375 0.0325 0.12125
1 0.91 0.52 0.008333333333333333 0.03
1 0.22125 0.58125 0.03416666666666667 0.1275
1 0.4866666666666667 0.526875 0.01 0.03875
1 0.8391666666666667 0.521875 0.011666666666666667 0.043750000000000004
1 0.8550000000000001 0.5181250000000001 0.005 0.02125
1 0.8508333333333334 0.520625 0.005 0.02125
1 0.4654166666666667 0.52375 0.004166666666666667 0.0175
1 0.45875000000000005 0.520625 0.005833333333333334 0.02375
1 0.47875 0.528125 0.007500000000000001 0.02625
1 0.41208333333333336 0.521875 0.0175 0.03625
1 0.3466666666666667 0.52375 0.01 0.025
1 0.35333333333333333 0.5275 0.015000000000000001 0.03
1 0.22625 0.529375 0.010833333333333334 0.03875
1 0.18125000000000002 0.525 0.007500000000000001 0.0175
1 0.012083333333333335 0.5325 0.005833333333333334 0.0275
