1 0.032 0.3846153846153846 0.032 0.14046822742474915
1 0.06 0.36789297658862874 0.028 0.11371237458193979
1 0.097 0.47157190635451507 0.082 0.3411371237458194
1 0.137 0.37959866220735783 0.026000000000000002 0.11705685618729096
1 0.194 0.36622073578595316 0.024 0.09698996655518395
1 0.217 0.3879598662207358 0.03 0.13377926421404682
1 0.242 0.411371237458194 0.048 0.1939799331103679
1 0.279 0.37792642140468224 0.026000000000000002 0.11371237458193979
1 0.293 0.36622073578595316 0.022 0.09698996655518395
1 0.317 0.391304347826087 0.034 0.1471571906354515
1 0.358 0.382943143812709 0.028 0.11705685618729096
1 0.382 0.37792642140468224 0.024 0.10702341137123746
1 0.43 0.560200668896321 0.132 0.5451505016722408
1 0.486 0.451505016722408 0.064 0.2608695652173913
1 0.581 0.3879598662207358 0.03 0.13377926421404682
1 0.609 0.39464882943143814 0.034 0.1471571906354515
1 0.668 0.382943143812709 0.02 0.08361204013377926
1 0.6940000000000001 0.3879598662207358 0.024 0.10702341137123746
1 0.716 0.4280936454849498 0.048 0.20735785953177258
1 0.776 0.3862876254180602 0.02 0.0903010033444816
1 0.8200000000000001 0.391304347826087 0.024 0.10702341137123746
1 0.856 0.5016722408026756 0.084 0.3411371237458194
1 0.903 0.3963210702341137 0.026000000000000002 0.10367892976588629
1 0.9420000000000001 0.4180602006688963 0.036000000000000004 0.15384615384615385
1 0.11800000000000001 0.34782608695652173 0.016 0.06688963210702341
1 0.41000000000000003 0.35618729096989965 0.028 0.07692307692307693
1 0.454 0.342809364548495 0.032 0.056856187290969896
1 0.467 0.3494983277591973 0.034 0.056856187290969896
1 0.844 0.4297658862876254 0.048 0.1906354515050167
