1 0.055 0.5012658227848101 0.09666666666666668 0.359493670886076
1 0.12916666666666668 0.4949367088607595 0.135 0.5037974683544304
1 0.14583333333333334 0.5392405063291139 0.16166666666666668 0.6075949367088608
1 0.2625 0.48227848101265824 0.20833333333333334 0.7721518987341772
1 0.38583333333333336 0.5531645569620254 0.1716666666666667 0.6354430379746836
1 0.4841666666666667 0.5088607594936709 0.10500000000000001 0.3949367088607595
1 0.5675 0.5215189873417722 0.16166666666666668 0.6075949367088608
1 0.6258333333333334 0.5253164556962026 0.18833333333333335 0.6962025316455697
1 0.7358333333333333 0.5341772151898734 0.13166666666666668 0.48607594936708864
1 0.8550000000000001 0.49620253164556966 0.17333333333333334 0.6481012658227848
1 0.88 0.49746835443037973 0.16666666666666669 0.620253164556962
1 0.9458333333333334 0.540506329113924 0.10833333333333334 0.4278481012658228
1 0.20833333333333334 0.5151898734177215 0.09333333333333334 0.4278481012658228
1 0.36833333333333335 0.3658227848101266 0.09666666666666668 0.31139240506329113
1 0.4316666666666667 0.5341772151898734 0.06333333333333334 0.5012658227848101
1 0.5650000000000001 0.33924050632911396 0.11333333333333334 0.3037974683544304
1 0.7825000000000001 0.3227848101265823 0.08833333333333333 0.179746835443038
