1 0.7922222222222223 0.4408284023668639 0.04666666666666667 0.15384615384615385
1 0.12333333333333334 0.48668639053254437 0.04666666666666667 0.15088757396449703
1 0.16777777777777778 0.5014792899408284 0.05555555555555555 0.1804733727810651
1 0.15888888888888889 0.47928994082840237 0.042222222222222223 0.14201183431952663
1 0.2111111111111111 0.4911242603550296 0.044444444444444446 0.15384615384615385
1 0.28888888888888886 0.5266272189349113 0.07111111111111111 0.23076923076923075
1 0.3244444444444444 0.5014792899408284 0.057777777777777775 0.1982248520710059
1 0.3655555555555556 0.47633136094674555 0.04666666666666667 0.15976331360946744
1 0.45222222222222225 0.5088757396449703 0.06444444444444444 0.20710059171597633
1 0.47444444444444445 0.48372781065088755 0.051111111111111114 0.17455621301775148
1 0.4988888888888889 0.4896449704142012 0.05555555555555555 0.1863905325443787
1 0.5088888888888888 0.5133136094674556 0.05333333333333333 0.1804733727810651
1 0.5511111111111111 0.5014792899408284 0.06222222222222222 0.20414201183431951
1 0.5788888888888889 0.5088757396449703 0.06444444444444444 0.21301775147928995
1 0.5955555555555555 0.5 0.07111111111111111 0.23076923076923075
1 0.6044444444444445 0.522189349112426 0.06666666666666667 0.21597633136094674
1 0.6222222222222222 0.5207100591715976 0.06666666666666667 0.21893491124260356
1 0.6655555555555556 0.5059171597633136 0.09555555555555556 0.3136094674556213
1 0.6955555555555556 0.5798816568047337 0.12 0.3964497041420118
1 0.7433333333333333 0.47781065088757396 0.06444444444444444 0.21005917159763313
1 0.4211111111111111 0.48224852071005914 0.051111111111111114 0.16568047337278105
1 0.4022222222222222 0.47633136094674555 0.04888888888888889 0.15976331360946744
1 0.34555555555555556 0.48372781065088755 0.04666666666666667 0.15680473372781065
1 0.23666666666666666 0.4615384615384615 0.03777777777777778 0.1301775147928994
1 0.2611111111111111 0.4911242603550296 0.042222222222222223 0.14792899408284024
1 0.026666666666666665 0.35502958579881655 0.044444444444444446 0.07100591715976332
1 0.06444444444444444 0.35650887573964496 0.035555555555555556 0.07396449704142012
1 0.87 0.4437869822485207 0.24666666666666667 0.7455621301775148
1 0.85 0.9053254437869822 0.2822222222222222 0.1834319526627219
1 0.5511111111111111 0.3668639053254438 0.03111111111111111 0.03550295857988166
1 0.30666666666666664 0.40828402366863903 0.017777777777777778 0.04142011834319526
1 0.1411111111111111 0.36390532544378695 0.042222222222222223 0.05917159763313609
1 0.29555555555555557 0.8062130177514792 0.057777777777777775 0.10946745562130178
1 0.3377777777777778 0.7914201183431953 0.035555555555555556 0.11538461538461538
1 0.3655555555555556 0.7263313609467456 0.03777777777777778 0.06804733727810651
1 0.4388888888888889 0.764792899408284 0.06 0.11538461538461538
1 0.5077777777777778 0.7514792899408284 0.051111111111111114 0.10650887573964497
1 0.14555555555555555 0.6079881656804733 0.06444444444444444 0.04437869822485207
1 0.2088888888888889 0.5828402366863905 0.06222222222222222 0.011834319526627219
1 0.2788888888888889 0.6627218934911242 0.05555555555555555 0.05917159763313609
1 0.3233333333333333 0.6198224852071006 0.042222222222222223 0.05029585798816568
1 0.4477777777777778 0.6331360946745562 0.05555555555555555 0.05325443786982249
