1 0.07 0.5948795180722892 0.036000000000000004 0.12951807228915663
1 0.276 0.6039156626506025 0.036000000000000004 0.12951807228915663
1 0.317 0.6024096385542169 0.03 0.12048192771084337
1 0.267 0.5933734939759037 0.034 0.12650602409638556
1 0.793 0.6475903614457832 0.094 0.3433734939759036
1 0.729 0.6310240963855422 0.078 0.2921686746987952
1 0.672 0.6445783132530121 0.076 0.27710843373493976
1 0.606 0.6506024096385542 0.076 0.28313253012048195
1 0.561 0.6400602409638555 0.07 0.2620481927710844
1 0.527 0.6340361445783133 0.07 0.2560240963855422
1 0.461 0.6189759036144579 0.058 0.21987951807228917
1 0.771 0.6174698795180723 0.062 0.23493975903614459
1 0.502 0.6295180722891567 0.06 0.22891566265060243
1 0.745 0.6114457831325302 0.066 0.24096385542168675
1 0.641 0.6174698795180723 0.066 0.2530120481927711
1 0.686 0.6129518072289157 0.068 0.2560240963855422
1 0.435 0.6114457831325302 0.058 0.21084337349397592
1 0.41200000000000003 0.6114457831325302 0.056 0.20481927710843376
1 0.392 0.6069277108433735 0.052000000000000005 0.20180722891566266
1 0.373 0.608433734939759 0.05 0.1927710843373494
