1 0.20333333333333334 0.6190476190476191 0.2 0.7418546365914787
1 0.38 0.6090225563909775 0.13 0.48120300751879697
1 0.545 0.662907268170426 0.17666666666666667 0.6491228070175439
1 0.8216666666666668 0.6390977443609023 0.18666666666666668 0.6917293233082706
1 0.9216666666666667 0.5714285714285714 0.12333333333333334 0.45112781954887216
1 0.9608333333333334 0.5401002506265664 0.07833333333333334 0.3333333333333333
1 0.7391666666666667 0.5363408521303258 0.115 0.42606516290726815
1 0.6191666666666668 0.5476190476190476 0.10833333333333334 0.40350877192982454
1 0.6516666666666667 0.5050125313283208 0.08 0.2932330827067669
1 0.45333333333333337 0.5338345864661653 0.11 0.40100250626566414
1 0.35500000000000004 0.525062656641604 0.10666666666666667 0.39348370927318294
1 0.6808333333333334 0.4849624060150376 0.07166666666666667 0.2631578947368421
1 0.275 0.6365914786967418 0.15000000000000002 0.5513784461152882
1 0.3375 0.39097744360902253 0.025 0.05513784461152882
1 0.4266666666666667 0.40100250626566414 0.02666666666666667 0.07518796992481203
