1 0.871 0.7327327327327328 0.13 0.48648648648648646
1 0.733 0.7207207207207207 0.11 0.4084084084084084
1 0.61 0.7252252252252253 0.10400000000000001 0.38738738738738737
1 0.549 0.6996996996996997 0.09 0.3363363363363363
1 0.506 0.7072072072072072 0.1 0.36936936936936937
1 0.455 0.6831831831831832 0.09 0.32732732732732733
1 0.41500000000000004 0.6891891891891891 0.098 0.35735735735735735
1 0.339 0.6801801801801802 0.08600000000000001 0.3213213213213213
1 0.281 0.6531531531531531 0.082 0.3033033033033033
1 0.231 0.6501501501501501 0.082 0.3033033033033033
1 0.154 0.6531531531531531 0.07200000000000001 0.2732732732732733
1 0.114 0.6441441441441441 0.07200000000000001 0.2732732732732733
1 0.082 0.6411411411411412 0.064 0.24324324324324323
1 0.046 0.6321321321321322 0.06 0.22522522522522523
1 0.653 0.7042042042042042 0.094 0.34534534534534533
1 0.018000000000000002 0.6591591591591591 0.032 0.14114114114114115
