1 0.2808333333333333 0.6468750000000001 0.035 0.1625
1 0.30333333333333334 0.6265625 0.03333333333333333 0.15937500000000002
1 0.32583333333333336 0.6390625000000001 0.03166666666666667 0.146875
1 0.3458333333333334 0.6484375 0.03166666666666667 0.146875
1 0.43833333333333335 0.6468750000000001 0.043333333333333335 0.20625000000000002
1 0.4625 0.6546875000000001 0.04166666666666667 0.19062500000000002
1 0.49250000000000005 0.6468750000000001 0.04166666666666667 0.19375
1 0.7091666666666667 0.7421875 0.07166666666666667 0.33437500000000003
1 0.8341666666666667 0.7421875 0.08166666666666667 0.371875
1 0.39583333333333337 0.640625 0.03166666666666667 0.14375000000000002
