1 0.193 0.6423220973782772 0.074 0.34831460674157305
1 0.28400000000000003 0.4737827715355805 0.064 0.30337078651685395
1 0.383 0.5599250936329588 0.07 0.3258426966292135
1 0.46 0.5 0.068 0.31086142322097376
1 0.542 0.4400749063670412 0.052000000000000005 0.24344569288389514
1 0.634 0.5898876404494382 0.07200000000000001 0.3333333333333333
1 0.722 0.7097378277153558 0.084 0.39325842696629215
1 0.868 0.6348314606741573 0.084 0.39325842696629215
1 0.07200000000000001 0.4288389513108614 0.064 0.30337078651685395
1 0.036000000000000004 0.3202247191011236 0.052000000000000005 0.24344569288389514
1 0.136 0.3970037453183521 0.064 0.299625468164794
1 0.197 0.2546816479400749 0.05 0.2247191011235955
1 0.244 0.352059925093633 0.056 0.2546816479400749
1 0.3 0.3052434456928839 0.052000000000000005 0.23595505617977527
1 0.34 0.41198501872659177 0.056 0.2696629213483146
1 0.371 0.2640449438202247 0.054 0.24344569288389514
1 0.468 0.3071161048689139 0.048 0.23220973782771537
1 0.5640000000000001 0.2546816479400749 0.044 0.20973782771535582
1 0.597 0.3838951310861423 0.054 0.24344569288389514
1 0.647 0.3464419475655431 0.046 0.2209737827715356
1 0.75 0.3951310861423221 0.068 0.31086142322097376
1 0.776 0.35580524344569286 0.06 0.27715355805243447
1 0.434 0.36704119850187267 0.052000000000000005 0.24719101123595505
1 0.674 0.5205992509363296 0.068 0.3146067415730337
1 0.708 0.44756554307116103 0.064 0.2958801498127341
1 0.884 0.5561797752808989 0.07200000000000001 0.3408239700374532
1 0.916 0.46254681647940077 0.068 0.31835205992509363
1 0.9400000000000001 0.41947565543071164 0.064 0.299625468164794
1 0.526 0.26591760299625467 0.04 0.1797752808988764
1 0.126 0.22659176029962547 0.092 0.10861423220973783
1 0.164 0.43820224719101125 0.16 0.149812734082397
