1 0.2733333333333333 0.7825443786982248 0.1288888888888889 0.4230769230769231
1 0.4066666666666667 0.7174556213017751 0.09333333333333334 0.3047337278106509
1 0.45444444444444443 0.7248520710059172 0.08666666666666667 0.28402366863905326
1 0.58 0.7130177514792899 0.08444444444444445 0.28402366863905326
1 0.6455555555555555 0.75 0.08222222222222222 0.2692307692307692
1 0.8822222222222222 0.7514792899408284 0.07555555555555556 0.24260355029585798
1 0.7566666666666667 0.7041420118343195 0.07777777777777778 0.2544378698224852
1 0.9733333333333334 0.6789940828402367 0.05333333333333333 0.22189349112426035
1 0.16111111111111112 0.6967455621301775 0.07777777777777778 0.2514792899408284
1 0.24 0.6908284023668639 0.07555555555555556 0.2514792899408284
1 0.07333333333333333 0.5710059171597633 0.14222222222222222 0.6627218934911242
