1 0.4666666666666667 0.6390977443609023 0.19333333333333336 0.7117794486215538
1 0.30250000000000005 0.6165413533834586 0.14833333333333334 0.5463659147869674
1 0.21750000000000003 0.5789473684210527 0.10500000000000001 0.39097744360902253
1 0.39583333333333337 0.5601503759398496 0.06166666666666667 0.22807017543859648
1 0.5758333333333334 0.5639097744360901 0.07500000000000001 0.2756892230576441
1 0.5216666666666667 0.5401002506265664 0.043333333333333335 0.16791979949874686
1 0.7033333333333334 0.6090225563909775 0.1 0.3659147869674185
1 0.8841666666666668 0.6102756892230576 0.13833333333333334 0.5137844611528821
1 0.7641666666666667 0.56265664160401 0.06833333333333334 0.2581453634085213
1 0.8108333333333334 0.556390977443609 0.04833333333333334 0.18045112781954886
1 0.8366666666666667 0.5451127819548872 0.043333333333333335 0.15789473684210525
1 0.6491666666666667 0.5476190476190476 0.03833333333333334 0.14285714285714285
1 0.25833333333333336 0.9411027568922306 0.12333333333333334 0.10275689223057644
1 0.1691666666666667 0.8082706766917293 0.09833333333333334 0.047619047619047616
1 0.14083333333333334 0.7481203007518796 0.07166666666666667 0.042606516290726815
1 0.11666666666666667 0.7017543859649122 0.060000000000000005 0.03007518796992481
1 0.10416666666666667 0.6716791979949874 0.055 0.020050125313283207
1 0.07833333333333334 0.6516290726817042 0.043333333333333335 0.015037593984962405
1 0.06916666666666667 0.6340852130325814 0.035 0.015037593984962405
1 0.05416666666666667 0.6240601503759398 0.04166666666666667 0.015037593984962405
1 0.0475 0.6140350877192982 0.03166666666666667 0.010025062656641603
1 0.9366666666666668 0.9097744360902256 0.12000000000000001 0.10526315789473684
1 0.7166666666666667 0.8032581453634084 0.08333333333333334 0.05764411027568922
1 0.5766666666666667 0.7481203007518796 0.05 0.03759398496240601
1 0.3866666666666667 0.6704260651629073 0.04 0.03258145363408521
1 0.7758333333333334 0.7030075187969924 0.05166666666666667 0.02756892230576441
1 0.9316666666666668 0.7481203007518796 0.08 0.042606516290726815
