1 0.011428571428571429 0.4509594882729211 0.022857142857142857 0.13432835820895522
1 0.02642857142857143 0.4509594882729211 0.03571428571428571 0.1300639658848614
1 0.052142857142857144 0.4669509594882729 0.03 0.11513859275053305
1 0.065 0.44989339019189767 0.032857142857142856 0.11940298507462686
1 0.09928571428571428 0.4466950959488273 0.03571428571428571 0.1300639658848614
1 0.12714285714285714 0.4541577825159915 0.03428571428571429 0.1279317697228145
1 0.18714285714285714 0.47228144989339016 0.03142857142857143 0.11727078891257996
1 0.1692857142857143 0.4552238805970149 0.024285714285714285 0.09594882729211088
1 0.21285714285714286 0.4605543710021322 0.03428571428571429 0.1279317697228145
1 0.23642857142857143 0.4573560767590618 0.03857142857142857 0.14285714285714285
1 0.2542857142857143 0.4520255863539446 0.03428571428571429 0.13219616204690832
1 0.3485714285714286 0.476545842217484 0.037142857142857144 0.13859275053304904
1 0.43 0.4616204690831556 0.04 0.14712153518123666
1 0.43857142857142856 0.4669509594882729 0.03428571428571429 0.12366737739872068
1 0.4514285714285714 0.47547974413646055 0.03142857142857143 0.11940298507462686
1 0.4642857142857143 0.464818763326226 0.037142857142857144 0.14072494669509594
1 0.5164285714285715 0.48081023454157784 0.03857142857142857 0.14712153518123666
1 0.5407142857142857 0.47547974413646055 0.041428571428571426 0.15351812366737738
1 0.565 0.48081023454157784 0.03857142857142857 0.14712153518123666
1 0.5964285714285714 0.47121535181236673 0.041428571428571426 0.14925373134328357
1 0.5871428571428572 0.47014925373134325 0.04285714285714286 0.15565031982942432
1 0.6128571428571429 0.47014925373134325 0.04285714285714286 0.15565031982942432
1 0.6342857142857142 0.4861407249466951 0.04285714285714286 0.15778251599147122
1 0.6671428571428571 0.4861407249466951 0.04285714285714286 0.16204690831556504
1 0.7328571428571429 0.4925373134328358 0.04285714285714286 0.16204690831556504
1 0.7114285714285714 0.47761194029850745 0.045714285714285714 0.16631130063965885
1 0.7892857142857143 0.6695095948827292 0.17 0.6183368869936035
1 0.8542857142857143 0.5021321961620469 0.045714285714285714 0.17270788912579957
1 0.875 0.509594882729211 0.05285714285714286 0.20042643923240938
1 0.9342857142857143 0.5266524520255863 0.05714285714285714 0.21321961620469082
1 0.9464285714285714 0.5085287846481876 0.05 0.18976545842217485
1 0.9828571428571429 0.6098081023454157 0.03142857142857143 0.4136460554371002
1 0.3092857142857143 0.4594882729211087 0.03 0.08742004264392324
1 0.49214285714285716 0.44243070362473347 0.03 0.053304904051172705
1 0.525 0.2484008528784648 0.024285714285714285 0.031982942430703626
1 0.5428571428571428 0.24520255863539445 0.011428571428571429 0.0255863539445629
1 0.835 0.2185501066098081 0.032857142857142856 0.04477611940298507
1 0.87 0.21641791044776118 0.03428571428571429 0.03624733475479744
1 0.9 0.21641791044776118 0.03428571428571429 0.03624733475479744
