1 0.41748046875 0.8546099290780141 0.0419921875 0.1879432624113475
1 0.279296875 0.8315602836879432 0.033203125 0.14893617021276595
1 0.244140625 0.8280141843971631 0.029296875 0.13120567375886524
1 0.15673828125 0.8377659574468085 0.0244140625 0.10815602836879433
1 0.1669921875 0.8271276595744681 0.029296875 0.13297872340425532
1 0.18408203125 0.8413120567375887 0.0244140625 0.11170212765957446
1 0.1298828125 0.8315602836879432 0.02734375 0.12056737588652482
1 0.1044921875 0.8351063829787234 0.02734375 0.1276595744680851
1 0.03271484375 0.8218085106382979 0.0283203125 0.12588652482269502
1 0.07373046875 0.8129432624113475 0.0185546875 0.08333333333333333
1 0.48388671875 0.8031914893617021 0.0244140625 0.10638297872340426
1 0.6640625 0.7952127659574468 0.0234375 0.10815602836879433
1 0.71875 0.8093971631205673 0.02734375 0.12588652482269502
1 0.8232421875 0.7828014184397163 0.021484375 0.09397163120567376
1 0.9736328125 0.8067375886524822 0.02734375 0.1276595744680851
1 0.9150390625 0.8138297872340425 0.021484375 0.09929078014184398
1 0.521484375 0.799645390070922 0.0234375 0.10638297872340426
1 0.111328125 0.8306737588652482 0.0078125 0.13297872340425532
1 0.60400390625 0.3475177304964539 0.0341796875 0.16666666666666666
