1 0.03636363636363636 0.6991869918699187 0.07272727272727272 0.2764227642276423
1 0.08272727272727273 0.6707317073170732 0.06727272727272728 0.24661246612466126
1 0.12181818181818181 0.6951219512195121 0.08 0.2953929539295393
1 0.16636363636363635 0.6829268292682927 0.06727272727272728 0.25474254742547425
1 0.19818181818181818 0.6937669376693767 0.08363636363636363 0.3089430894308943
1 0.26 0.6937669376693767 0.08727272727272728 0.31978319783197834
1 0.33 0.6937669376693767 0.08181818181818182 0.2981029810298103
1 0.30727272727272725 0.6598915989159891 0.06909090909090909 0.25203252032520324
1 0.3518181818181818 0.6842818428184282 0.07454545454545454 0.2791327913279133
1 0.4681818181818182 0.6747967479674797 0.07454545454545454 0.2764227642276423
1 0.49454545454545457 0.5447154471544715 0.02181818181818182 0.08130081300813008
1 0.42818181818181816 0.5474254742547425 0.023636363636363636 0.08672086720867209
1 0.45 0.5501355013550135 0.023636363636363636 0.08672086720867209
1 0.2827272727272727 0.5447154471544715 0.02 0.08130081300813008
1 0.30636363636363634 0.540650406504065 0.02 0.07859078590785908
1 0.519090909090909 0.5433604336043361 0.02 0.07317073170731707
1 0.5854545454545454 0.5447154471544715 0.01818181818181818 0.07588075880758807
1 0.54 0.6815718157181572 0.07272727272727272 0.27371273712737126
1 0.6118181818181818 0.6720867208672087 0.07818181818181819 0.2926829268292683
1 0.65 0.6639566395663956 0.06727272727272728 0.24932249322493225
1 0.72 0.6829268292682927 0.07636363636363637 0.2764227642276423
1 0.8036363636363636 0.6788617886178862 0.07636363636363637 0.2845528455284553
1 0.7681818181818182 0.6598915989159891 0.06727272727272728 0.25203252032520324
1 0.8309090909090909 0.6598915989159891 0.06545454545454546 0.24119241192411925
1 0.8727272727272727 0.6734417344173441 0.08 0.2899728997289973
1 0.9263636363636364 0.6707317073170732 0.07454545454545454 0.2791327913279133
1 0.9745454545454545 0.6707317073170732 0.05090909090909091 0.2791327913279133
1 0.7063636363636364 0.6626016260162602 0.06363636363636363 0.23577235772357724
1 0.22090909090909092 0.5176151761517616 0.023636363636363636 0.037940379403794036
1 0.26454545454545453 0.521680216802168 0.02 0.04065040650406504
1 0.33 0.524390243902439 0.02 0.04607046070460705
1 0.3509090909090909 0.5257452574525745 0.014545454545454545 0.04336043360433604
1 0.37272727272727274 0.5284552845528455 0.01818181818181818 0.037940379403794036
1 0.47 0.521680216802168 0.02 0.03523035230352303
1 0.5436363636363636 0.524390243902439 0.014545454545454545 0.024390243902439025
1 0.5627272727272727 0.524390243902439 0.016363636363636365 0.04065040650406504
