1 0.122 0.5936454849498327 0.064 0.2709030100334448
1 0.08 0.5986622073578595 0.056 0.23411371237458192
1 0.036000000000000004 0.6020066889632107 0.048 0.1939799331103679
1 0.20600000000000002 0.588628762541806 0.076 0.3210702341137124
1 0.272 0.5969899665551839 0.052000000000000005 0.22408026755852842
1 0.337 0.5936454849498327 0.08600000000000001 0.35785953177257523
1 0.368 0.580267558528428 0.068 0.27759197324414714
1 0.401 0.5953177257525083 0.042 0.17391304347826086
1 0.481 0.6036789297658863 0.11800000000000001 0.48494983277591974
1 0.54 0.5785953177257525 0.044 0.18729096989966554
1 0.581 0.5852842809364548 0.066 0.26755852842809363
1 0.619 0.588628762541806 0.08600000000000001 0.3612040133779264
1 0.648 0.5668896321070234 0.06 0.25752508361204013
1 0.6990000000000001 0.5769230769230769 0.07 0.29765886287625415
1 0.847 0.5919732441471571 0.11800000000000001 0.4882943143812709
1 0.779 0.5819397993311036 0.062 0.2608695652173913
1 0.743 0.5936454849498327 0.038 0.16387959866220736
1 0.798 0.5852842809364548 0.056 0.22742474916387959
1 0.887 0.5852842809364548 0.042 0.17391304347826086
1 0.916 0.580267558528428 0.096 0.3979933110367893
1 0.978 0.5735785953177257 0.044 0.29765886287625415
