1 0.5434782608695652 0.6514161220043574 0.1536231884057971 0.5708061002178649
1 0.18695652173913044 0.6067538126361657 0.12753623188405797 0.4684095860566449
1 0.02681159420289855 0.5010893246187365 0.0536231884057971 0.21350762527233116
1 0.07173913043478261 0.47276688453159044 0.04492753623188406 0.16993464052287582
1 0.20869565217391306 0.533769063180828 0.08695652173913043 0.32244008714596956
1 0.33260869565217394 0.5021786492374728 0.059420289855072465 0.22004357298474947
1 0.40144927536231884 0.5174291938997821 0.0782608695652174 0.29411764705882354
1 0.4434782608695652 0.5664488017429194 0.09855072463768116 0.36165577342047933
1 0.5920289855072464 0.5010893246187365 0.06521739130434782 0.23965141612200438
1 0.6550724637681159 0.5305010893246188 0.08405797101449275 0.30718954248366015
1 0.7152173913043478 0.4814814814814815 0.05652173913043478 0.21350762527233116
1 0.7753623188405797 0.5098039215686275 0.07246376811594203 0.2701525054466231
1 0.8384057971014492 0.5718954248366014 0.11159420289855072 0.4161220043572985
1 0.9485507246376812 0.5403050108932462 0.08840579710144927 0.3311546840958606
1 0.04420289855072464 0.4934640522875817 0.015942028985507246 0.1982570806100218
1 0.7760869565217391 0.39433551198257083 0.02753623188405797 0.09150326797385622
1 0.9 0.4923747276688454 0.014492753623188406 0.24400871459694992
