1 0.2653846153846154 0.49435665914221216 0.1423076923076923 0.4063205417607223
1 0.10480769230769231 0.2866817155756207 0.04423076923076923 0.1309255079006772
1 0.1798076923076923 0.28893905191873587 0.03653846153846154 0.1128668171557562
1 0.3403846153846154 0.32844243792325056 0.04230769230769231 0.11963882618510158
1 0.4432692307692308 0.45598194130925507 0.0903846153846154 0.2618510158013544
1 0.7163461538461539 0.5056433408577877 0.11346153846153847 0.32505643340857787
1 0.8932692307692308 0.5406320541760722 0.15576923076923077 0.4492099322799097
1 0.6365384615384616 0.44695259593679454 0.046153846153846156 0.1399548532731377
1 0.6682692307692308 0.44695259593679454 0.04038461538461539 0.1218961625282167
1 0.5605769230769231 0.34875846501128666 0.032692307692307694 0.09255079006772009
1 0.5365384615384615 0.3532731376975169 0.03076923076923077 0.09255079006772009
1 0.49423076923076925 0.3363431151241535 0.046153846153846156 0.13544018058690743
1 0.39230769230769236 0.2347629796839729 0.038461538461538464 0.10835214446952596
1 0.41250000000000003 0.22686230248306996 0.032692307692307694 0.09706546275395032
1 0.44038461538461543 0.2494356659142212 0.03461538461538462 0.09706546275395032
1 0.5826923076923077 0.37584650112866813 0.023076923076923078 0.07449209932279909
1 0.5951923076923077 0.3927765237020316 0.032692307692307694 0.0948081264108352
1 0.6461538461538462 0.39841986455981937 0.026923076923076925 0.0654627539503386
