1 0.5271739130434783 0.5529891304347826 0.20652173913043478 0.7635869565217391
1 0.6204710144927537 0.5190217391304348 0.19021739130434784 0.6956521739130435
1 0.6539855072463768 0.3953804347826087 0.10869565217391304 0.39945652173913043
1 0.8115942028985508 0.46195652173913043 0.12318840579710146 0.45108695652173914
1 0.8867753623188406 0.4225543478260869 0.1358695652173913 0.49728260869565216
1 0.9710144927536232 0.40489130434782605 0.057971014492753624 0.34239130434782605
1 0.713768115942029 0.375 0.043478260869565216 0.15760869565217392
1 0.447463768115942 0.4171195652173913 0.16304347826086957 0.6059782608695652
1 0.34782608695652173 0.4633152173913043 0.16666666666666666 0.6114130434782609
1 0.22735507246376813 0.42527173913043476 0.1141304347826087 0.421195652173913
1 0.3233695652173913 0.3845108695652174 0.1213768115942029 0.4538043478260869
1 0.10960144927536232 0.3845108695652174 0.07789855072463768 0.2907608695652174
1 0.18931159420289856 0.41032608695652173 0.0923913043478261 0.34239130434782605
1 0.22282608695652173 0.37907608695652173 0.10507246376811594 0.39402173913043476
1 0.07518115942028986 0.3804347826086956 0.07065217391304347 0.2608695652173913
