1 0.59 0.710843373493976 0.128 0.47590361445783136
1 0.861 0.7003012048192772 0.14200000000000002 0.5210843373493976
1 0.912 0.6596385542168675 0.148 0.5421686746987953
1 0.73 0.5948795180722892 0.096 0.35240963855421686
1 0.678 0.5948795180722892 0.084 0.31626506024096385
1 0.653 0.5903614457831325 0.078 0.29518072289156627
1 0.629 0.585843373493976 0.07 0.2560240963855422
1 0.9570000000000001 0.6295180722891567 0.08600000000000001 0.5120481927710844
1 0.528 0.5677710843373495 0.052000000000000005 0.20180722891566266
1 0.5 0.5647590361445783 0.052000000000000005 0.1897590361445783
1 0.441 0.5572289156626506 0.046 0.16867469879518074
1 0.399 0.5542168674698795 0.038 0.15060240963855423
1 0.355 0.5632530120481928 0.034 0.12650602409638556
1 0.343 0.5572289156626506 0.034 0.12650602409638556
1 0.972 0.42620481927710846 0.04 0.09337349397590362
1 0.78 0.41415662650602414 0.044 0.05120481927710844
1 0.799 0.4668674698795181 0.026000000000000002 0.06626506024096386
1 0.764 0.4563253012048193 0.036000000000000004 0.057228915662650606
1 0.738 0.43975903614457834 0.028 0.04819277108433735
