1 0.09666666666666668 0.9177777777777778 0.05 0.16444444444444445
1 0.26666666666666666 0.6955555555555556 0.05666666666666667 0.19111111111111112
1 0.3425 0.8033333333333333 0.04833333333333334 0.15777777777777777
1 0.44583333333333336 0.7266666666666667 0.04166666666666667 0.13777777777777778
1 0.4091666666666667 0.5511111111111111 0.03166666666666667 0.10222222222222223
1 0.45833333333333337 0.5188888888888888 0.030000000000000002 0.09555555555555556
1 0.5041666666666667 0.6088888888888889 0.035 0.12
1 0.9650000000000001 0.5511111111111111 0.03333333333333333 0.10666666666666666
1 0.9191666666666667 0.5411111111111111 0.035 0.11333333333333333
1 0.8683333333333334 0.5611111111111111 0.02666666666666667 0.09111111111111111
1 0.8875000000000001 0.48333333333333334 0.025 0.08666666666666667
1 0.8758333333333334 0.46555555555555556 0.028333333333333335 0.09111111111111111
1 0.8575 0.45666666666666667 0.021666666666666667 0.07777777777777778
1 0.8333333333333334 0.4444444444444444 0.02 0.07111111111111111
1 0.8141666666666667 0.4255555555555556 0.021666666666666667 0.07333333333333333
1 0.7966666666666667 0.40444444444444444 0.02 0.06666666666666667
1 0.7858333333333334 0.3788888888888889 0.015000000000000001 0.05555555555555555
1 0.7683333333333334 0.3711111111111111 0.016666666666666666 0.06222222222222222
1 0.6833333333333333 0.3011111111111111 0.013333333333333334 0.04666666666666667
1 0.5008333333333334 0.4177777777777778 0.025 0.08
1 0.45833333333333337 0.36777777777777776 0.016666666666666666 0.06
1 0.4266666666666667 0.36777777777777776 0.016666666666666666 0.06
1 0.39916666666666667 0.3688888888888889 0.015000000000000001 0.05333333333333333
1 0.36000000000000004 0.37 0.02 0.06444444444444444
1 0.2916666666666667 0.34444444444444444 0.016666666666666666 0.05333333333333333
1 0.41833333333333333 0.33444444444444443 0.016666666666666666 0.05555555555555555
1 0.445 0.3244444444444444 0.016666666666666666 0.05333333333333333
1 0.5141666666666667 0.36444444444444446 0.018333333333333333 0.06666666666666667
1 0.4733333333333334 0.33 0.016666666666666666 0.05555555555555555
1 0.4791666666666667 0.36 0.015000000000000001 0.05333333333333333
1 0.13333333333333333 0.9444444444444444 0.05333333333333334 0.08444444444444445
