1 0.08571428571428572 0.7280513918629551 0.07714285714285714 0.28693790149892934
1 0.12428571428571429 0.7441113490364026 0.07714285714285714 0.28051391862955033
1 0.16285714285714287 0.746252676659529 0.07142857142857142 0.2676659528907923
1 0.1992857142857143 0.6927194860813705 0.04428571428571428 0.06638115631691649
1 0.20785714285714285 0.6370449678800857 0.041428571428571426 0.07066381156316917
1 0.24714285714285714 0.6156316916488223 0.037142857142857144 0.05781584582441114
1 0.2842857142857143 0.613490364025696 0.03428571428571429 0.0835117773019272
1 0.31857142857142856 0.6274089935760172 0.03428571428571429 0.07280513918629551
1 0.3607142857142857 0.6231263383297645 0.032857142857142856 0.07708779443254818
1 0.4035714285714286 0.6167023554603854 0.032857142857142856 0.0556745182012848
1 0.45071428571428573 0.6252676659528908 0.03 0.059957173447537475
1 0.5042857142857143 0.6209850107066381 0.04285714285714286 0.06423982869379015
1 0.54 0.6338329764453962 0.02857142857142857 0.05139186295503212
1 0.575 0.639186295503212 0.027142857142857142 0.05353319057815846
1 0.6285714285714286 0.6295503211991436 0.03142857142857143 0.05139186295503212
1 0.6671428571428571 0.6274089935760172 0.03428571428571429 0.0556745182012848
1 0.7178571428571429 0.6316916488222698 0.032857142857142856 0.0556745182012848
1 0.7557142857142857 0.6563169164882228 0.02857142857142857 0.05353319057815846
1 0.8178571428571428 0.6434689507494648 0.032857142857142856 0.05353319057815846
1 0.8621428571428571 0.6231263383297645 0.03571428571428571 0.06423982869379015
1 0.9314285714285714 0.7034261241970022 0.04857142857142857 0.07922912205567452
1 0.8907142857142857 0.708779443254818 0.03857142857142857 0.07708779443254818
1 0.8578571428571429 0.7098501070663812 0.03571428571428571 0.07922912205567452
1 0.8164285714285714 0.7034261241970022 0.032857142857142856 0.062098501070663815
1 0.7842857142857143 0.7226980728051392 0.04285714285714286 0.08779443254817988
1 0.7435714285714285 0.7098501070663812 0.03571428571428571 0.07066381156316917
1 0.7 0.7002141327623127 0.04 0.07708779443254818
1 0.6542857142857142 0.6980728051391863 0.03428571428571429 0.06423982869379015
1 0.6135714285714285 0.7119914346895075 0.03571428571428571 0.07922912205567452
1 0.5614285714285714 0.7055674518201285 0.04285714285714286 0.07494646680942185
1 0.5092857142857142 0.6991434689507495 0.03571428571428571 0.07922912205567452
1 0.45785714285714285 0.7109207708779444 0.04428571428571428 0.08137044967880086
1 0.40785714285714286 0.6980728051391863 0.03571428571428571 0.06423982869379015
1 0.36214285714285716 0.7034261241970022 0.03857142857142857 0.08779443254817988
1 0.31642857142857145 0.7034261241970022 0.041428571428571426 0.0835117773019272
1 0.26142857142857145 0.6970021413276232 0.04285714285714286 0.0835117773019272
