1 0.17583333333333334 0.5526315789473684 0.135 0.49874686716791977
1 0.23583333333333334 0.4373433583959899 0.055 0.20802005012531327
1 0.3441666666666667 0.5238095238095237 0.13833333333333334 0.5162907268170426
1 0.4316666666666667 0.5137844611528821 0.14666666666666667 0.5413533834586466
1 0.4808333333333334 0.48746867167919794 0.09833333333333334 0.3684210526315789
1 0.5175000000000001 0.4649122807017544 0.08166666666666667 0.2982456140350877
1 0.5791666666666667 0.49373433583959897 0.115 0.42606516290726815
1 0.6458333333333334 0.4799498746867168 0.09833333333333334 0.3583959899749373
1 0.6941666666666667 0.49749373433583954 0.115 0.42355889724310775
1 0.7400000000000001 0.5200501253132832 0.14 0.518796992481203
1 0.8400000000000001 0.44611528822055135 0.06666666666666667 0.24561403508771928
1 0.8741666666666668 0.44110275689223055 0.06166666666666667 0.23057644110275688
1 0.9341666666666667 0.5350877192982456 0.13166666666666668 0.518796992481203
1 0.555 0.3421052631578947 0.03333333333333333 0.047619047619047616
