1 0.191 0.5840840840840841 0.058 0.21921921921921922
1 0.218 0.5870870870870871 0.06 0.21921921921921922
1 0.277 0.5780780780780781 0.058 0.2132132132132132
1 0.33 0.6366366366366366 0.112 0.4144144144144144
1 0.397 0.6801801801801802 0.11 0.4114114114114114
1 0.43 0.6621621621621622 0.108 0.3993993993993994
1 0.532 0.5975975975975976 0.084 0.3063063063063063
1 0.605 0.6096096096096096 0.082 0.3003003003003003
1 0.802 0.5195195195195195 0.052000000000000005 0.1921921921921922
1 0.88 0.512012012012012 0.052000000000000005 0.19519519519519518
1 0.159 0.5795795795795796 0.054 0.11411411411411411
1 0.654 0.512012012012012 0.036000000000000004 0.06306306306306306
1 0.8230000000000001 0.484984984984985 0.034 0.057057057057057055
1 0.9430000000000001 0.5465465465465466 0.034 0.05405405405405406
1 0.978 0.512012012012012 0.028 0.05105105105105105
1 0.904 0.5675675675675675 0.032 0.08408408408408408
1 0.88 0.5480480480480481 0.024 0.05105105105105105
1 0.8320000000000001 0.5345345345345345 0.028 0.04204204204204204
1 0.844 0.5705705705705706 0.024 0.04804804804804805
1 0.797 0.5585585585585585 0.038 0.06606606606606606
1 0.774 0.5795795795795796 0.024 0.036036036036036036
1 0.654 0.5855855855855856 0.036000000000000004 0.07807807807807808
1 0.6920000000000001 0.5540540540540541 0.024 0.04504504504504504
1 0.707 0.6006006006006006 0.034 0.07207207207207207
1 0.736 0.5630630630630631 0.024 0.057057057057057055
1 0.754 0.5675675675675675 0.024 0.06006006006006006
