1 0.02 0.6925 0.04 0.255
1 0.375 0.77 0.12000000000000001 0.445
1 0.8833333333333334 0.73625 0.06666666666666667 0.2475
1 0.9016666666666667 0.6675 0.05333333333333334 0.195
1 0.9375000000000001 0.6675 0.055 0.21
1 0.9766666666666667 0.6475 0.04666666666666667 0.18
1 0.8291666666666667 0.63875 0.04166666666666667 0.1575
1 0.8616666666666667 0.63375 0.03333333333333333 0.1275
1 0.7775000000000001 0.65375 0.04833333333333334 0.1825
1 0.7300000000000001 0.67 0.05333333333333334 0.195
1 0.675 0.68125 0.060000000000000005 0.2275
1 0.6325000000000001 0.62875 0.035 0.1375
1 0.6083333333333334 0.5962500000000001 0.02666666666666667 0.0975
1 0.5791666666666667 0.62875 0.03833333333333334 0.14250000000000002
1 0.5275000000000001 0.64125 0.045000000000000005 0.1675
1 0.4475 0.64125 0.05166666666666667 0.1925
1 0.4741666666666667 0.625 0.035 0.13
1 0.2866666666666667 0.615 0.030000000000000002 0.115
1 0.2575 0.625 0.035 0.135
1 0.22833333333333336 0.6075 0.03333333333333333 0.125
1 0.195 0.5975 0.02666666666666667 0.1
1 0.18000000000000002 0.6012500000000001 0.03333333333333333 0.1225
1 0.15833333333333335 0.5825 0.02 0.08
1 0.14416666666666667 0.59875 0.028333333333333335 0.1125
1 0.12666666666666668 0.5875 0.02666666666666667 0.105
1 0.10583333333333333 0.58125 0.021666666666666667 0.0775
1 0.06166666666666667 0.5875 0.023333333333333334 0.09
1 0.0425 0.5875 0.025 0.095
