1 0.3911290322580645 0.6460843373493976 0.18951612903225806 0.6957831325301205
1 0.1310483870967742 0.5045180722891567 0.0846774193548387 0.31626506024096385
1 0.037298387096774195 0.4548192771084338 0.06653225806451613 0.24698795180722893
1 0.04435483870967742 0.6641566265060241 0.08870967741935484 0.5993975903614458
1 0.26814516129032256 0.4728915662650603 0.07258064516129031 0.26506024096385544
1 0.5272177419354839 0.5587349397590362 0.12701612903225806 0.4728915662650603
1 0.6703629032258064 0.4728915662650603 0.07056451612903225 0.26506024096385544
1 0.7389112903225806 0.45783132530120485 0.05846774193548387 0.22289156626506026
1 0.8034274193548386 0.45180722891566266 0.05443548387096774 0.19879518072289157
1 0.8326612903225806 0.4307228915662651 0.04032258064516129 0.15060240963855423
1 0.877016129032258 0.44728915662650603 0.056451612903225805 0.20783132530120482
1 0.9233870967741935 0.6174698795180723 0.1532258064516129 0.6686746987951807
1 0.9788306451612903 0.37198795180722893 0.026209677419354836 0.08132530120481928
1 0.5564516129032258 0.38253012048192775 0.05241935483870967 0.08433734939759037
1 0.4475806451612903 0.39608433734939763 0.06048387096774194 0.14759036144578314
