1 0.885625 0.6181988742964353 0.06625 0.24577861163227016
1 0.8356250000000001 0.6144465290806754 0.06375 0.23452157598499063
1 0.75625 0.6097560975609756 0.06 0.225140712945591
1 0.728125 0.6041275797373359 0.06125 0.22889305816135083
1 0.6975 0.600375234521576 0.07 0.2551594746716698
1 0.658125 0.6050656660412758 0.07625 0.2795497185741088
1 0.6118750000000001 0.6031894934333959 0.058750000000000004 0.21951219512195122
1 0.586875 0.6088180112570356 0.06125 0.23076923076923078
1 0.54125 0.5384615384615384 0.0425 0.15384615384615385
1 0.53 0.5984990619136961 0.055 0.2026266416510319
1 0.5125 0.6144465290806754 0.0475 0.17448405253283303
1 0.48125 0.5806754221388368 0.055 0.2045028142589118
1 0.435625 0.5853658536585366 0.051250000000000004 0.19136960600375236
1 0.39937500000000004 0.6041275797373359 0.08375 0.31144465290806755
1 0.355625 0.6125703564727955 0.08125 0.29831144465290804
1 0.3075 0.6060037523452158 0.0775 0.28893058161350843
1 0.260625 0.6097560975609756 0.07625 0.28142589118198874
1 0.23750000000000002 0.5938086303939962 0.0825 0.30206378986866794
1 0.2 0.599437148217636 0.0775 0.29080675422138835
1 0.105 0.6557223264540337 0.095 0.350844277673546
1 0.06375 0.648217636022514 0.09 0.33583489681050654
1 0.029375000000000002 0.6369606003752345 0.058750000000000004 0.33583489681050654
