1 0.018333333333333333 0.58125 0.03666666666666667 0.2325
1 0.10500000000000001 0.56875 0.06333333333333334 0.23750000000000002
1 0.17 0.62875 0.08 0.2975
1 0.17833333333333334 0.56875 0.060000000000000005 0.2175
1 0.28 0.6 0.060000000000000005 0.225
1 0.29250000000000004 0.58125 0.058333333333333334 0.2125
1 0.30000000000000004 0.5675 0.05666666666666667 0.20500000000000002
1 0.39666666666666667 0.62 0.06666666666666667 0.25
1 0.44833333333333336 0.635 0.08333333333333334 0.305
1 0.4633333333333334 0.59 0.060000000000000005 0.22
1 0.4766666666666667 0.5625 0.04666666666666667 0.17
1 0.5191666666666667 0.6075 0.08166666666666667 0.305
1 0.5541666666666667 0.64375 0.09166666666666667 0.3375
1 0.6025 0.61125 0.07500000000000001 0.2775
1 0.6541666666666667 0.6325000000000001 0.085 0.31
1 0.7083333333333334 0.66625 0.11666666666666667 0.4275
1 0.7316666666666667 0.6525 0.09333333333333334 0.35000000000000003
1 0.7683333333333334 0.61875 0.07 0.2575
1 0.8233333333333334 0.6900000000000001 0.13 0.48
1 0.9466666666666668 0.615 0.05666666666666667 0.215
1 0.9233333333333333 0.6025 0.05666666666666667 0.21
1 0.9741666666666667 0.6225 0.05166666666666667 0.255
1 0.8891666666666668 0.5925 0.065 0.24
1 0.8658333333333333 0.63625 0.09833333333333334 0.3675
1 0.7050000000000001 0.63625 0.08333333333333334 0.3025
1 0.8125 0.61 0.055 0.20500000000000002
1 0.18916666666666668 0.4925 0.011666666666666667 0.035
1 0.9600000000000001 0.525 0.023333333333333334 0.05
1 0.7983333333333333 0.52375 0.02 0.0325
1 0.63 0.515 0.030000000000000002 0.055
1 0.6341666666666667 0.4975 0.021666666666666667 0.06
1 0.5750000000000001 0.49875 0.02 0.0675
1 0.5850000000000001 0.52125 0.016666666666666666 0.0525
1 0.68 0.50375 0.01 0.0175
1 0.025833333333333337 0.455 0.04166666666666667 0.09
1 0.0775 0.46125 0.04833333333333334 0.1075
1 0.35833333333333334 0.47375 0.043333333333333335 0.0725
1 0.21416666666666667 0.46625 0.03833333333333334 0.08750000000000001
1 0.2516666666666667 0.48125 0.04 0.0775
1 0.058333333333333334 0.455 0.05666666666666667 0.08
