1 0.11090909090909092 0.648414985590778 0.14181818181818182 0.547550432276657
1 0.15818181818181817 0.531700288184438 0.07272727272727272 0.2795389048991354
1 0.23272727272727273 0.5951008645533141 0.11636363636363636 0.4524495677233429
1 0.32636363636363636 0.5922190201729106 0.11454545454545455 0.44092219020172907
1 0.39181818181818184 0.6066282420749279 0.10363636363636364 0.40057636887608067
1 0.43636363636363634 0.4668587896253602 0.03636363636363636 0.13832853025936598
1 0.45 0.46397694524495675 0.034545454545454546 0.13256484149855907
1 0.5109090909090909 0.61671469740634 0.11272727272727273 0.4380403458213256
1 0.6181818181818182 0.6080691642651297 0.10909090909090909 0.4265129682997118
1 0.7027272727272728 0.6224783861671469 0.09636363636363636 0.37463976945244953
1 0.5718181818181818 0.5144092219020172 0.06727272727272728 0.2680115273775216
1 0.7554545454545455 0.5144092219020172 0.08545454545454545 0.3371757925072046
1 0.8581818181818182 0.5115273775216138 0.07272727272727272 0.2910662824207493
1 0.83 0.5072046109510087 0.06 0.23631123919308356
1 0.9172727272727272 0.5821325648414986 0.1290909090909091 0.5072046109510087
1 0.8963636363636364 0.5749279538904899 0.11636363636363636 0.4524495677233429
1 0.78 0.5028818443804034 0.07272727272727272 0.28530259365994237
1 0.9690909090909091 0.6037463976945244 0.06181818181818182 0.43515850144092216
1 0.96 0.600864553314121 0.08 0.42363112391930835
1 0.20272727272727273 0.44092219020172907 0.038181818181818185 0.07492795389048991
1 0.29454545454545455 0.4610951008645533 0.02909090909090909 0.06340057636887608
1 0.3018181818181818 0.4279538904899135 0.02181818181818182 0.03170028818443804
1 0.3781818181818182 0.4265129682997118 0.02181818181818182 0.05763688760806916
1 0.38 0.43515850144092216 0.02181818181818182 0.05187319884726224
1 0.4036363636363636 0.39625360230547546 0.02181818181818182 0.03170028818443804
1 0.47363636363636363 0.4841498559077809 0.06 0.17291066282420747
1 0.48363636363636364 0.4034582132564841 0.02909090909090909 0.08069164265129683
1 0.54 0.4510086455331412 0.02181818181818182 0.060518731988472615
1 0.5490909090909091 0.4063400576368876 0.01818181818181818 0.06340057636887608
1 0.5390909090909091 0.40201729106628237 0.016363636363636365 0.03170028818443804
1 0.6027272727272728 0.43515850144092216 0.06363636363636363 0.15561959654178673
1 0.6427272727272727 0.4221902017291066 0.02 0.07204610951008646
1 0.6918181818181818 0.4610951008645533 0.05272727272727273 0.12680115273775217
1 0.6809090909090909 0.4178674351585014 0.034545454545454546 0.10374639769452448
1 0.8390909090909091 0.3976945244956772 0.016363636363636365 0.05187319884726224
1 0.9363636363636364 0.37463976945244953 0.014545454545454545 0.05763688760806916
1 0.9490909090909091 0.3919308357348703 0.01818181818181818 0.02881844380403458
1 0.9718181818181818 0.41354466858789624 0.04909090909090909 0.10086455331412103
1 0.8090909090909091 0.4121037463976945 0.02181818181818182 0.05187319884726224
1 0.6254545454545455 0.6829971181556196 0.03272727272727273 0.08069164265129683
