1 0.07 0.5871121718377088 0.14 0.6682577565632458
1 0.485 0.5727923627684964 0.21 0.6109785202863962
1 0.099 0.5727923627684964 0.182 0.5346062052505967
1 0.17500000000000002 0.5178997613365155 0.162 0.4725536992840096
1 0.203 0.5107398568019094 0.146 0.42959427207637235
1 0.278 0.48090692124105017 0.132 0.3842482100238664
1 0.325 0.4451073985680191 0.114 0.3317422434367542
1 0.395 0.4498806682577566 0.126 0.3747016706443914
1 0.534 0.45823389021479716 0.112 0.32935560859188545
1 0.613 0.43794749403341293 0.106 0.3174224343675418
1 0.635 0.4236276849642005 0.11800000000000001 0.35083532219570407
1 0.9460000000000001 0.532219570405728 0.108 0.5775656324582339
1 0.937 0.5178997613365155 0.126 0.5298329355608592
1 0.921 0.5023866348448688 0.158 0.5417661097852029
1 0.893 0.4725536992840096 0.17400000000000002 0.5107398568019094
1 0.854 0.47732696897374705 0.156 0.4534606205250597
1 0.811 0.48090692124105017 0.14200000000000002 0.41766109785202865
1 0.768 0.46897374701670647 0.14400000000000002 0.4224343675417661
1 0.755 0.48090692124105017 0.13 0.3842482100238664
1 0.732 0.4439140811455847 0.14 0.4152744630071599
1 0.71 0.4439140811455847 0.132 0.3866348448687351
1 0.684 0.4439140811455847 0.136 0.39618138424821003
1 0.657 0.44033412887828166 0.126 0.36992840095465396
1 0.228 0.47613365155131265 0.152 0.45107398568019097
1 0.983 0.22553699284009548 0.026000000000000002 0.050119331742243436
1 0.579 0.324582338902148 0.042 0.081145584725537
1 0.5710000000000001 0.29952267303102625 0.046 0.0739856801909308
1 0.499 0.27923627684964203 0.034 0.042959427207637235
1 0.44 0.324582338902148 0.036000000000000004 0.10023866348448687
1 0.397 0.2971360381861575 0.058 0.06443914081145585
1 0.34900000000000003 0.30071599045346065 0.03 0.057279236276849645
1 0.308 0.27804295942720764 0.028 0.0405727923627685
1 0.064 0.3162291169451074 0.044 0.12171837708830549
1 0.105 0.31026252983293556 0.062 0.11933174224343676
1 0.161 0.2971360381861575 0.042 0.09307875894988067
1 0.226 0.27446300715990457 0.044 0.03818615751789976
1 0.267 0.2947494033412888 0.05 0.14081145584725538
