1 0.6055555555555556 0.6083333333333333 0.20555555555555557 0.7583333333333333
1 0.7833333333333333 0.38958333333333334 0.044444444444444446 0.1625
1 0.7027777777777778 0.3854166666666667 0.03888888888888889 0.15416666666666667
1 0.46805555555555556 0.3958333333333333 0.036111111111111115 0.14166666666666666
1 0.33611111111111114 0.5166666666666666 0.13333333333333333 0.5
1 0.1638888888888889 0.4166666666666667 0.044444444444444446 0.16666666666666666
1 0.18194444444444446 0.41041666666666665 0.036111111111111115 0.1375
1 0.07222222222222223 0.4166666666666667 0.03888888888888889 0.15
1 0.034722222222222224 0.425 0.036111111111111115 0.14166666666666666
1 0.24583333333333335 0.40625 0.036111111111111115 0.12916666666666665
1 0.2625 0.40208333333333335 0.036111111111111115 0.1375
1 0.2847222222222222 0.4041666666666667 0.036111111111111115 0.13333333333333333
1 0.4791666666666667 0.40208333333333335 0.036111111111111115 0.1375
1 0.49583333333333335 0.39791666666666664 0.036111111111111115 0.12916666666666665
1 0.5027777777777778 0.39791666666666664 0.03333333333333333 0.12916666666666665
1 0.5222222222222223 0.4 0.03333333333333333 0.125
1 0.011111111111111112 0.4458333333333333 0.022222222222222223 0.13333333333333333
1 0.004166666666666667 0.36666666666666664 0.008333333333333333 0.025
1 0.015277777777777779 0.37916666666666665 0.019444444444444445 0.075
1 0.11527777777777778 0.43333333333333335 0.036111111111111115 0.125
1 0.25833333333333336 0.49374999999999997 0.061111111111111116 0.14583333333333334
1 0.39166666666666666 0.45416666666666666 0.03888888888888889 0.13333333333333333
1 0.43333333333333335 0.44375 0.03888888888888889 0.09583333333333333
1 0.3902777777777778 0.36875 0.025 0.0625
1 0.41111111111111115 0.35833333333333334 0.016666666666666666 0.05
1 0.4277777777777778 0.3729166666666667 0.03333333333333333 0.07916666666666666
1 0.6263888888888889 0.36041666666666666 0.025 0.05416666666666667
1 0.6486111111111111 0.3854166666666667 0.019444444444444445 0.04583333333333333
1 0.9819444444444445 0.39375 0.030555555555555558 0.0875
1 0.9791666666666667 0.38125 0.025 0.0625
1 0.5402777777777777 0.36041666666666666 0.019444444444444445 0.07083333333333333
1 0.5833333333333334 0.5916666666666667 0.011111111111111112 0.016666666666666666
