1 0.5234375 0.5416666666666666 0.27187500000000003 0.8833333333333333
1 0.7265625 0.25416666666666665 0.09062500000000001 0.30833333333333335
1 0.86875 0.4145833333333333 0.18125000000000002 0.5958333333333333
1 0.0671875 0.25416666666666665 0.096875 0.325
1 0.026562500000000003 0.16666666666666666 0.053125000000000006 0.21666666666666667
1 0.11406250000000001 0.25416666666666665 0.09062500000000001 0.30833333333333335
1 0.1484375 0.22916666666666666 0.09062500000000001 0.2916666666666667
1 0.2109375 0.22916666666666666 0.078125 0.2583333333333333
1 0.2609375 0.21666666666666667 0.07187500000000001 0.23333333333333334
1 0.296875 0.21041666666666667 0.06875 0.22083333333333333
1 0.32656250000000003 0.2 0.059375000000000004 0.19166666666666665
1 0.36875 0.2 0.0625 0.2
1 0.40156250000000004 0.19375 0.053125000000000006 0.1875
1 0.625 0.2125 0.043750000000000004 0.15
1 0.68125 0.21458333333333332 0.043750000000000004 0.15416666666666667
1 0.6671875 0.21041666666666667 0.046875 0.15416666666666667
1 0.7734375 0.2125 0.046875 0.16666666666666666
1 0.8078125 0.22083333333333333 0.046875 0.15833333333333333
1 0.9765625 0.225 0.046875 0.15
1 0.509375 0.20625 0.05 0.1625
1 0.4921875 0.20208333333333334 0.053125000000000006 0.17083333333333334
1 0.4734375 0.19375 0.046875 0.1625
1 0.1921875 0.19375 0.053125000000000006 0.1875
1 0.6515625 0.19791666666666666 0.046875 0.15416666666666667
1 0.6000000000000001 0.21041666666666667 0.037500000000000006 0.1375
1 0.8406250000000001 0.17708333333333334 0.043750000000000004 0.09583333333333333
