1 0.02 0.594047619047619 0.04 0.14047619047619048
1 0.0425 0.5904761904761905 0.03833333333333334 0.1380952380952381
1 0.18916666666666668 0.5523809523809524 0.021666666666666667 0.0761904761904762
1 0.21166666666666667 0.5523809523809524 0.02 0.0761904761904762
1 0.2225 0.5488095238095239 0.021666666666666667 0.07380952380952381
1 0.26416666666666666 0.555952380952381 0.028333333333333335 0.10714285714285715
1 0.2775 0.5452380952380953 0.021666666666666667 0.0761904761904762
1 0.3175 0.5261904761904762 0.011666666666666667 0.04285714285714286
1 0.325 0.5273809523809524 0.013333333333333334 0.05
1 0.34750000000000003 0.5142857142857143 0.008333333333333333 0.03333333333333334
1 0.3541666666666667 0.5142857142857143 0.008333333333333333 0.0380952380952381
1 0.3875 0.5166666666666667 0.005 0.02380952380952381
1 0.5525 0.55 0.005 0.01904761904761905
1 0.55 0.5392857142857144 0.006666666666666667 0.02142857142857143
1 0.5316666666666667 0.5547619047619048 0.01 0.0380952380952381
1 0.7041666666666667 0.611904761904762 0.011666666666666667 0.04761904761904762
1 0.6716666666666667 0.6678571428571429 0.016666666666666666 0.05952380952380953
1 0.6925 0.6714285714285715 0.021666666666666667 0.0761904761904762
1 0.7191666666666667 0.6142857142857143 0.015000000000000001 0.05238095238095239
1 0.7283333333333334 0.6107142857142858 0.013333333333333334 0.05476190476190477
1 0.9241666666666667 0.6702380952380953 0.021666666666666667 0.07380952380952381
1 0.5983333333333334 0.5523809523809524 0.006666666666666667 0.028571428571428574
1 0.6116666666666667 0.5750000000000001 0.01 0.03571428571428572
1 0.6050000000000001 0.5773809523809524 0.01 0.04047619047619048
1 0.935 0.5726190476190477 0.013333333333333334 0.045238095238095244
1 0.9433333333333334 0.5738095238095239 0.01 0.04285714285714286
1 0.7925000000000001 0.5488095238095239 0.005 0.026190476190476195
1 0.8233333333333334 0.5547619047619048 0.006666666666666667 0.028571428571428574
1 0.8350000000000001 0.5476190476190477 0.006666666666666667 0.028571428571428574
1 0.7483333333333334 0.6095238095238096 0.013333333333333334 0.05238095238095239
1 0.17500000000000002 0.5761904761904763 0.016666666666666666 0.06666666666666668
1 0.7291666666666667 0.6202380952380953 0.011666666666666667 0.03571428571428572
1 0.7475 0.6190476190476191 0.018333333333333333 0.03333333333333334
1 0.8250000000000001 0.605952380952381 0.013333333333333334 0.030952380952380953
1 0.8316666666666667 0.6142857142857143 0.013333333333333334 0.04285714285714286
