1 0.35250000000000004 0.68125 0.15833333333333335 0.5875
1 0.45083333333333336 0.6825 0.15166666666666667 0.56
1 0.5208333333333334 0.67 0.155 0.5650000000000001
1 0.6000000000000001 0.67375 0.15000000000000002 0.5575
1 0.9775 0.51875 0.045000000000000005 0.1925
1 0.6858333333333334 0.49875 0.028333333333333335 0.10250000000000001
1 0.7175 0.5175 0.04166666666666667 0.155
1 0.2575 0.52625 0.03166666666666667 0.11750000000000001
1 0.23 0.525 0.03333333333333333 0.13
1 0.21083333333333334 0.52125 0.03166666666666667 0.1225
1 0.18333333333333335 0.525 0.03333333333333333 0.13
1 0.16333333333333333 0.525 0.030000000000000002 0.11
1 0.1525 0.53 0.03166666666666667 0.115
1 0.13 0.5375 0.030000000000000002 0.11
1 0.11750000000000001 0.5337500000000001 0.028333333333333335 0.1125
1 0.08750000000000001 0.53625 0.03166666666666667 0.1225
1 0.01916666666666667 0.5425 0.03833333333333334 0.17500000000000002
1 0.02666666666666667 0.535 0.023333333333333334 0.09
1 0.19083333333333335 0.4 0.018333333333333333 0.065
1 0.2966666666666667 0.41375 0.013333333333333334 0.0575
1 0.22416666666666668 0.41375 0.015000000000000001 0.0575
1 0.24750000000000003 0.4175 0.011666666666666667 0.05
1 0.27416666666666667 0.3725 0.011666666666666667 0.05
1 0.2783333333333334 0.34750000000000003 0.013333333333333334 0.05
1 0.26166666666666666 0.37125 0.013333333333333334 0.0525
1 0.2675 0.3725 0.011666666666666667 0.05
1 0.305 0.34750000000000003 0.013333333333333334 0.055
1 0.385 0.36875 0.013333333333333334 0.0525
1 0.8458333333333334 0.365 0.015000000000000001 0.06
1 0.8375 0.375 0.011666666666666667 0.05
1 0.8208333333333334 0.365 0.018333333333333333 0.07
1 0.7741666666666667 0.295 0.011666666666666667 0.05
1 0.7616666666666667 0.31375000000000003 0.013333333333333334 0.0475
1 0.7525000000000001 0.29375 0.011666666666666667 0.0475
1 0.7483333333333334 0.32375 0.013333333333333334 0.0475
1 0.5566666666666668 0.37375 0.013333333333333334 0.0575
1 0.56 0.37 0.016666666666666666 0.06
1 0.43333333333333335 0.38 0.013333333333333334 0.05
1 0.4291666666666667 0.40625 0.011666666666666667 0.0475
1 0.4666666666666667 0.3775 0.013333333333333334 0.05
1 0.4516666666666667 0.37375 0.013333333333333334 0.0525
1 0.4575 0.375 0.015000000000000001 0.055
1 0.4575 0.3675 0.015000000000000001 0.06
1 0.5758333333333334 0.3675 0.015000000000000001 0.06
1 0.6116666666666667 0.365 0.016666666666666666 0.065
1 0.5900000000000001 0.36125 0.013333333333333334 0.0575
1 0.6008333333333333 0.37125 0.015000000000000001 0.0625
1 0.6383333333333334 0.3775 0.016666666666666666 0.06
1 0.67 0.3825 0.016666666666666666 0.065
1 0.6933333333333334 0.3725 0.016666666666666666 0.06
1 0.6791666666666667 0.35125 0.015000000000000001 0.0525
1 0.6333333333333334 0.35125 0.013333333333333334 0.0475
1 0.7066666666666667 0.395 0.016666666666666666 0.065
1 0.7166666666666667 0.39375 0.02 0.0725
1 0.7416666666666667 0.3875 0.013333333333333334 0.05
1 0.7366666666666667 0.3675 0.013333333333333334 0.055
1 0.7533333333333334 0.3775 0.016666666666666666 0.06
1 0.7666666666666667 0.3675 0.013333333333333334 0.055
1 0.4108333333333334 0.46 0.015000000000000001 0.055
1 0.27166666666666667 0.34500000000000003 0.006666666666666667 0.02
1 0.33333333333333337 0.33 0.01 0.02
1 0.31333333333333335 0.36 0.016666666666666666 0.035
1 0.32833333333333337 0.36 0.013333333333333334 0.04
1 0.33333333333333337 0.34375 0.006666666666666667 0.0125
1 0.34500000000000003 0.36 0.013333333333333334 0.035
1 0.3741666666666667 0.33375 0.015000000000000001 0.0175
1 0.39416666666666667 0.33125 0.018333333333333333 0.0225
1 0.405 0.41875 0.01 0.0075
1 0.5800000000000001 0.34500000000000003 0.006666666666666667 0.015
1 0.6541666666666667 0.34750000000000003 0.011666666666666667 0.03
1 0.6216666666666667 0.3525 0.013333333333333334 0.03
1 0.6050000000000001 0.46 0.01 0.015
1 0.6258333333333334 0.4625 0.011666666666666667 0.02
1 0.39583333333333337 0.4675 0.008333333333333333 0.015
1 0.24416666666666667 0.3325 0.011666666666666667 0.035
1 0.255 0.325 0.01 0.02
1 0.26833333333333337 0.31375000000000003 0.03333333333333333 0.0325
1 0.2941666666666667 0.32375 0.011666666666666667 0.0325
1 0.3425 0.33375 0.011666666666666667 0.0275
1 0.36250000000000004 0.3225 0.011666666666666667 0.025
1 0.4866666666666667 0.34125 0.013333333333333334 0.0225
1 0.5066666666666667 0.33625 0.023333333333333334 0.0225
1 0.5816666666666667 0.3275 0.02 0.03
1 0.6008333333333333 0.31875000000000003 0.018333333333333333 0.0425
