1 0.016666666666666666 0.85 0.03333333333333333 0.225
1 0.035 0.77875 0.023333333333333334 0.0925
1 0.0425 0.79625 0.03166666666666667 0.1225
1 0.10750000000000001 0.8625 0.07166666666666667 0.26
1 0.14666666666666667 0.8225 0.04666666666666667 0.17
1 0.09333333333333334 0.82375 0.05 0.1875
1 0.12166666666666667 0.765 0.02 0.08
1 0.1875 0.79625 0.03833333333333334 0.1475
1 0.2016666666666667 0.7725 0.030000000000000002 0.115
1 0.21750000000000003 0.7725 0.03166666666666667 0.115
1 0.265 0.84125 0.030000000000000002 0.1125
1 0.27083333333333337 0.76625 0.028333333333333335 0.1075
1 0.2808333333333333 0.7825 0.03166666666666667 0.115
1 0.30333333333333334 0.785 0.02666666666666667 0.105
1 0.29500000000000004 0.76875 0.030000000000000002 0.11750000000000001
1 0.3166666666666667 0.76625 0.023333333333333334 0.0925
1 0.3383333333333334 0.76875 0.030000000000000002 0.1125
1 0.33166666666666667 0.755 0.023333333333333334 0.085
1 0.37333333333333335 0.79625 0.016666666666666666 0.0625
1 0.4008333333333334 0.78 0.028333333333333335 0.105
1 0.42333333333333334 0.75375 0.02 0.0825
1 0.42000000000000004 0.7625000000000001 0.02 0.08
1 0.44 0.81875 0.04666666666666667 0.1775
1 0.44333333333333336 0.7925 0.04 0.155
1 0.4658333333333334 0.7925 0.04166666666666667 0.15
1 0.5016666666666667 0.7725 0.03333333333333333 0.125
1 0.51 0.7875 0.04 0.155
1 0.5316666666666667 0.765 0.02666666666666667 0.1
1 0.5491666666666667 0.8275 0.04833333333333334 0.18
1 0.5691666666666667 0.82875 0.04833333333333334 0.1825
1 0.5891666666666667 0.7725 0.028333333333333335 0.11
1 0.6108333333333333 0.78125 0.04166666666666667 0.1525
1 0.6566666666666667 0.77625 0.030000000000000002 0.1125
1 0.6241666666666668 0.77375 0.035 0.1325
1 0.6508333333333334 0.76625 0.028333333333333335 0.1075
1 0.6725000000000001 0.7775 0.03166666666666667 0.12
1 0.6883333333333334 0.78 0.03666666666666667 0.135
1 0.7150000000000001 0.80875 0.04666666666666667 0.1775
1 0.7266666666666667 0.79625 0.04666666666666667 0.17250000000000001
1 0.7566666666666667 0.79625 0.03666666666666667 0.14250000000000002
1 0.7791666666666667 0.78 0.04166666666666667 0.16
1 0.7933333333333333 0.75375 0.023333333333333334 0.0925
1 0.8116666666666668 0.77 0.03333333333333333 0.12
1 0.8575 0.8075 0.055 0.2
1 0.9125000000000001 0.8625 0.07166666666666667 0.26
1 0.0025 0.7262500000000001 0.005 0.0225
1 0.08416666666666667 0.755 0.018333333333333333 0.045
1 0.18000000000000002 0.7325 0.013333333333333334 0.04
1 0.3016666666666667 0.72 0.013333333333333334 0.035
1 0.39416666666666667 0.73625 0.015000000000000001 0.0425
1 0.455 0.7275 0.013333333333333334 0.035
1 0.525 0.72375 0.013333333333333334 0.0325
1 0.5366666666666667 0.715 0.01 0.02
1 0.5583333333333333 0.7312500000000001 0.013333333333333334 0.0225
1 0.5691666666666667 0.7225 0.008333333333333333 0.015
1 0.5716666666666667 0.73 0.023333333333333334 0.045
1 0.6341666666666667 0.735 0.018333333333333333 0.055
1 0.6625000000000001 0.725 0.008333333333333333 0.025
1 0.6791666666666667 0.725 0.008333333333333333 0.015
1 0.7091666666666667 0.7225 0.015000000000000001 0.04
1 0.7375 0.73375 0.021666666666666667 0.0625
1 0.745 0.71625 0.016666666666666666 0.0325
1 0.7616666666666667 0.7275 0.016666666666666666 0.07
