1 0.079 0.4954819277108434 0.11800000000000001 0.4307228915662651
1 0.137 0.5346385542168675 0.08600000000000001 0.32228915662650603
1 0.20800000000000002 0.5240963855421688 0.092 0.3493975903614458
1 0.259 0.5301204819277109 0.08600000000000001 0.31927710843373497
1 0.28300000000000003 0.5180722891566265 0.08600000000000001 0.31927710843373497
1 0.337 0.5542168674698795 0.058 0.21686746987951808
1 0.466 0.5406626506024097 0.084 0.3102409638554217
1 0.518 0.536144578313253 0.068 0.2530120481927711
1 0.558 0.5376506024096386 0.07200000000000001 0.2680722891566265
1 0.587 0.5737951807228916 0.066 0.24397590361445784
1 0.622 0.5346385542168675 0.068 0.2560240963855422
1 0.644 0.536144578313253 0.068 0.2530120481927711
1 0.664 0.5301204819277109 0.07200000000000001 0.27108433734939763
1 0.722 0.5346385542168675 0.068 0.2560240963855422
1 0.714 0.5316265060240964 0.07200000000000001 0.2620481927710844
1 0.787 0.5662650602409639 0.058 0.21084337349397592
1 0.78 0.5451807228915663 0.064 0.24096385542168675
1 0.77 0.5301204819277109 0.068 0.25903614457831325
1 0.847 0.5466867469879518 0.11800000000000001 0.4427710843373494
1 0.856 0.5105421686746988 0.124 0.4548192771084338
1 0.916 0.5662650602409639 0.148 0.5542168674698795
1 0.41000000000000003 0.5406626506024097 0.064 0.24397590361445784
1 0.431 0.5406626506024097 0.062 0.22590361445783133
1 0.356 0.5286144578313253 0.068 0.2560240963855422
1 0.374 0.533132530120482 0.068 0.24698795180722893
1 0.89 0.40210843373493976 0.056 0.31626506024096385
1 0.929 0.694277108433735 0.134 0.4668674698795181
1 0.597 0.4427710843373494 0.022 0.04819277108433735
1 0.401 0.42018072289156627 0.022 0.045180722891566265
1 0.395 0.45783132530120485 0.022 0.042168674698795185
1 0.338 0.4352409638554217 0.056 0.08132530120481928
1 0.375 0.4728915662650603 0.018000000000000002 0.04819277108433735
1 0.021 0.6129518072289157 0.042 0.213855421686747
