1 0.08700000000000001 0.7067669172932332 0.13 0.481203007518797
1 0.1945 0.737593984962406 0.117 0.4345864661654136
1 0.2755 0.7225563909774436 0.113 0.4135338345864662
1 0.3785 0.7187969924812031 0.125 0.4571428571428572
1 0.466 0.6789473684210526 0.11800000000000001 0.4345864661654136
1 0.5720000000000001 0.674436090225564 0.11 0.40451127819548877
1 0.66 0.7082706766917294 0.112 0.4150375939849624
1 0.7485 0.7315789473684211 0.105 0.38646616541353385
1 0.838 0.7075187969924812 0.108 0.40150375939849625
1 0.9355 0.668421052631579 0.113 0.41654135338345866
1 0.97 0.6714285714285715 0.06 0.2360902255639098
1 0.877 0.7097744360902256 0.038 0.14135338345864662
1 0.028 0.574436090225564 0.046 0.1774436090225564
1 0.2515 0.5338345864661654 0.019 0.06015037593984963
1 0.5115000000000001 0.5902255639097744 0.041 0.15789473684210528
1 0.521 0.5030075187969925 0.014 0.019548872180451128
1 0.641 0.5045112781954888 0.012 0.02556390977443609
1 0.64 0.48947368421052634 0.008 0.01654135338345865
1 0.6485 0.49323308270676697 0.013000000000000001 0.02105263157894737
