1 0.14166666666666666 0.6044117647058823 0.16333333333333333 0.7029411764705882
1 0.32333333333333336 0.5088235294117647 0.11 0.4764705882352941
1 0.3725 0.4617647058823529 0.07500000000000001 0.32941176470588235
1 0.4441666666666667 0.4176470588235294 0.06166666666666667 0.27647058823529413
1 0.5233333333333333 0.5632352941176471 0.13333333333333333 0.5735294117647058
1 0.5633333333333334 0.5044117647058823 0.08666666666666667 0.37941176470588234
1 0.5933333333333334 0.4455882352941176 0.07 0.3029411764705882
1 0.6141666666666667 0.42058823529411765 0.058333333333333334 0.2529411764705882
1 0.6333333333333334 0.3764705882352941 0.04 0.17058823529411765
1 0.7425 0.5338235294117647 0.10166666666666667 0.4441176470588235
1 0.7991666666666667 0.4838235294117647 0.085 0.3735294117647059
1 0.9608333333333334 0.5117647058823529 0.07833333333333334 0.3588235294117647
1 0.9216666666666667 0.47058823529411764 0.06333333333333334 0.27647058823529413
1 0.8716666666666667 0.4338235294117647 0.05333333333333334 0.2323529411764706
1 0.8475 0.4073529411764706 0.045000000000000005 0.19117647058823528
1 0.8225 0.3838235294117647 0.035 0.16176470588235295
1 0.40166666666666667 0.38529411764705884 0.04666666666666667 0.2
1 0.2316666666666667 0.4338235294117647 0.07 0.3088235294117647
1 0.24833333333333335 0.3573529411764706 0.04666666666666667 0.20294117647058824
1 0.05583333333333334 0.37941176470588234 0.055 0.24705882352941178
1 0.0275 0.41911764705882354 0.055 0.35
1 0.07833333333333334 0.35 0.05 0.22352941176470587
1 0.6591666666666667 0.35 0.025 0.10588235294117647
1 0.6783333333333333 0.3514705882352941 0.023333333333333334 0.10294117647058823
1 0.9866666666666667 0.4117647058823529 0.02666666666666667 0.19411764705882353
1 0.29333333333333333 0.3676470588235294 0.04 0.18235294117647058
