1 0.085 0.855 0.05 0.19
1 0.22166666666666668 0.8925000000000001 0.05 0.185
1 0.18416666666666667 0.87375 0.045000000000000005 0.17250000000000001
1 0.2991666666666667 0.875 0.05166666666666667 0.195
1 0.016666666666666666 0.70875 0.02666666666666667 0.0975
1 0.05333333333333334 0.7212500000000001 0.030000000000000002 0.1075
1 0.06833333333333334 0.7475 0.030000000000000002 0.11
1 0.08416666666666667 0.7025 0.025 0.1
1 0.38 0.8075 0.02666666666666667 0.1
1 0.4808333333333334 0.7925 0.035 0.135
1 0.44833333333333336 0.9 0.03333333333333333 0.12
1 0.5066666666666667 0.8325 0.023333333333333334 0.09
1 0.5425 0.8225 0.03166666666666667 0.12
1 0.5591666666666667 0.86 0.03833333333333334 0.14
1 0.6383333333333334 0.83875 0.04 0.1475
1 0.6691666666666667 0.8 0.03833333333333334 0.14
1 0.7125 0.845 0.03166666666666667 0.12
1 0.5908333333333333 0.92625 0.03166666666666667 0.1225
1 0.4716666666666667 0.675 0.016666666666666666 0.07
1 0.5116666666666667 0.67375 0.016666666666666666 0.0675
1 0.5408333333333334 0.6725 0.018333333333333333 0.075
1 0.9366666666666668 0.69875 0.02 0.0825
1 0.9841666666666667 0.70625 0.025 0.0975
1 0.7575000000000001 0.9125 0.04166666666666667 0.155
1 0.7758333333333334 0.9175 0.04166666666666667 0.155
1 0.79 0.79625 0.02666666666666667 0.10250000000000001
1 0.81 0.80875 0.03333333333333333 0.1275
1 0.8283333333333334 0.81125 0.030000000000000002 0.11750000000000001
1 0.8591666666666667 0.81375 0.028333333333333335 0.1075
1 0.8775000000000001 0.8175 0.028333333333333335 0.11
1 0.8983333333333334 0.89625 0.05 0.1925
1 0.92 0.8225 0.030000000000000002 0.11
1 0.9291666666666667 0.8025 0.03166666666666667 0.115
1 0.9775 0.88 0.04166666666666667 0.16
1 0.7866666666666667 0.82375 0.04 0.08750000000000001
1 0.8791666666666668 0.96875 0.04166666666666667 0.0525
