1 0.8240000000000001 0.7085561497326203 0.116 0.3850267379679144
1 0.76 0.7192513368983957 0.1 0.3315508021390374
1 0.681 0.7018716577540106 0.106 0.35026737967914434
1 0.614 0.7085561497326203 0.096 0.32085561497326204
1 0.539 0.7085561497326203 0.10200000000000001 0.3422459893048128
1 0.461 0.6858288770053476 0.10200000000000001 0.33957219251336895
1 0.389 0.6911764705882353 0.098 0.3181818181818182
1 0.316 0.6911764705882353 0.096 0.3181818181818182
1 0.242 0.6911764705882353 0.096 0.3181818181818182
1 0.17500000000000002 0.676470588235294 0.106 0.3529411764705882
