1 0.5463768115942029 0.5459518599562363 0.1246376811594203 0.46608315098468267
1 0.26014492753623186 0.6203501094091903 0.14347826086956522 0.5317286652078774
1 0.463768115942029 0.3687089715536105 0.04927536231884058 0.18161925601750548
1 0.6739130434782609 0.34463894967177244 0.04927536231884058 0.18161925601750548
1 0.7405797101449275 0.34573304157549234 0.03188405797101449 0.12253829321663019
1 0.9702898550724638 0.3260393873085339 0.02753623188405797 0.10065645514223194
1 0.9065217391304348 0.3282275711159737 0.02753623188405797 0.1050328227571116
1 0.8934782608695653 0.33150984682713347 0.030434782608695653 0.11159737417943107
1 0.7731884057971015 0.33916849015317285 0.02753623188405797 0.1050328227571116
1 0.7057971014492753 0.33916849015317285 0.028985507246376812 0.1137855579868709
1 0.3398550724637681 0.36542669584245074 0.030434782608695653 0.11816192560175054
1 0.4036231884057971 0.36323851203501095 0.02753623188405797 0.10940919037199125
1 0.43623188405797103 0.3544857768052516 0.03188405797101449 0.12253829321663019
1 0.4963768115942029 0.350109409190372 0.030434782608695653 0.1137855579868709
1 0.5956521739130435 0.3424507658643326 0.03188405797101449 0.11597374179431072
1 0.631159420289855 0.336980306345733 0.030434782608695653 0.1137855579868709
1 0.827536231884058 0.3347921225382932 0.028985507246376812 0.10940919037199125
1 0.057971014492753624 0.38512035010940915 0.034782608695652174 0.13129102844638948
1 0.20217391304347826 0.3730853391684901 0.036231884057971016 0.13785557986870897
1 0.2492753623188406 0.3687089715536105 0.03188405797101449 0.12035010940919037
1 0.2920289855072464 0.3730853391684901 0.030434782608695653 0.11597374179431072
1 0.1826086956521739 0.45295404814004375 0.0782608695652174 0.175054704595186
1 0.6115942028985507 0.39168490153172864 0.0463768115942029 0.12691466083150985
1 0.8739130434782609 0.36323851203501095 0.034782608695652174 0.1137855579868709
