1 0.5754545454545454 0.6709265175718849 0.06 0.2619808306709265
1 0.6227272727272727 0.6645367412140575 0.04909090909090909 0.21725239616613418
1 0.6581818181818182 0.6980830670926518 0.05454545454545454 0.23322683706070285
1 0.7018181818181818 0.6773162939297124 0.05090909090909091 0.21725239616613418
1 0.74 0.6517571884984026 0.04363636363636364 0.1853035143769968
1 0.93 0.536741214057508 0.038181818181818185 0.16613418530351437
1 0.8927272727272727 0.5463258785942492 0.03636363636363636 0.15335463258785942
1 0.8636363636363636 0.5511182108626198 0.02909090909090909 0.13099041533546324
1 0.8318181818181818 0.5686900958466453 0.03090909090909091 0.134185303514377
1 0.34363636363636363 0.6277955271565495 0.05090909090909091 0.2204472843450479
1 0.3709090909090909 0.645367412140575 0.04727272727272727 0.20447284345047922
1 0.39454545454545453 0.6070287539936102 0.04363636363636364 0.1853035143769968
1 0.41545454545454547 0.6309904153354632 0.04181818181818182 0.18210862619808305
1 0.47545454545454546 0.6070287539936102 0.04181818181818182 0.17891373801916932
1 0.51 0.597444089456869 0.04181818181818182 0.17891373801916932
1 0.5381818181818182 0.5766773162939297 0.03636363636363636 0.16293929712460065
1 0.5527272727272727 0.5702875399361023 0.04 0.1757188498402556
1 0.5836363636363636 0.5718849840255591 0.03636363636363636 0.15335463258785942
1 0.5972727272727273 0.5463258785942492 0.034545454545454546 0.14696485623003194
1 0.9690909090909091 0.5111821086261981 0.03272727272727273 0.14057507987220447
1 0.9854545454545455 0.5127795527156549 0.02909090909090909 0.12460063897763578
1 0.7727272727272727 0.5942492012779552 0.03636363636363636 0.15335463258785942
1 0.7763636363636364 0.5766773162939297 0.04363636363636364 0.18849840255591055
1 0.012727272727272728 0.5351437699680511 0.025454545454545455 0.12460063897763578
1 0.02090909090909091 0.5303514376996805 0.02727272727272727 0.11501597444089456
1 0.04909090909090909 0.5319488817891374 0.02909090909090909 0.13099041533546324
1 0.07454545454545454 0.5335463258785942 0.02909090909090909 0.134185303514377
1 0.08818181818181818 0.5159744408945687 0.02727272727272727 0.12460063897763578
1 0.11 0.5559105431309904 0.038181818181818185 0.16613418530351437
1 0.12454545454545454 0.5686900958466453 0.03090909090909091 0.14057507987220447
1 0.15272727272727274 0.5623003194888179 0.03272727272727273 0.14057507987220447
1 0.2018181818181818 0.5447284345047924 0.02909090909090909 0.13099041533546324
1 0.21636363636363637 0.5575079872204473 0.02909090909090909 0.12460063897763578
1 0.24636363636363637 0.5543130990415335 0.03090909090909091 0.1437699680511182
1 0.23272727272727273 0.5431309904153354 0.03272727272727273 0.14696485623003194
1 0.27 0.5127795527156549 0.023636363636363636 0.10543130990415335
1 0.2927272727272727 0.5447284345047924 0.03272727272727273 0.13738019169329074
1 0.3190909090909091 0.5287539936102236 0.02727272727272727 0.12460063897763578
1 0.3490909090909091 0.4952076677316294 0.02181818181818182 0.09584664536741214
1 0.36 0.47603833865814693 0.01818181818181818 0.08945686900958466
1 0.2972727272727273 0.46006389776357826 0.02727272727272727 0.051118210862619806
