1 0.2037878787878788 0.6656565656565656 0.04696969696969697 0.15555555555555556
1 0.26212121212121214 0.6686868686868687 0.045454545454545456 0.1494949494949495
1 0.3098484848484849 0.6696969696969697 0.04393939393939394 0.14747474747474748
1 0.36515151515151517 0.6606060606060606 0.048484848484848485 0.15757575757575756
1 0.3977272727272727 0.6515151515151515 0.03787878787878788 0.12323232323232323
1 0.4401515151515151 0.6646464646464646 0.05606060606060606 0.18585858585858586
1 0.4666666666666667 0.6575757575757576 0.03939393939393939 0.13535353535353536
1 0.4946969696969697 0.6555555555555556 0.04090909090909091 0.1393939393939394
1 0.5356060606060606 0.6464646464646464 0.03787878787878788 0.1292929292929293
1 0.5568181818181818 0.6646464646464646 0.05 0.16565656565656567
1 0.5984848484848485 0.6515151515151515 0.045454545454545456 0.14747474747474748
1 0.6204545454545455 0.6424242424242425 0.03787878787878788 0.1292929292929293
1 0.6909090909090909 0.6555555555555556 0.05757575757575758 0.18787878787878787
1 0.7219696969696969 0.6414141414141414 0.04393939393939394 0.14343434343434344
1 0.7393939393939394 0.6393939393939394 0.045454545454545456 0.15151515151515152
