1 0.0717741935483871 0.30260047281323876 0.11129032258064517 0.4018912529550827
1 0.1314516129032258 0.693853427895981 0.16612903225806452 0.5933806146572104
1 0.14516129032258066 0.3404255319148936 0.1064516129032258 0.37825059101654845
1 0.2 0.3380614657210402 0.09032258064516129 0.3215130023640662
1 0.2564516129032258 0.2978723404255319 0.07419354838709677 0.2695035460992908
1 0.5241935483870968 0.735224586288416 0.14516129032258066 0.5200945626477541
1 0.8548387096774194 0.23758865248226949 0.12903225806451613 0.4657210401891253
1 0.9564516129032258 0.2293144208037825 0.08709677419354839 0.458628841607565
1 0.36693548387096775 0.5283687943262412 0.38870967741935486 0.8817966903073285
1 0.7685483870967742 0.5531914893617021 0.4467741935483871 0.8888888888888888
1 0.28951612903225804 0.20094562647754136 0.03387096774193549 0.09456264775413711
1 0.3217741935483871 0.15484633569739953 0.04032258064516129 0.08747044917257683
1 0.29758064516129035 0.10638297872340426 0.03387096774193549 0.05673758865248227
