1 0.517 0.7081850533807829 0.11800000000000001 0.5124555160142349
1 0.614 0.597864768683274 0.088 0.39145907473309605
1 0.708 0.5266903914590747 0.068 0.3060498220640569
1 0.8150000000000001 0.6209964412811387 0.098 0.42348754448398573
1 0.885 0.5693950177935942 0.066 0.298932384341637
1 0.744 0.5088967971530249 0.056 0.24199288256227758
1 0.777 0.46085409252669035 0.038 0.17437722419928825
1 0.5700000000000001 0.5231316725978647 0.056 0.24199288256227758
1 0.47400000000000003 0.5907473309608541 0.07200000000000001 0.32028469750889677
1 0.355 0.6672597864768683 0.098 0.4306049822064057
1 0.364 0.5533807829181494 0.06 0.27402135231316727
1 0.44 0.5284697508896797 0.06 0.2597864768683274
1 0.434 0.47864768683274017 0.044 0.18861209964412812
1 0.203 0.6281138790035586 0.08600000000000001 0.3807829181494662
1 0.259 0.5729537366548042 0.062 0.27046263345195726
1 0.234 0.5213523131672597 0.044 0.18861209964412812
1 0.294 0.49644128113879 0.036000000000000004 0.15302491103202845
1 0.079 0.6085409252669038 0.078 0.3416370106761566
1 0.138 0.5302491103202847 0.052000000000000005 0.23487544483985764
1 0.095 0.5284697508896797 0.046 0.2099644128113879
1 0.019 0.6014234875444839 0.038 0.24199288256227758
1 0.02 0.49644128113879 0.024 0.10320284697508897
1 0.047 0.47864768683274017 0.03 0.1387900355871886
1 0.667 0.46085409252669035 0.038 0.16725978647686832
1 0.217 0.4822064056939502 0.034 0.14590747330960854
1 0.874 0.42170818505338076 0.084 0.11032028469750889
