1 0.14824120603015076 0.79125 0.11222780569514237 0.4175
1 0.15912897822445563 0.56375 0.08375209380234507 0.3125
1 0.10887772194304858 0.68125 0.12060301507537688 0.4375
1 0.15326633165829145 0.47875 0.06197654941373534 0.2275
1 0.01675041876046901 0.4175 0.03350083752093802 0.18
1 0.02345058626465662 0.395 0.04690117252931324 0.18
1 0.036013400335008376 0.3575 0.035175879396984924 0.13
1 0.5938023450586265 0.70875 0.1323283082077052 0.4875
1 0.4581239530988275 0.57625 0.10887772194304858 0.3975
1 0.4187604690117253 0.51875 0.09045226130653267 0.3275
1 0.37939698492462315 0.4575 0.07202680067001675 0.27
1 0.32998324958123953 0.42125 0.05360134003350084 0.2025
1 0.297319932998325 0.40125 0.051926298157453935 0.1925
1 0.2780569514237856 0.37375 0.04355108877721943 0.1625
1 0.25963149078726966 0.35625 0.04355108877721943 0.1675
1 0.23618090452261306 0.34 0.03350083752093802 0.12
1 0.2219430485762144 0.31875000000000003 0.02512562814070352 0.0975
1 0.8358458961474037 0.59875 0.12060301507537688 0.4425
1 0.695142378559464 0.525 0.10050251256281408 0.375
1 0.59463986599665 0.46125 0.07370184254606366 0.2675
1 0.5192629815745393 0.4325 0.06365159128978225 0.23
1 0.47906197654941374 0.385 0.04690117252931324 0.18
1 0.43383584589614743 0.3725 0.04690117252931324 0.17500000000000002
1 0.39865996649916247 0.34875 0.03015075376884422 0.11750000000000001
1 0.33668341708542715 0.3175 0.03015075376884422 0.11
1 0.31825795644891125 0.3025 0.02345058626465662 0.095
1 0.2948073701842546 0.30125 0.020100502512562814 0.0775
1 0.9103852596314908 0.47875 0.08542713567839195 0.3125
1 0.9321608040201005 0.40875 0.06197654941373534 0.2325
1 0.7755443886097153 0.43 0.06700167504187604 0.25
1 0.7378559463986599 0.3425 0.048576214405360134 0.17500000000000002
1 0.8207705192629816 0.36125 0.05025125628140704 0.1875
1 0.8417085427135679 0.32125 0.038525963149078725 0.14250000000000002
1 0.8567839195979899 0.29375 0.02847571189279732 0.1125
1 0.7696817420435511 0.30125 0.02847571189279732 0.1125
1 0.6767169179229481 0.39625 0.05695142378559464 0.20750000000000002
1 0.6206030150753769 0.36375 0.048576214405360134 0.1775
1 0.5653266331658292 0.35625 0.04522613065326633 0.1675
1 0.9865996649916248 0.29125 0.02680067001675042 0.1525
