1 0.076 0.5630630630630631 0.064 0.09309309309309309
1 0.156 0.5585585585585585 0.076 0.09009009009009009
1 0.269 0.56006006006006 0.094 0.08708708708708708
1 0.379 0.566066066066066 0.08600000000000001 0.07507507507507508
1 0.494 0.5765765765765766 0.07200000000000001 0.06006006006006006
1 0.602 0.5525525525525525 0.064 0.1021021021021021
1 0.6940000000000001 0.5615615615615616 0.06 0.1021021021021021
1 0.778 0.566066066066066 0.064 0.08108108108108109
1 0.862 0.5615615615615616 0.084 0.07807807807807808
1 0.9490000000000001 0.5630630630630631 0.066 0.08108108108108109
1 0.063 0.7222222222222222 0.078 0.16516516516516516
1 0.185 0.6951951951951952 0.066 0.12912912912912913
1 0.222 0.6546546546546547 0.056 0.0960960960960961
1 0.34900000000000003 0.6801801801801802 0.042 0.11711711711711711
1 0.432 0.6636636636636637 0.076 0.10810810810810811
1 0.53 0.6711711711711712 0.088 0.12312312312312312
1 0.619 0.6591591591591591 0.05 0.1111111111111111
1 0.686 0.6786786786786787 0.10400000000000001 0.12612612612612611
1 0.72 0.6321321321321322 0.06 0.07507507507507508
1 0.793 0.6876876876876877 0.10200000000000001 0.15615615615615616
1 0.902 0.6621621621621622 0.084 0.0990990990990991
1 0.864 0.7072072072072072 0.14 0.15915915915915915
1 0.9520000000000001 0.7507507507507507 0.088 0.24624624624624625
1 0.872 0.8378378378378378 0.16 0.25225225225225223
1 0.714 0.8918918918918919 0.16 0.21621621621621623
1 0.77 0.7762762762762763 0.10400000000000001 0.15915915915915915
1 0.608 0.8453453453453453 0.188 0.24924924924924924
1 0.377 0.8978978978978979 0.158 0.2042042042042042
1 0.456 0.7822822822822822 0.108 0.2552552552552553
1 0.251 0.7777777777777778 0.11 0.18618618618618618
1 0.295 0.7372372372372372 0.094 0.15915915915915915
1 0.199 0.8528528528528528 0.182 0.23423423423423423
1 0.099 0.8888888888888888 0.178 0.21621621621621623
