1 0.9400000000000001 0.7316666666666667 0.12 0.5233333333333333
1 0.79 0.7616666666666667 0.14 0.4566666666666667
1 0.855 0.7000000000000001 0.125 0.4133333333333334
1 0.715 0.7133333333333334 0.14 0.45333333333333337
1 0.64875 0.7300000000000001 0.1225 0.4
1 0.60375 0.75 0.14250000000000002 0.4733333333333334
1 0.465 0.6983333333333334 0.125 0.4033333333333334
1 0.42625 0.76 0.1375 0.45333333333333337
1 0.3525 0.7266666666666667 0.12 0.39333333333333337
1 0.30625 0.7150000000000001 0.1125 0.36333333333333334
1 0.26625 0.6950000000000001 0.0975 0.3166666666666667
1 0.23625000000000002 0.6900000000000001 0.0825 0.28
1 0.2025 0.6783333333333333 0.08 0.26333333333333336
1 0.16875 0.665 0.0675 0.22333333333333336
1 0.1475 0.6533333333333333 0.06 0.2
1 0.1275 0.65 0.06 0.19333333333333336
1 0.115 0.6416666666666667 0.055 0.18333333333333335
1 0.0975 0.64 0.05 0.16666666666666669
1 0.54625 0.555 0.0375 0.12333333333333334
1 0.92125 0.465 0.0475 0.09666666666666668
