1 0.039375 0.5859106529209622 0.07875 0.2852233676975945
1 0.085 0.6108247422680412 0.085 0.2903780068728522
1 0.12 0.6116838487972508 0.0925 0.3161512027491409
1 0.16875 0.6391752577319587 0.0925 0.30927835051546393
1 0.20750000000000002 0.6735395189003436 0.0975 0.32646048109965636
1 0.249375 0.6297250859106529 0.08375 0.2869415807560137
1 0.29 0.6365979381443299 0.105 0.352233676975945
1 0.350625 0.6434707903780068 0.08375 0.2869415807560137
1 0.373125 0.6048109965635738 0.07375 0.24742268041237114
1 0.410625 0.627147766323024 0.07875 0.26804123711340205
1 0.46875 0.6073883161512027 0.08 0.27319587628865977
1 0.5125 0.5902061855670103 0.075 0.25257731958762886
1 0.53 0.552405498281787 0.0625 0.211340206185567
1 0.55875 0.5678694158075601 0.0725 0.24570446735395188
1 0.609375 0.5420962199312714 0.05625 0.1872852233676976
1 0.6025 0.5128865979381443 0.055 0.19072164948453607
1 0.625625 0.5017182130584192 0.04875 0.16494845360824742
1 0.64375 0.5214776632302406 0.0575 0.19759450171821305
1 0.6675 0.5592783505154639 0.0675 0.22508591065292097
1 0.703125 0.5403780068728522 0.06375 0.21477663230240548
1 0.740625 0.5214776632302406 0.058750000000000004 0.20103092783505155
1 0.766875 0.5240549828178694 0.04875 0.16494845360824742
1 0.79125 0.511168384879725 0.0525 0.18041237113402062
1 0.8125 0.4991408934707904 0.055 0.19072164948453607
1 0.8325 0.5042955326460481 0.05 0.17010309278350516
1 0.849375 0.5 0.04875 0.16494845360824742
1 0.885625 0.5146048109965635 0.051250000000000004 0.17353951890034364
1 0.87 0.493127147766323 0.045 0.15120274914089346
1 0.926875 0.4836769759450172 0.03625 0.1254295532646048
1 0.916875 0.49140893470790376 0.03625 0.12027491408934708
1 0.936875 0.48625429553264604 0.03625 0.12371134020618557
1 0.963125 0.4793814432989691 0.03625 0.12027491408934708
1 0.97375 0.4776632302405498 0.0325 0.10996563573883161
1 0.98375 0.46563573883161513 0.0325 0.1134020618556701
1 0.988125 0.47164948453608246 0.02375 0.1254295532646048
1 0.19375 0.4879725085910653 0.0375 0.06529209621993128
1 0.160625 0.4725085910652921 0.02625 0.037800687285223365
1 0.14125000000000001 0.46649484536082475 0.0225 0.04639175257731959
1 0.18812500000000001 0.436426116838488 0.02375 0.044673539518900345
1 0.228125 0.4458762886597938 0.02375 0.04982817869415807
1 0.23625000000000002 0.4321305841924399 0.025 0.0429553264604811
1 0.24375 0.4725085910652921 0.0225 0.030927835051546393
1 0.25875 0.4424398625429553 0.0275 0.03608247422680412
1 0.28 0.4415807560137457 0.0225 0.05154639175257732
1 0.29875 0.4527491408934708 0.0225 0.03951890034364261
1 0.326875 0.4699312714776632 0.02375 0.0429553264604811
1 0.318125 0.49054982817869414 0.02875 0.03608247422680412
1 0.343125 0.4536082474226804 0.02625 0.05154639175257732
1 0.3675 0.47079037800687284 0.02 0.041237113402061855
1 0.39 0.4587628865979381 0.0225 0.044673539518900345
1 0.408125 0.48109965635738833 0.03125 0.06529209621993128
1 0.420625 0.4621993127147766 0.02125 0.04810996563573883
1 0.4425 0.48281786941580757 0.0275 0.07560137457044673
1 0.46875 0.4587628865979381 0.0275 0.07216494845360824
1 0.529375 0.44329896907216493 0.02875 0.061855670103092786
