1 0.013333333333333332 0.8436018957345972 0.021333333333333333 0.0995260663507109
1 0.050666666666666665 0.8388625592417063 0.024 0.1090047393364929
1 0.264 0.8033175355450237 0.026666666666666665 0.12322274881516589
1 0.29866666666666664 0.7808056872037915 0.024 0.1113744075829384
1 0.31466666666666665 0.802132701421801 0.024 0.1066350710900474
1 0.45 0.783175355450237 0.025333333333333333 0.1113744075829384
1 0.48 0.7997630331753555 0.024 0.1113744075829384
1 0.31666666666666665 0.6729857819905214 0.025333333333333333 0.11848341232227488
1 0.61 0.6315165876777251 0.03333333333333333 0.1066350710900474
1 0.692 0.6872037914691944 0.026666666666666665 0.13744075829383887
1 0.6759999999999999 0.6706161137440759 0.024 0.12322274881516589
1 0.6446666666666666 0.6481042654028436 0.012 0.08767772511848342
