1 0.037 0.5540540540540541 0.042 0.16516516516516516
1 0.077 0.5555555555555556 0.05 0.18018018018018017
1 0.10200000000000001 0.551051051051051 0.044 0.17117117117117117
1 0.162 0.6321321321321322 0.10400000000000001 0.3813813813813814
1 0.194 0.6906906906906907 0.116 0.4264264264264264
1 0.313 0.6141141141141141 0.07 0.26726726726726724
1 0.358 0.5990990990990991 0.06 0.21921921921921922
1 0.38 0.5435435435435435 0.048 0.17417417417417416
1 0.406 0.5465465465465466 0.04 0.14414414414414414
1 0.51 0.5585585585585585 0.096 0.36036036036036034
1 0.544 0.5975975975975976 0.076 0.2882882882882883
1 0.622 0.5195195195195195 0.092 0.3363363363363363
1 0.717 0.5915915915915916 0.062 0.22822822822822822
1 0.764 0.5765765765765766 0.07200000000000001 0.2702702702702703
1 0.922 0.6351351351351351 0.092 0.33933933933933935
1 0.96 0.6591591591591591 0.08 0.36936936936936937
1 0.248 0.5915915915915916 0.064 0.11411411411411411
1 0.486 0.5690690690690691 0.048 0.12912912912912913
