1 0.925 0.5438413361169102 0.046875 0.15657620041753653
1 0.8875000000000001 0.5208768267223381 0.03125 0.10229645093945719
1 0.9070312500000001 0.7296450939457202 0.0703125 0.23590814196242169
1 0.97265625 0.6294363256784968 0.0546875 0.18997912317327764
1 0.953125 0.5083507306889352 0.05 0.1649269311064718
1 0.0234375 0.6315240083507306 0.040625 0.11482254697286011
1 0.05234375 0.6231732776617953 0.0421875 0.10229645093945719
1 0.08750000000000001 0.6200417536534446 0.034375 0.11273486430062629
1 0.1296875 0.6221294363256784 0.043750000000000004 0.12943632567849686
1 0.18359375 0.6336116910229644 0.0484375 0.12734864300626303
1 0.23125 0.6189979123173277 0.059375000000000004 0.1440501043841336
1 0.2828125 0.6096033402922755 0.05 0.12108559498956158
1 0.30546875 0.6628392484342379 0.045312500000000006 0.1231732776617954
1 0.35468750000000004 0.673277661795407 0.05 0.16075156576200417
1 0.3875 0.5876826722338204 0.037500000000000006 0.08141962421711899
1 0.41171875 0.6440501043841336 0.0484375 0.11482254697286011
1 0.43125 0.5824634655532358 0.028125 0.08350730688935282
1 0.4734375 0.604384133611691 0.05625 0.11064718162839247
1 0.50546875 0.580375782881002 0.0421875 0.09603340292275574
1 0.5437500000000001 0.5762004175365344 0.046875 0.10855949895615866
1 0.56796875 0.5626304801670146 0.026562500000000003 0.10647181628392484
1 0.596875 0.580375782881002 0.040625 0.11273486430062629
1 0.640625 0.5772442588726513 0.037500000000000006 0.06054279749478079
1 0.6531250000000001 0.6450939457202505 0.053125000000000006 0.12526096033402923
1 0.70625 0.6336116910229644 0.053125000000000006 0.10647181628392484
1 0.70234375 0.5532359081419623 0.045312500000000006 0.09603340292275574
1 0.7468750000000001 0.545929018789144 0.03125 0.06054279749478079
1 0.759375 0.6325678496868475 0.05 0.15031315240083507
1 0.8250000000000001 0.6649269311064717 0.05 0.11482254697286011
1 0.8203125 0.5845511482254697 0.03125 0.06680584551148225
1 0.875 0.5814196242171189 0.053125000000000006 0.11064718162839247
1 0.98359375 0.568893528183716 0.0234375 0.06889352818371607
1 0.34609375000000003 0.3956158663883089 0.0578125 0.17327766179540707
1 0.6921875000000001 0.38622129436325675 0.053125000000000006 0.17118997912317327
