1 0.0205 0.5738434163701067 0.041 0.25444839857651247
1 0.08650000000000001 0.6423487544483986 0.125 0.5444839857651246
1 0.1455 0.6797153024911031 0.137 0.597864768683274
1 0.2165 0.6076512455516014 0.059000000000000004 0.2580071174377224
1 0.254 0.5907473309608541 0.044 0.19572953736654802
1 0.3085 0.6903914590747331 0.125 0.5480427046263345
1 0.4205 0.6895017793594306 0.131 0.5747330960854092
1 0.501 0.6850533807829181 0.134 0.5871886120996441
1 0.611 0.5854092526690391 0.056 0.24911032028469748
1 0.638 0.5738434163701067 0.048 0.20818505338078291
1 0.6605 0.5693950177935942 0.033 0.1494661921708185
1 0.6855 0.5809608540925266 0.051000000000000004 0.22597864768683273
1 0.738 0.6717081850533807 0.108 0.4679715302491103
1 0.86 0.6663701067615658 0.122 0.5355871886120996
1 0.931 0.6814946619217082 0.13 0.5658362989323843
1 0.9550000000000001 0.6841637010676156 0.09 0.5106761565836299
1 0.773 0.5720640569395018 0.042 0.18327402135231316
1 0.7925 0.5480427046263345 0.037 0.16370106761565836
1 0.803 0.5240213523131673 0.022 0.09786476868327401
1 0.561 0.5818505338078291 0.048 0.2099644128113879
1 0.3615 0.5400355871886121 0.027 0.11565836298932383
1 0.1905 0.5542704626334519 0.035 0.15124555160142347
1 0.338 0.552491103202847 0.03 0.13701067615658363
1 0.7065 0.545373665480427 0.025 0.11209964412811388
1 0.278 0.4973309608540925 0.022 0.06583629893238434
