1 0.02875 0.6923076923076923 0.0575 0.31894934333958724
1 0.03375 0.6519699812382739 0.065 0.23827392120075047
1 0.068125 0.6594746716697936 0.06625 0.24577861163227016
1 0.11125 0.6697936210131332 0.075 0.28142589118198874
1 0.148125 0.6819887429643527 0.07875 0.2870544090056285
1 0.1925 0.6660412757973734 0.0675 0.25140712945590993
1 0.23875000000000002 0.6763602251407129 0.07 0.2570356472795497
1 0.265 0.6707317073170732 0.06 0.21951219512195122
1 0.30312500000000003 0.6716697936210131 0.06125 0.22889305816135083
1 0.313125 0.6622889305816135 0.05625 0.20637898686679174
1 0.335 0.6575984990619137 0.0475 0.17448405253283303
1 0.355 0.6707317073170732 0.065 0.23827392120075047
1 0.385625 0.6472795497185742 0.05375 0.19887429643527205
1 0.421875 0.6547842401500938 0.058750000000000004 0.21388367729831145
1 0.45 0.6350844277673546 0.035 0.1294559099437148
1 0.47500000000000003 0.6378986866791745 0.0325 0.12382739212007504
1 0.49125 0.6444652908067542 0.0325 0.12570356472795496
1 0.5125 0.651031894934334 0.0475 0.1726078799249531
1 0.529375 0.6369606003752345 0.03375 0.1294559099437148
1 0.54625 0.6360225140712945 0.035 0.1275797373358349
1 0.566875 0.6388367729831145 0.03875 0.14821763602251406
1 0.6218750000000001 0.6350844277673546 0.03375 0.1294559099437148
1 0.646875 0.6341463414634146 0.02625 0.0975609756097561
1 0.65625 0.6425891181988743 0.0375 0.13696060037523453
1 0.67625 0.6303939962476548 0.0325 0.1200750469043152
1 0.69375 0.624765478424015 0.03 0.10881801125703565
1 0.704375 0.6369606003752345 0.03125 0.11444652908067542
1 0.72 0.6322701688555347 0.025 0.0900562851782364
1 0.74 0.6303939962476548 0.0275 0.10131332082551595
1 0.75625 0.6313320825515948 0.025 0.09193245778611632
1 0.774375 0.624765478424015 0.02125 0.0825515947467167
1 0.7887500000000001 0.6219512195121951 0.02 0.07317073170731707
1 0.81 0.6285178236397748 0.02 0.07879924953095685
1 0.7975 0.6116322701688556 0.0175 0.06378986866791744
1 0.81875 0.6181988742964353 0.015 0.054409005628517824
1 0.829375 0.6153846153846154 0.01625 0.0600375234521576
1 0.8562500000000001 0.6228893058161351 0.015 0.0600375234521576
1 0.86625 0.6219512195121951 0.015 0.058161350844277676
1 0.8768750000000001 0.6172607879924953 0.01375 0.05628517823639775
1 0.88625 0.6238273921200751 0.01 0.043151969981238276
1 0.8975 0.6219512195121951 0.01 0.043151969981238276
1 0.9087500000000001 0.6210131332082551 0.0125 0.052532833020637895
1 0.919375 0.626641651031895 0.01625 0.0600375234521576
1 0.92875 0.6181988742964353 0.015 0.06191369606003752
1 0.9425 0.6181988742964353 0.015 0.054409005628517824
