1 0.09704968944099378 0.5807962529274004 0.09782608695652173 0.36533957845433257
1 0.19177018633540371 0.49063231850117095 0.06677018633540373 0.2459016393442623
1 0.25931677018633537 0.6346604215456675 0.13664596273291924 0.5058548009367682
1 0.2826086956521739 0.4297423887587822 0.02795031055900621 0.1053864168618267
1 0.3214285714285714 0.49414519906323184 0.07763975155279502 0.2903981264637002
1 0.36180124223602483 0.4379391100702576 0.05590062111801242 0.20608899297423888
1 0.452639751552795 0.5234192037470726 0.09161490683229813 0.3395784543325527
1 0.5069875776397516 0.4426229508196721 0.06366459627329192 0.2388758782201405
1 0.5380434782608695 0.4098360655737705 0.04192546583850931 0.15456674473067916
1 0.6110248447204969 0.6850117096018735 0.16304347826086957 0.6065573770491803
1 0.6669254658385093 0.3992974238875878 0.04813664596273291 0.18032786885245902
1 0.6816770186335404 0.44730679156908665 0.06832298136645962 0.2529274004683841
1 0.7600931677018633 0.4238875878220141 0.05434782608695652 0.20608899297423888
1 0.7973602484472049 0.3957845433255269 0.05124223602484472 0.19672131147540983
1 0.828416149068323 0.5421545667447307 0.12888198757763975 0.47540983606557374
1 0.9130434782608695 0.4672131147540984 0.08385093167701863 0.3114754098360656
1 0.93555900621118 0.42857142857142855 0.06055900621118012 0.22482435597189696
1 0.9798136645962732 0.3957845433255269 0.040372670807453416 0.20608899297423888
1 0.5854037267080745 0.33489461358313816 0.03105590062111801 0.05620608899297424
