1 0.008 0.6167315175097277 0.016 0.13618677042801558
1 0.025 0.6089494163424125 0.026000000000000002 0.12840466926070038
1 0.041 0.6089494163424125 0.026000000000000002 0.12062256809338522
1 0.056 0.603112840466926 0.024 0.1245136186770428
1 0.079 0.6167315175097277 0.022 0.11284046692607004
1 0.1 0.6147859922178989 0.024 0.1245136186770428
1 0.116 0.6186770428015564 0.024 0.1245136186770428
1 0.129 0.622568093385214 0.026000000000000002 0.1245136186770428
1 0.168 0.622568093385214 0.02 0.0933852140077821
1 0.17500000000000002 0.6186770428015564 0.022 0.11673151750972763
1 0.191 0.6284046692607004 0.018000000000000002 0.08949416342412451
1 0.244 0.6128404669260701 0.02 0.09727626459143969
1 0.322 0.7412451361867705 0.052000000000000005 0.2529182879377432
1 0.373 0.7684824902723736 0.038 0.18287937743190663
1 0.5630000000000001 0.7295719844357976 0.05 0.24513618677042803
1 0.534 0.7334630350194553 0.048 0.22957198443579768
1 0.505 0.7217898832684825 0.046 0.22957198443579768
1 0.482 0.7529182879377432 0.04 0.19066147859922178
1 0.20800000000000002 0.5583657587548638 0.016 0.07392996108949416
1 0.331 0.5894941634241245 0.018000000000000002 0.09727626459143969
1 0.34600000000000003 0.5914396887159533 0.02 0.10116731517509728
1 0.40700000000000003 0.5836575875486382 0.018000000000000002 0.08560311284046693
1 0.391 0.5719844357976653 0.018000000000000002 0.0933852140077821
1 0.362 0.6011673151750972 0.02 0.10505836575875487
1 0.44 0.6206225680933852 0.016 0.08949416342412451
1 0.455 0.6089494163424125 0.014 0.07392996108949416
1 0.468 0.6147859922178989 0.016 0.08560311284046693
1 0.271 0.6653696498054474 0.03 0.14007782101167315
1 0.291 0.6459143968871596 0.022 0.11673151750972763
1 0.281 0.6108949416342413 0.018000000000000002 0.08560311284046693
1 0.453 0.6906614785992218 0.03 0.11284046692607004
