1 0.08777777777777777 0.5919881305637983 0.06 0.19287833827893175
1 0.13666666666666666 0.5979228486646885 0.06 0.19881305637982197
1 0.18777777777777777 0.5771513353115727 0.06444444444444444 0.2166172106824926
1 0.10777777777777778 0.6261127596439169 0.042222222222222223 0.13649851632047477
1 0.13666666666666666 0.6275964391691395 0.03777777777777778 0.13353115727002968
1 0.1688888888888889 0.6379821958456974 0.03111111111111111 0.10682492581602374
1 0.21555555555555556 0.6320474777448072 0.04 0.13649851632047477
1 0.2388888888888889 0.6305637982195846 0.03777777777777778 0.12759643916913946
1 0.23444444444444446 0.5786350148367952 0.06444444444444444 0.2195845697329377
1 0.2788888888888889 0.5830860534124629 0.06888888888888889 0.22255192878338279
1 0.27444444444444444 0.6290801186943621 0.042222222222222223 0.142433234421365
1 0.3211111111111111 0.5741839762611276 0.06888888888888889 0.23442136498516322
1 0.35444444444444445 0.6320474777448072 0.042222222222222223 0.1483679525222552
1 0.37 0.5786350148367952 0.06444444444444444 0.21364985163204747
1 0.4166666666666667 0.5919881305637983 0.06444444444444444 0.2166172106824926
1 0.4077777777777778 0.6290801186943621 0.04666666666666667 0.16023738872403562
1 0.47444444444444445 0.5934718100890208 0.07333333333333333 0.24925816023738873
1 0.45666666666666667 0.6320474777448072 0.04666666666666667 0.16023738872403562
1 0.5333333333333333 0.6290801186943621 0.04888888888888889 0.16023738872403562
1 0.54 0.5816023738872403 0.08 0.26112759643916916
1 0.6066666666666667 0.6186943620178041 0.04888888888888889 0.16913946587537093
1 0.6133333333333333 0.5786350148367952 0.07555555555555556 0.24925816023738873
1 0.6777777777777778 0.6201780415430267 0.044444444444444446 0.1483679525222552
1 0.6888888888888889 0.5816023738872403 0.07555555555555556 0.2551928783382789
1 0.7344444444444445 0.6275964391691395 0.04666666666666667 0.15727002967359052
1 0.7533333333333333 0.5875370919881305 0.06222222222222222 0.20771513353115728
1 0.8244444444444444 0.5816023738872403 0.08444444444444445 0.27299703264094954
1 0.9077777777777778 0.56973293768546 0.08222222222222222 0.27299703264094954
1 0.9711111111111111 0.56973293768546 0.057777777777777775 0.2789317507418398
