1 0.05555555555555556 0.6069444444444445 0.11111111111111112 0.6305555555555555
1 0.07314814814814816 0.6305555555555555 0.1462962962962963 0.6277777777777778
1 0.18981481481481483 0.6375000000000001 0.1685185185185185 0.625
1 0.27037037037037037 0.638888888888889 0.16296296296296298 0.6055555555555556
1 0.37592592592592594 0.6138888888888889 0.16666666666666669 0.6166666666666667
1 0.6768518518518519 0.5902777777777778 0.1574074074074074 0.5805555555555556
1 0.5055555555555555 0.6333333333333333 0.17037037037037037 0.6222222222222222
1 0.625 0.6430555555555556 0.1685185185185185 0.625
1 0.7564814814814815 0.6333333333333333 0.1574074074074074 0.5833333333333334
1 0.8472222222222222 0.6291666666666667 0.15 0.5472222222222223
1 0.9370370370370371 0.6472222222222223 0.12592592592592594 0.6
1 0.13055555555555556 0.3597222222222222 0.06481481481481481 0.1638888888888889
1 0.22777777777777777 0.35694444444444445 0.037037037037037035 0.09722222222222222
1 0.32685185185185184 0.36388888888888893 0.04259259259259259 0.1388888888888889
1 0.4462962962962963 0.3736111111111111 0.06666666666666667 0.18055555555555555
1 0.5574074074074075 0.3472222222222222 0.07777777777777778 0.17777777777777778
1 0.8111111111111111 0.3652777777777778 0.07777777777777778 0.1638888888888889
1 0.9064814814814816 0.3736111111111111 0.07222222222222223 0.18055555555555555
1 0.11111111111111112 0.7722222222222223 0.14074074074074075 0.41111111111111115
1 0.2101851851851852 0.7694444444444445 0.11666666666666667 0.43333333333333335
1 0.3175925925925926 0.7625000000000001 0.13518518518518519 0.4305555555555556
1 0.4361111111111111 0.7763888888888889 0.13148148148148148 0.41944444444444445
1 0.5277777777777778 0.7708333333333334 0.10740740740740741 0.4416666666666667
1 0.6277777777777778 0.7736111111111111 0.11111111111111112 0.4416666666666667
1 0.737962962962963 0.7763888888888889 0.09444444444444444 0.4416666666666667
1 0.8120370370370371 0.7666666666666667 0.06481481481481481 0.4166666666666667
1 0.9259259259259259 0.7861111111111111 0.14814814814814814 0.4277777777777778
