1 0.0175 0.24875 0.035 0.2125
1 0.07083333333333333 0.27 0.055 0.21
1 0.08916666666666667 0.23875000000000002 0.045000000000000005 0.17250000000000001
1 0.13166666666666668 0.2475 0.04 0.15
1 0.15083333333333335 0.26875 0.058333333333333334 0.2225
1 0.18083333333333335 0.255 0.035 0.13
1 0.21250000000000002 0.24625 0.045000000000000005 0.17250000000000001
1 0.19166666666666668 0.2325 0.043333333333333335 0.165
1 0.25833333333333336 0.27375 0.030000000000000002 0.1125
1 0.2866666666666667 0.26125 0.04 0.1475
1 0.325 0.32 0.07666666666666667 0.28
1 0.3458333333333334 0.34875 0.06833333333333334 0.2575
1 0.395 0.31375000000000003 0.09333333333333334 0.3425
1 0.525 0.4575 0.18000000000000002 0.665
1 0.6516666666666667 0.4975 0.14 0.515
1 0.8175 0.5 0.21500000000000002 0.79
1 0.9416666666666668 0.42875 0.11 0.4025
1 0.6833333333333333 0.32875 0.07666666666666667 0.28750000000000003
1 0.7633333333333334 0.38125000000000003 0.09666666666666668 0.3525
1 0.43583333333333335 0.29375 0.05166666666666667 0.1975
1 0.4708333333333334 0.305 0.045000000000000005 0.17
1 0.8725 0.325 0.035 0.135
1 0.265 0.2475 0.04 0.145
1 0.2275 0.255 0.025 0.1
1 0.6291666666666667 0.21625 0.045000000000000005 0.0925
