1 0.03468208092485549 0.8225490196078431 0.06936416184971098 0.3509803921568627
1 0.05274566473988439 0.8196078431372549 0.10549132947976878 0.3607843137254902
1 0.1134393063583815 0.830392156862745 0.09393063583815028 0.3156862745098039
1 0.21676300578034682 0.8058823529411765 0.10982658959537572 0.3686274509803922
1 0.171242774566474 0.8107843137254902 0.10260115606936415 0.3431372549019608
1 0.2478323699421965 0.7764705882352941 0.0968208092485549 0.32156862745098036
1 0.29624277456647397 0.8147058823529412 0.10982658959537572 0.37058823529411766
1 0.338150289017341 0.8098039215686275 0.10115606936416184 0.33725490196078434
1 0.3908959537572254 0.8107843137254902 0.11127167630057803 0.37058823529411766
1 0.440028901734104 0.8107843137254902 0.10260115606936415 0.34705882352941175
1 0.4992774566473988 0.8176470588235294 0.10838150289017341 0.3568627450980392
1 0.5505780346820809 0.8098039215686275 0.10693641618497109 0.3529411764705882
1 0.6235549132947976 0.7745098039215687 0.11127167630057803 0.37254901960784315
1 0.6582369942196531 0.7745098039215687 0.09971098265895953 0.33725490196078434
1 0.7066473988439306 0.7725490196078432 0.10693641618497109 0.3568627450980392
1 0.7434971098265896 0.7813725490196078 0.10260115606936415 0.3392156862745098
1 0.7940751445086704 0.7598039215686274 0.09393063583815028 0.3156862745098039
1 0.847543352601156 0.7715686274509804 0.0968208092485549 0.3235294117647059
1 0.8937861271676301 0.7735294117647059 0.08815028901734104 0.29215686274509806
1 0.9125722543352601 0.7549019607843137 0.07658959537572253 0.2588235294117647
1 0.9768786127167629 0.7519607843137255 0.046242774566473986 0.2647058823529412
1 0.4703757225433526 0.657843137254902 0.04190751445086705 0.08431372549019608
1 0.5751445086705202 0.6333333333333333 0.028901734104046242 0.050980392156862744
1 0.7210982658959537 0.6274509803921569 0.028901734104046242 0.054901960784313725
1 0.7622832369942196 0.6147058823529412 0.024566473988439304 0.049019607843137254
1 0.1546242774566474 0.6784313725490196 0.023121387283236993 0.0392156862745098
1 0.13728323699421965 0.6656862745098039 0.03468208092485549 0.056862745098039215
1 0.08164739884393063 0.6784313725490196 0.030346820809248554 0.050980392156862744
1 0.09826589595375722 0.6568627450980392 0.023121387283236993 0.043137254901960784
