1 0.121875 0.48020833333333335 0.13541666666666666 0.33125
1 0.171875 0.503125 0.13958333333333334 0.34791666666666665
1 0.275 0.5541666666666667 0.2 0.4875
1 0.39375 0.46041666666666664 0.10416666666666667 0.2583333333333333
1 0.58125 0.6364583333333333 0.2583333333333333 0.63125
1 0.6677083333333333 0.496875 0.16458333333333333 0.40625
1 0.7802083333333333 0.46770833333333334 0.11041666666666666 0.27708333333333335
1 0.7375 0.41770833333333335 0.09166666666666666 0.22708333333333333
1 0.84375 0.44479166666666664 0.09166666666666666 0.22708333333333333
1 0.9406249999999999 0.38645833333333335 0.04791666666666666 0.12291666666666666
1 0.4614583333333333 0.365625 0.03958333333333333 0.06041666666666667
1 0.7479166666666667 0.9177083333333333 0.3625 0.11041666666666666
1 0.46770833333333334 0.7833333333333333 0.3020833333333333 0.09583333333333333
