1 0.05 0.5215759849906192 0.0775 0.2851782363977486
1 0.078125 0.5412757973733584 0.06875 0.25328330206378985
1 0.1125 0.5272045028142589 0.0775 0.28893058161350843
1 0.18 0.5422138836772983 0.07 0.2589118198874296
1 0.16125 0.5215759849906192 0.0725 0.2701688555347092
1 0.214375 0.5403377110694184 0.06875 0.2589118198874296
1 0.29 0.5196998123827392 0.08 0.2926829268292683
1 0.321875 0.5150093808630394 0.06875 0.25328330206378985
1 0.368125 0.5196998123827392 0.07375 0.27392120075046905
1 0.420625 0.524390243902439 0.07625 0.28330206378986866
1 0.46187500000000004 0.5234521575984991 0.07625 0.28142589118198874
1 0.52625 0.5403377110694184 0.0675 0.25140712945590993
1 0.555 0.5347091932457786 0.07 0.2551594746716698
1 0.6218750000000001 0.5103189493433395 0.07625 0.2851782363977486
1 0.649375 0.5412757973733584 0.06625 0.24577861163227016
1 0.68875 0.5375234521575984 0.0675 0.25328330206378985
1 0.72875 0.5309568480300187 0.0725 0.26641651031894936
1 0.753125 0.4146341463414634 0.01875 0.07129455909943715
1 0.79625 0.5272045028142589 0.075 0.2776735459662289
1 0.841875 0.5215759849906192 0.07625 0.2776735459662289
1 0.8512500000000001 0.5328330206378987 0.0725 0.2701688555347092
1 0.7731250000000001 0.425891181988743 0.01625 0.05628517823639775
1 0.49125 0.40619136960600377 0.24 0.41088180112570355
