1 0.15416666666666667 0.5776942355889724 0.09833333333333334 0.3583959899749373
1 0.43833333333333335 0.5952380952380952 0.12666666666666668 0.46365914786967416
1 0.7050000000000001 0.5639097744360901 0.06333333333333334 0.23057644110275688
1 0.7616666666666667 0.5200501253132832 0.03666666666666667 0.13784461152882205
1 0.9258333333333334 0.556390977443609 0.055 0.20050125313283207
1 0.9416666666666668 0.5338345864661653 0.04666666666666667 0.17543859649122806
1 0.6125 0.5137844611528821 0.035 0.13533834586466165
1 0.6308333333333334 0.5137844611528821 0.03166666666666667 0.12030075187969924
1 0.4733333333333334 0.49749373433583954 0.030000000000000002 0.11278195488721804
1 0.4991666666666667 0.49373433583959897 0.03166666666666667 0.11528822055137844
1 0.04666666666666667 0.44862155388471175 0.02666666666666667 0.10526315789473684
1 0.08416666666666667 0.45864661654135336 0.025 0.09022556390977443
1 0.2016666666666667 0.4649122807017544 0.02666666666666667 0.10275689223057644
1 0.1366666666666667 0.46365914786967416 0.02666666666666667 0.10025062656641603
1 0.26666666666666666 0.4022556390977443 0.06666666666666667 0.22807017543859648
1 0.5058333333333334 0.5225563909774436 0.03166666666666667 0.10275689223057644
1 0.5658333333333334 0.5200501253132832 0.028333333333333335 0.09774436090225563
1 0.5916666666666667 0.5225563909774436 0.02666666666666667 0.09774436090225563
1 0.7875000000000001 0.5551378446115288 0.035 0.12781954887218044
1 0.8191666666666667 0.5576441102756892 0.03833333333333334 0.12280701754385964
1 0.8508333333333334 0.5601503759398496 0.045000000000000005 0.11779448621553884
1 0.8483333333333334 0.48746867167919794 0.03333333333333333 0.05263157894736842
