1 0.015833333333333335 0.8825000000000001 0.03166666666666667 0.16
1 0.0425 0.88375 0.04166666666666667 0.1525
1 0.05666666666666667 0.88125 0.04666666666666667 0.17250000000000001
1 0.10333333333333335 0.87625 0.06333333333333334 0.2325
1 0.14083333333333334 0.895 0.04166666666666667 0.155
1 0.15666666666666668 0.93125 0.03666666666666667 0.1325
1 0.8725 0.8575 0.07166666666666667 0.27
1 0.8200000000000001 0.8675 0.043333333333333335 0.165
1 0.775 0.87375 0.03666666666666667 0.1325
1 0.8 0.84125 0.03666666666666667 0.1375
1 0.9166666666666667 0.86375 0.05 0.1875
1 0.9666666666666667 0.8562500000000001 0.06666666666666667 0.28250000000000003
