1 0.6942028985507247 0.6383442265795207 0.05507246376811594 0.20915032679738566
1 0.7340579710144928 0.6470588235294118 0.04782608695652174 0.17429193899782136
1 0.341304347826087 0.786492374727669 0.1 0.3703703703703704
1 0.15144927536231884 0.6917211328976035 0.07101449275362319 0.26361655773420484
1 0.3079710144927536 0.6252723311546842 0.04492753623188406 0.16993464052287582
1 0.6340579710144928 0.6023965141612201 0.02463768115942029 0.09368191721132899
1 0.6557971014492754 0.6122004357298475 0.021739130434782608 0.08278867102396514
1 0.6 0.6122004357298475 0.020289855072463767 0.07407407407407408
1 0.5855072463768116 0.6034858387799565 0.020289855072463767 0.07407407407407408
1 0.5362318840579711 0.5980392156862746 0.02318840579710145 0.08496732026143791
1 0.5181159420289855 0.6056644880174292 0.02753623188405797 0.10021786492374729
1 0.24782608695652175 0.6176470588235294 0.034782608695652174 0.1328976034858388
1 0.2833333333333333 0.6176470588235294 0.0391304347826087 0.14161220043572986
1 0.22028985507246376 0.6187363834422659 0.03188405797101449 0.11764705882352942
1 0.20144927536231885 0.6176470588235294 0.034782608695652174 0.1328976034858388
1 0.17681159420289855 0.6209150326797386 0.034782608695652174 0.13071895424836602
1 0.9311594202898551 0.7113289760348585 0.1289855072463768 0.5076252723311547
1 0.03768115942028986 0.7374727668845317 0.07246376811594203 0.4248366013071896
1 0.5231884057971015 0.7222222222222223 0.1536231884057971 0.05882352941176471
1 0.43333333333333335 0.6492374727668846 0.05507246376811594 0.07407407407407408
1 0.40217391304347827 0.7004357298474946 0.06521739130434782 0.2113289760348584
1 0.1318840579710145 0.34204793028322444 0.03768115942028986 0.09150326797385622
1 0.17318840579710146 0.36274509803921573 0.015942028985507246 0.07189542483660132
