1 0.038 0.6096096096096096 0.076 0.3303303303303303
1 0.055 0.5015015015015015 0.094 0.34234234234234234
1 0.10300000000000001 0.6231231231231231 0.10200000000000001 0.3813813813813814
1 0.134 0.527027027027027 0.084 0.3153153153153153
1 0.182 0.5675675675675675 0.088 0.3303303303303303
1 0.257 0.5840840840840841 0.09 0.33933933933933935
1 0.28200000000000003 0.6231231231231231 0.08 0.2972972972972973
1 0.297 0.49099099099099097 0.082 0.3033033033033033
1 0.34900000000000003 0.4984984984984985 0.08600000000000001 0.3183183183183183
1 0.394 0.5180180180180181 0.088 0.32732732732732733
1 0.437 0.53003003003003 0.08600000000000001 0.3213213213213213
1 0.459 0.5495495495495496 0.08600000000000001 0.3183183183183183
1 0.534 0.6456456456456456 0.12 0.4444444444444444
1 0.609 0.6111111111111112 0.098 0.35735735735735735
1 0.64 0.484984984984985 0.084 0.30930930930930933
1 0.686 0.503003003003003 0.08 0.2972972972972973
1 0.744 0.5495495495495496 0.08 0.3003003003003003
1 0.836 0.5645645645645646 0.088 0.32432432432432434
1 0.884 0.5855855855855856 0.084 0.3183183183183183
1 0.707 0.7372372372372372 0.114 0.4174174174174174
1 0.923 0.6171171171171171 0.082 0.30930930930930933
1 0.9480000000000001 0.49399399399399396 0.08 0.2972972972972973
1 0.5740000000000001 0.4744744744744745 0.08 0.3003003003003003
1 0.871 0.496996996996997 0.09 0.33933933933933935
1 0.018000000000000002 0.35135135135135137 0.036000000000000004 0.08408408408408408
1 0.109 0.38738738738738737 0.034 0.06606606606606606
1 0.5670000000000001 0.44894894894894893 0.05 0.08708708708708708
