1 0.8964285714285715 0.5114854517611026 0.13775510204081634 0.5084226646248086
1 0.8142857142857144 0.5107197549770292 0.1163265306122449 0.42725880551301687
1 0.7117346938775511 0.5076569678407351 0.11122448979591838 0.4119448698315467
1 0.6367346938775511 0.5382848392036753 0.12448979591836735 0.4548238897396631
1 0.55 0.5252679938744258 0.1 0.37059724349157736
1 0.49336734693877554 0.4739663093415008 0.08877551020408164 0.32618683001531396
1 0.4214285714285715 0.47166921898928027 0.08775510204081634 0.32465543644716693
1 0.3316326530612245 0.4846860643185299 0.05918367346938776 0.222052067381317
1 0.29438775510204085 0.4846860643185299 0.05408163265306123 0.1975497702909648
1 0.1316326530612245 0.4433384379785605 0.05918367346938776 0.21592649310872894
1 0.1959183673469388 0.4617151607963247 0.05714285714285715 0.2098009188361409
1 0.23520408163265308 0.44793261868300155 0.05408163265306123 0.20367534456355285
1 0.5658163265306123 0.48162327718223585 0.09693877551020409 0.3568147013782542
1 0.27142857142857146 0.36064318529862177 0.022448979591836737 0.05053598774885146
1 0.3020408163265306 0.36447166921898927 0.022448979591836737 0.06125574272588055
1 0.7551020408163266 0.6393568147013783 0.17142857142857143 0.4946401225114855
1 0.11938775510204083 0.5114854517611026 0.06938775510204082 0.09188361408882083
1 0.19234693877551023 0.5153139356814701 0.0642857142857143 0.14854517611026033
1 0.23163265306122452 0.5490045941807045 0.036734693877551024 0.10260336906584992
1 0.2653061224489796 0.552833078101072 0.05918367346938776 0.1562021439509954
1 0.3025510204081633 0.5627871362940275 0.06224489795918368 0.2098009188361409
1 0.34540816326530616 0.5842266462480857 0.06224489795918368 0.2098009188361409
1 0.3903061224489796 0.5911179173047474 0.06224489795918368 0.20214395099540583
1 0.41632653061224495 0.6539050535987749 0.10204081632653061 0.2511485451761103
1 0.4928571428571429 0.5987748851454824 0.09591836734693879 0.16539050535987748
1 0.46734693877551026 0.7465543644716692 0.11020408163265308 0.19448698315467075
1 0.5117346938775511 0.824655436447167 0.2948979591836735 0.33843797856049007
