1 0.06790123456790123 0.6995884773662552 0.06481481481481481 0.20987654320987656
1 0.040123456790123455 0.6965020576131687 0.06172839506172839 0.20370370370370372
1 0.10570987654320987 0.6759259259259259 0.06944444444444445 0.22839506172839508
1 0.13194444444444445 0.6728395061728396 0.06635802469135801 0.21399176954732513
1 0.18441358024691357 0.6985596707818931 0.06944444444444445 0.22839506172839508
1 0.2222222222222222 0.6820987654320988 0.06790123456790123 0.2242798353909465
1 0.2507716049382716 0.683127572016461 0.06944444444444445 0.23045267489711935
1 0.2824074074074074 0.6676954732510288 0.07407407407407407 0.24074074074074076
1 0.3117283950617284 0.6656378600823046 0.07407407407407407 0.24074074074074076
1 0.6041666666666666 0.6594650205761318 0.06018518518518518 0.1954732510288066
1 0.790895061728395 0.6646090534979424 0.05709876543209876 0.1934156378600823
1 0.8487654320987654 0.631687242798354 0.046296296296296294 0.15637860082304528
1 0.8819444444444444 0.7870370370370371 0.125 0.4135802469135803
1 0.3387345679012346 0.8323045267489713 0.18364197530864196 0.32304526748971196
