1 0.07333333333333333 0.6075 0.14666666666666667 0.585
1 0.18333333333333335 0.59125 0.15000000000000002 0.5475
1 0.2725 0.5875 0.14833333333333334 0.55
1 0.3591666666666667 0.5775 0.14500000000000002 0.535
1 0.4675 0.5625 0.14833333333333334 0.545
1 0.5583333333333333 0.5962500000000001 0.14333333333333334 0.5325
1 0.6408333333333334 0.58375 0.155 0.5675
1 0.7225 0.59125 0.16166666666666668 0.5975
1 0.8141666666666667 0.60875 0.18166666666666667 0.6675
1 0.9116666666666667 0.6275000000000001 0.17666666666666667 0.68
1 0.14250000000000002 0.215 0.04166666666666667 0.16
1 0.17916666666666667 0.225 0.04166666666666667 0.15
1 0.6291666666666667 0.1375 0.04833333333333334 0.08
