1 0.9289855072463769 0.7511574074074073 0.12173913043478261 0.47916666666666663
1 0.7681159420289855 0.7569444444444444 0.12173913043478261 0.4768518518518518
1 0.677536231884058 0.7488425925925926 0.12318840579710146 0.4837962962962963
1 0.5891304347826087 0.6527777777777778 0.036231884057971016 0.14351851851851852
1 0.4688405797101449 0.6319444444444444 0.02463768115942029 0.09722222222222221
1 0.45072463768115945 0.6388888888888888 0.028985507246376812 0.12037037037037036
1 0.3760869565217391 0.6261574074074073 0.021739130434782608 0.09027777777777778
1 0.4173913043478261 0.642361111111111 0.028985507246376812 0.11805555555555555
1 0.4391304347826087 0.6377314814814814 0.026086956521739132 0.10416666666666666
1 0.29057971014492756 0.7511574074074073 0.1 0.39120370370370366
1 0.23695652173913043 0.7592592592592592 0.0536231884057971 0.21296296296296297
1 0.1492753623188406 0.7384259259259259 0.08115942028985507 0.31481481481481477
1 0.20507246376811594 0.6608796296296295 0.03333333333333333 0.13657407407407407
1 0.05579710144927536 0.7754629629629629 0.09420289855072464 0.3657407407407407
1 0.07536231884057971 0.7418981481481481 0.08115942028985507 0.3171296296296296
1 0.25217391304347825 0.6898148148148148 0.05507246376811594 0.2222222222222222
1 0.22318840579710145 0.6469907407407407 0.026086956521739132 0.10416666666666666
1 0.3463768115942029 0.6087962962962963 0.011594202898550725 0.05092592592592592
1 0.3101449275362319 0.6076388888888888 0.011594202898550725 0.04398148148148148
1 0.32463768115942027 0.5983796296296297 0.005797101449275362 0.03009259259259259
1 0.33115942028985507 0.599537037037037 0.007246376811594203 0.027777777777777776
