1 0.06533333333333333 0.636 0.128 0.47600000000000003
1 0.15066666666666667 0.66 0.13599999999999998 0.504
1 0.214 0.6980000000000001 0.16133333333333333 0.596
1 0.3213333333333333 0.615 0.112 0.41400000000000003
1 0.43133333333333335 0.672 0.148 0.54
1 0.51 0.5750000000000001 0.08933333333333333 0.326
1 0.5766666666666667 0.652 0.12666666666666665 0.464
1 0.6633333333333333 0.632 0.09999999999999999 0.372
1 0.7306666666666667 0.623 0.08 0.294
1 0.774 0.601 0.07333333333333333 0.274
1 0.8646666666666666 0.586 0.06266666666666666 0.228
1 0.9306666666666666 0.5760000000000001 0.050666666666666665 0.188
1 0.48333333333333334 0.493 0.028 0.11
1 0.5526666666666666 0.466 0.025333333333333333 0.052000000000000005
1 0.6353333333333333 0.47600000000000003 0.025333333333333333 0.08
1 0.6493333333333333 0.481 0.018666666666666665 0.058
1 0.696 0.492 0.032 0.096
1 0.7553333333333333 0.498 0.022666666666666665 0.068
1 0.124 0.46900000000000003 0.04 0.126
