1 0.16083333333333336 0.54875 0.16833333333333333 0.6175
1 0.37083333333333335 0.515 0.125 0.465
1 0.5416666666666667 0.59875 0.2 0.7325
1 0.6383333333333334 0.54125 0.14666666666666667 0.5375
1 0.7441666666666668 0.50375 0.115 0.4225
1 0.03333333333333333 0.4225 0.06666666666666667 0.28500000000000003
1 0.08083333333333334 0.4175 0.07166666666666667 0.265
1 0.04833333333333334 0.41500000000000004 0.07 0.265
1 0.10916666666666668 0.41250000000000003 0.07500000000000001 0.275
1 0.24750000000000003 0.41500000000000004 0.07500000000000001 0.28
1 0.2783333333333334 0.41625 0.07333333333333333 0.2675
1 0.32333333333333336 0.41250000000000003 0.07333333333333333 0.275
1 0.43500000000000005 0.4175 0.06666666666666667 0.25
1 0.79 0.4275 0.07 0.26
1 0.8383333333333334 0.43875000000000003 0.06666666666666667 0.2525
1 0.9033333333333334 0.43125 0.060000000000000005 0.2275
1 0.9683333333333334 0.44125000000000003 0.06333333333333334 0.23750000000000002
1 0.4691666666666667 0.42375 0.065 0.2425
1 0.5733333333333334 0.41500000000000004 0.060000000000000005 0.225
1 0.5533333333333333 0.31875000000000003 0.023333333333333334 0.0625
1 0.18083333333333335 0.30625 0.03166666666666667 0.0525
1 0.35000000000000003 0.23500000000000001 0.03333333333333333 0.06
1 0.41583333333333333 0.32 0.028333333333333335 0.08
1 0.37000000000000005 0.8975 0.3433333333333334 0.095
1 0.5108333333333334 0.76625 0.23833333333333334 0.0925
1 0.8233333333333334 0.82625 0.33 0.10250000000000001
1 0.8783333333333334 0.735 0.24000000000000002 0.095
