1 0.14609375 0.5989583333333334 0.1546875 0.5104166666666666
1 0.31562500000000004 0.6145833333333334 0.15625 0.5083333333333333
1 0.38984375000000004 0.5270833333333333 0.08281250000000001 0.2708333333333333
1 0.45 0.5208333333333334 0.0625 0.20833333333333334
1 0.5109375 0.503125 0.065625 0.21875
1 0.6117187500000001 0.5614583333333333 0.15156250000000002 0.49374999999999997
1 0.6570312500000001 0.5010416666666666 0.0703125 0.23541666666666666
1 0.68515625 0.5197916666666667 0.08281250000000001 0.27708333333333335
1 0.7375 0.5416666666666666 0.1 0.325
1 0.81640625 0.6322916666666667 0.22031250000000002 0.71875
1 0.9398437500000001 0.553125 0.1203125 0.4395833333333333
1 0.7171875000000001 0.3989583333333333 0.040625 0.06041666666666667
1 0.23671875 0.7177083333333333 0.13593750000000002 0.2895833333333333
1 0.478125 0.440625 0.018750000000000003 0.04791666666666666
