1 0.077 0.5915915915915916 0.078 0.2882882882882883
1 0.032 0.5930930930930931 0.064 0.3993993993993994
1 0.091 0.5555555555555556 0.074 0.27627627627627627
1 0.26 0.6546546546546547 0.14 0.5165165165165165
1 0.356 0.6351351351351351 0.092 0.34534534534534533
1 0.457 0.6456456456456456 0.13 0.4744744744744745
1 0.51 0.7117117117117117 0.156 0.5705705705705706
1 0.635 0.6336336336336337 0.11800000000000001 0.43843843843843844
1 0.71 0.6831831831831832 0.14 0.5135135135135135
1 0.763 0.6426426426426426 0.10200000000000001 0.3783783783783784
1 0.845 0.6006006006006006 0.05 0.18618618618618618
1 0.891 0.542042042042042 0.042 0.15315315315315314
1 0.8210000000000001 0.5330330330330331 0.034 0.12912912912912913
1 0.917 0.6006006006006006 0.062 0.22822822822822822
1 0.9420000000000001 0.542042042042042 0.044 0.16516516516516516
1 0.983 0.551051051051051 0.034 0.14714714714714713
