1 0.099 0.6576576576576576 0.10200000000000001 0.37237237237237236
1 0.162 0.6201201201201201 0.08 0.2972972972972973
1 0.229 0.6201201201201201 0.08600000000000001 0.3153153153153153
1 0.312 0.6381381381381381 0.084 0.30930930930930933
1 0.126 0.53003003003003 0.036000000000000004 0.14114114114114115
1 0.455 0.6456456456456456 0.09 0.3303303303303303
1 0.549 0.6426426426426426 0.10200000000000001 0.37237237237237236
1 0.642 0.6621621621621622 0.088 0.3333333333333333
1 0.74 0.6546546546546547 0.10400000000000001 0.39039039039039036
1 0.838 0.6621621621621622 0.10400000000000001 0.38738738738738737
1 0.96 0.6756756756756757 0.08 0.37237237237237236
