1 0.022 0.42714285714285716 0.044 0.21428571428571427
1 0.081 0.43857142857142856 0.058 0.20857142857142857
1 0.145 0.6142857142857143 0.17400000000000002 0.6114285714285714
1 0.192 0.6742857142857143 0.168 0.5828571428571429
1 0.28600000000000003 0.6542857142857142 0.164 0.5714285714285714
1 0.28300000000000003 0.6014285714285714 0.166 0.58
1 0.374 0.6457142857142857 0.148 0.52
1 0.42 0.58 0.168 0.5828571428571429
1 0.47600000000000003 0.6528571428571428 0.152 0.54
1 0.508 0.5642857142857143 0.16 0.5571428571428572
1 0.554 0.6485714285714286 0.164 0.5714285714285714
1 0.6 0.5714285714285714 0.17200000000000001 0.6
1 0.664 0.5957142857142858 0.184 0.6485714285714286
1 0.719 0.5614285714285714 0.17400000000000002 0.6142857142857143
1 0.774 0.5914285714285714 0.196 0.6857142857142857
1 0.847 0.5628571428571428 0.19 0.6685714285714286
1 0.882 0.5471428571428572 0.156 0.5457142857142857
1 0.675 0.10285714285714286 0.074 0.12571428571428572
