1 0.10510204081632654 0.2970027247956403 0.16938775510204082 0.555858310626703
1 0.5938775510204082 0.5435967302452316 0.20408163265306123 0.662125340599455
1 0.20408163265306123 0.2534059945504087 0.17142857142857143 0.47411444141689374
1 0.1142857142857143 0.09536784741144413 0.04489795918367347 0.0653950953678474
1 0.1326530612244898 0.051771117166212535 0.04081632653061225 0.03814713896457766
1 0.14387755102040817 0.0994550408719346 0.02653061224489796 0.06267029972752043
1 0.2795918367346939 0.06948228882833787 0.04081632653061225 0.09536784741144413
1 0.3102040816326531 0.07084468664850135 0.036734693877551024 0.08174386920980926
1 0.3377551020408164 0.05858310626702997 0.05102040816326531 0.07901907356948229
1 0.3744897959183674 0.06948228882833787 0.030612244897959186 0.04632152588555858
1 0.31734693877551023 0.19482288828337874 0.06326530612244899 0.1444141689373297
1 0.35306122448979593 0.13760217983651227 0.028571428571428574 0.08446866485013624
1 0.38673469387755105 0.11716621253405994 0.03877551020408164 0.05994550408719346
1 0.4112244897959184 0.10899182561307902 0.03469387755102041 0.0653950953678474
1 0.4275510204081633 0.06811989100817438 0.05918367346938776 0.12534059945504086
1 0.47346938775510206 0.14305177111716622 0.04081632653061225 0.09536784741144413
1 0.4387755102040817 0.20299727520435967 0.0489795918367347 0.16076294277929154
1 0.38673469387755105 0.22752043596730245 0.07551020408163266 0.1771117166212534
1 0.3612244897959184 0.20299727520435967 0.07755102040816328 0.1444141689373297
1 0.48571428571428577 0.24250681198910082 0.05306122448979592 0.16893732970027248
1 0.526530612244898 0.19209809264305178 0.0653061224489796 0.1444141689373297
1 0.5602040816326531 0.13760217983651227 0.05102040816326531 0.08991825613079019
1 0.5714285714285715 0.19754768392370572 0.05714285714285715 0.1335149863760218
1 0.616326530612245 0.10081743869209808 0.036734693877551024 0.043596730245231606
1 0.6193877551020409 0.18256130790190736 0.04285714285714286 0.11989100817438691
1 0.65 0.164850136239782 0.05102040816326531 0.09536784741144413
1 0.6744897959183674 0.21934604904632152 0.05918367346938776 0.12806539509536785
1 0.7071428571428572 0.19482288828337874 0.05510204081632654 0.17166212534059944
1 0.6357142857142858 0.031335149863760216 0.05102040816326531 0.051771117166212535
1 0.8163265306122449 0.051771117166212535 0.04489795918367347 0.09264305177111716
1 0.956122448979592 0.09536784741144413 0.07959183673469389 0.17438692098092642
1 0.7326530612244898 0.7670299727520435 0.22448979591836737 0.38419618528610355
1 0.8683673469387756 0.6335149863760218 0.16122448979591839 0.335149863760218
1 0.9489795918367347 0.5871934604904632 0.10204081632653061 0.3405994550408719
1 0.9040816326530613 0.8405994550408719 0.17551020408163268 0.26430517711171664
1 0.3408163265306123 0.6634877384196185 0.48163265306122455 0.656675749318801
