1 0.13799999999999998 0.7951945080091534 0.022666666666666665 0.10297482837528604
1 0.20333333333333334 0.7963386727688787 0.022666666666666665 0.09610983981693363
1 0.25866666666666666 0.7803203661327232 0.026666666666666665 0.10983981693363845
1 0.2786666666666667 0.8043478260869565 0.029333333333333333 0.12128146453089245
1 0.32066666666666666 0.8146453089244852 0.025333333333333333 0.10983981693363845
1 0.3506666666666667 0.8054919908466819 0.029333333333333333 0.12814645308924486
1 0.37666666666666665 0.8283752860411899 0.03333333333333333 0.14645308924485126
1 0.4026666666666667 0.8226544622425629 0.034666666666666665 0.15331807780320367
1 0.42333333333333334 0.8203661327231121 0.030666666666666665 0.13043478260869565
1 0.45 0.8192219679633868 0.03333333333333333 0.13729977116704806
1 0.5993333333333333 0.7597254004576659 0.02 0.08695652173913043
1 0.6746666666666666 0.8123569794050344 0.026666666666666665 0.10983981693363845
1 0.6886666666666666 0.7745995423340961 0.022666666666666665 0.09382151029748284
1 0.7899999999999999 0.8215102974828375 0.030666666666666665 0.13272311212814644
1 0.868 0.7745995423340961 0.018666666666666665 0.08009153318077804
1 0.9633333333333333 0.8089244851258581 0.022666666666666665 0.09839816933638444
1 0.7153333333333333 0.7597254004576659 0.009333333333333332 0.04576659038901602
1 0.33266666666666667 0.7860411899313501 0.017333333333333333 0.07551487414187644
1 0.43066666666666664 0.7391304347826086 0.021333333333333333 0.05034324942791762
