1 0.017 0.3850746268656716 0.034 0.17313432835820897
1 0.051000000000000004 0.39104477611940297 0.038 0.1492537313432836
1 0.085 0.3895522388059702 0.042 0.1582089552238806
1 0.195 0.43134328358208956 0.08600000000000001 0.3194029850746269
1 0.209 0.3925373134328358 0.062 0.22388059701492538
1 0.272 0.3895522388059702 0.056 0.21194029850746268
1 0.519 0.39850746268656717 0.026000000000000002 0.1044776119402985
1 0.531 0.3835820895522388 0.034 0.12238805970149254
1 0.562 0.39104477611940297 0.048 0.18507462686567164
1 0.642 0.3970149253731343 0.044 0.16716417910447762
1 0.592 0.3835820895522388 0.04 0.14626865671641792
1 0.664 0.3955223880597015 0.044 0.1582089552238806
1 0.687 0.3955223880597015 0.046 0.1701492537313433
1 0.797 0.4507462686567164 0.098 0.3641791044776119
1 0.894 0.4014925373134328 0.044 0.1701492537313433
1 0.918 0.41044776119402987 0.04 0.15223880597014924
1 0.971 0.45223880597014926 0.058 0.2835820895522388
1 0.02 0.3805970149253731 0.028 0.17611940298507464
1 0.39 0.41194029850746267 0.032 0.06567164179104477
1 0.404 0.41044776119402987 0.028 0.06865671641791045
1 0.426 0.4014925373134328 0.032 0.0626865671641791
1 0.48 0.4462686567164179 0.064 0.1044776119402985
1 0.834 0.35074626865671643 0.02 0.08656716417910448
1 0.8150000000000001 0.3417910447761194 0.018000000000000002 0.08059701492537313
