1 0.8300000000000001 0.35090361445783136 0.044 0.1716867469879518
1 0.81 0.3433734939759036 0.048 0.18072289156626506
1 0.849 0.3614457831325301 0.046 0.16867469879518074
1 0.917 0.36445783132530124 0.042 0.1566265060240964
1 0.98 0.35090361445783136 0.04 0.1716867469879518
1 0.75 0.3358433734939759 0.044 0.1716867469879518
1 0.7030000000000001 0.34789156626506024 0.054 0.1957831325301205
1 0.674 0.34789156626506024 0.052000000000000005 0.20180722891566266
1 0.638 0.3599397590361446 0.048 0.177710843373494
1 0.615 0.3539156626506024 0.05 0.18373493975903615
1 0.598 0.34036144578313254 0.044 0.16867469879518074
1 0.257 0.34789156626506024 0.054 0.20180722891566266
1 0.289 0.3539156626506024 0.05 0.1897590361445783
1 0.324 0.35240963855421686 0.048 0.18674698795180725
1 0.382 0.3539156626506024 0.052000000000000005 0.1957831325301205
1 0.41400000000000003 0.3539156626506024 0.056 0.213855421686747
1 0.535 0.33433734939759036 0.05 0.1927710843373494
1 0.362 0.33283132530120485 0.048 0.1716867469879518
1 0.449 0.30120481927710846 0.058 0.15060240963855423
1 0.501 0.29819277108433734 0.046 0.11445783132530121
1 0.464 0.427710843373494 0.096 0.14457831325301207
1 0.55 0.32680722891566266 0.032 0.16566265060240964
1 0.9440000000000001 0.42168674698795183 0.076 0.14457831325301207
1 0.924 0.42168674698795183 0.044 0.0963855421686747
1 0.873 0.4668674698795181 0.078 0.12048192771084337
1 0.7030000000000001 0.4789156626506024 0.074 0.07228915662650603
1 0.687 0.42620481927710846 0.066 0.11144578313253013
1 0.653 0.4412650602409639 0.074 0.12951807228915663
1 0.761 0.5813253012048193 0.10200000000000001 0.16265060240963855
1 0.379 0.6656626506024097 0.138 0.24096385542168675
1 0.1 0.6295180722891567 0.152 0.2530120481927711
1 0.08600000000000001 0.5135542168674699 0.132 0.213855421686747
1 0.562 0.47138554216867473 0.112 0.11144578313253013
1 0.65 0.8328313253012049 0.24 0.24397590361445784
