1 0.06166666666666667 0.6637500000000001 0.08666666666666667 0.3225
1 0.12583333333333335 0.65 0.058333333333333334 0.215
1 0.17083333333333334 0.64875 0.05166666666666667 0.1875
1 0.2066666666666667 0.7025 0.1 0.375
1 0.255 0.6825 0.06333333333333334 0.23500000000000001
1 0.29333333333333333 0.665 0.05333333333333334 0.195
1 0.34 0.72875 0.09666666666666668 0.3625
1 0.38 0.655 0.043333333333333335 0.165
1 0.44583333333333336 0.6425 0.04833333333333334 0.17500000000000002
1 0.48000000000000004 0.7375 0.09333333333333334 0.34
1 0.5825 0.735 0.09166666666666667 0.34500000000000003
1 0.6608333333333334 0.70375 0.07833333333333334 0.28750000000000003
1 0.7000000000000001 0.69625 0.05666666666666667 0.20750000000000002
1 0.7283333333333334 0.6825 0.060000000000000005 0.22
1 0.8066666666666668 0.74125 0.05333333333333334 0.2025
1 0.9566666666666668 0.7000000000000001 0.08666666666666667 0.33
1 0.8841666666666668 0.80875 0.085 0.3175
1 0.0275 0.62125 0.03166666666666667 0.0925
1 0.014166666666666668 0.66125 0.021666666666666667 0.20750000000000002
1 0.7483333333333334 0.63375 0.02666666666666667 0.0925
1 0.7775000000000001 0.63625 0.028333333333333335 0.0775
1 0.8066666666666668 0.6075 0.02666666666666667 0.06
1 0.8675 0.6325000000000001 0.07833333333333334 0.16
