1 0.16625 0.7068273092369477 0.1075 0.4257028112449799
1 0.32 0.6686746987951807 0.095 0.38152610441767065
1 0.41250000000000003 0.6646586345381525 0.17 0.6626506024096385
1 0.70625 0.6787148594377509 0.1575 0.6265060240963854
1 0.051250000000000004 0.5722891566265059 0.0275 0.11646586345381525
1 0.075 0.6887550200803212 0.09 0.34939759036144574
1 0.1325 0.680722891566265 0.08 0.31726907630522083
1 0.29375 0.5722891566265059 0.0325 0.12449799196787148
1 0.55375 0.5903614457831324 0.0375 0.15261044176706826
1 0.61875 0.5682730923694779 0.0425 0.1646586345381526
1 0.88875 0.6365461847389557 0.0775 0.3092369477911646
1 0.9862500000000001 0.5983935742971886 0.0275 0.2008032128514056
1 0.8200000000000001 0.644578313253012 0.09 0.35742971887550196
1 0.64875 0.49598393574297184 0.0375 0.0682730923694779
1 0.11375 0.5401606425702811 0.0275 0.05220883534136546
1 0.02375 0.7128514056224899 0.0225 0.1967871485943775
