1 0.8965034965034965 0.5998134328358209 0.206993006993007 0.7966417910447761
1 0.6076923076923076 0.605410447761194 0.18321678321678322 0.6026119402985074
1 0.48671328671328673 0.5886194029850746 0.2153846153846154 0.707089552238806
1 0.41468531468531467 0.5457089552238806 0.16083916083916083 0.5242537313432836
1 0.2153846153846154 0.4794776119402985 0.09230769230769231 0.30223880597014924
1 0.3811188811188811 0.45242537313432835 0.07972027972027972 0.2593283582089552
1 0.2762237762237762 0.45988805970149255 0.057342657342657345 0.1921641791044776
1 0.15384615384615385 0.46828358208955223 0.08111888111888112 0.26865671641791045
1 0.1986013986013986 0.439365671641791 0.05314685314685315 0.17723880597014924
1 0.32517482517482516 0.4001865671641791 0.03496503496503497 0.11753731343283581
1 0.11398601398601399 0.416044776119403 0.05174825174825175 0.16791044776119401
1 0.06713286713286713 0.3796641791044776 0.03076923076923077 0.10261194029850747
1 0.04895104895104895 0.37220149253731344 0.025174825174825173 0.08768656716417911
1 0.03776223776223776 0.375 0.022377622377622378 0.07462686567164178
1 0.1041958041958042 0.36007462686567165 0.02097902097902098 0.06716417910447761
1 0.17622377622377622 0.353544776119403 0.03076923076923077 0.09888059701492537
1 0.4398601398601399 0.24440298507462685 0.015384615384615385 0.05223880597014925
1 0.4489510489510489 0.26026119402985076 0.016783216783216783 0.054104477611940295
1 0.2818181818181818 0.36007462686567165 0.01818181818181818 0.06343283582089553
1 0.2993006993006993 0.47388059701492535 0.025174825174825173 0.09701492537313433
1 0.34615384615384615 0.4869402985074627 0.04055944055944056 0.10074626865671642
1 0.3559440559440559 0.4281716417910448 0.023776223776223775 0.016791044776119403
1 0.08741258741258741 0.4552238805970149 0.032167832167832165 0.04477611940298507
1 0.07202797202797202 0.4169776119402985 0.01818181818181818 0.027985074626865673
1 0.01818181818181818 0.4300373134328358 0.03636363636363636 0.03917910447761194
1 0.011188811188811189 0.40205223880597013 0.019580419580419582 0.020522388059701493
