1 0.046875 0.12158203125 0.09375 0.2333984375
1 0.16015625 0.125 0.09375 0.228515625
1 0.29296875 0.11865234375 0.091796875 0.2255859375
1 0.3974609375 0.1201171875 0.095703125 0.234375
1 0.48779296875 0.1240234375 0.0947265625 0.232421875
1 0.07470703125 0.40185546875 0.1162109375 0.2841796875
1 0.16796875 0.3935546875 0.115234375 0.28125
1 0.2861328125 0.39453125 0.119140625 0.29296875
1 0.3701171875 0.3759765625 0.107421875 0.26171875
1 0.46044921875 0.35546875 0.0732421875 0.177734375
1 0.51953125 0.34912109375 0.076171875 0.1884765625
1 0.6162109375 0.40234375 0.1171875 0.2890625
1 0.6962890625 0.34326171875 0.06640625 0.1630859375
1 0.7373046875 0.3408203125 0.068359375 0.166015625
1 0.8056640625 0.3916015625 0.103515625 0.255859375
1 0.92529296875 0.38037109375 0.0732421875 0.1787109375
1 0.912109375 0.36669921875 0.0703125 0.1728515625
1 0.73291015625 0.5595703125 0.1005859375 0.248046875
1 0.66064453125 0.12109375 0.0947265625 0.234375
1 0.69091796875 0.1201171875 0.0908203125 0.220703125
1 0.775390625 0.1259765625 0.095703125 0.234375
1 0.8857421875 0.12353515625 0.09765625 0.2392578125
1 0.931640625 0.13525390625 0.08984375 0.2216796875
1 0.81396484375 0.6171875 0.0654296875 0.16015625
1 0.8955078125 0.73046875 0.103515625 0.255859375
1 0.9541015625 0.732421875 0.091796875 0.234375
1 0.802734375 0.78955078125 0.068359375 0.1669921875
1 0.74755859375 0.78369140625 0.0732421875 0.1787109375
1 0.67578125 0.83154296875 0.033203125 0.0830078125
1 0.64306640625 0.82470703125 0.0380859375 0.0927734375
1 0.58447265625 0.673828125 0.0908203125 0.224609375
1 0.50341796875 0.6923828125 0.1083984375 0.263671875
1 0.39404296875 0.64990234375 0.1005859375 0.2451171875
1 0.27783203125 0.6875 0.1044921875 0.255859375
1 0.1767578125 0.7001953125 0.119140625 0.29296875
1 0.072265625 0.71337890625 0.130859375 0.3193359375
1 0.353515625 0.8310546875 0.03515625 0.0859375
1 0.41455078125 0.8330078125 0.0302734375 0.076171875
1 0.46826171875 0.85498046875 0.0146484375 0.0380859375
