1 0.026041666666666668 0.5543859649122808 0.052083333333333336 0.2456140350877193
1 0.052083333333333336 0.6403508771929824 0.10416666666666667 0.43157894736842106
1 0.11875 0.5684210526315789 0.07083333333333333 0.28771929824561404
1 0.16354166666666667 0.5368421052631579 0.052083333333333336 0.22456140350877193
1 0.23229166666666667 0.6771929824561403 0.11875 0.4912280701754386
1 0.275 0.5175438596491229 0.04583333333333333 0.1929824561403509
1 0.29375 0.5157894736842106 0.04583333333333333 0.19649122807017544
1 0.32916666666666666 0.48596491228070177 0.025 0.10877192982456141
1 0.36041666666666666 0.5210526315789473 0.04583333333333333 0.18596491228070175
1 0.38229166666666664 0.5333333333333333 0.052083333333333336 0.22456140350877193
1 0.409375 0.6228070175438597 0.08958333333333333 0.3684210526315789
1 0.440625 0.5035087719298246 0.035416666666666666 0.14385964912280702
1 0.45625 0.5263157894736842 0.041666666666666664 0.17543859649122806
1 0.48854166666666665 0.5403508771929825 0.05625 0.23859649122807017
1 0.5197916666666667 0.5754385964912281 0.07708333333333334 0.32280701754385965
1 0.5666666666666667 0.5298245614035088 0.05 0.20350877192982456
1 0.5854166666666667 0.48771929824561405 0.025 0.10526315789473685
1 0.615625 0.5596491228070175 0.06041666666666667 0.256140350877193
1 0.6802083333333333 0.543859649122807 0.052083333333333336 0.21754385964912282
1 0.8364583333333333 0.656140350877193 0.11041666666666666 0.456140350877193
1 0.9614583333333333 0.5771929824561404 0.07708333333333334 0.3473684210526316
1 0.9239583333333333 0.5578947368421052 0.07291666666666667 0.3017543859649123
1 0.759375 0.5403508771929825 0.03958333333333333 0.16842105263157894
1 0.7239583333333334 0.5052631578947369 0.035416666666666666 0.1473684210526316
1 0.9020833333333333 0.4964912280701754 0.025 0.10175438596491228
1 0.9833333333333333 0.5087719298245614 0.025 0.11228070175438597
1 0.8791666666666667 0.48771929824561405 0.020833333333333332 0.09824561403508772
1 0.6385416666666667 0.5087719298245614 0.03125 0.14035087719298245
