1 0.018000000000000002 0.26576576576576577 0.036000000000000004 0.24924924924924924
1 0.032 0.25075075075075076 0.064 0.2852852852852853
1 0.058 0.25975975975975973 0.07200000000000001 0.2732732732732733
1 0.078 0.2747747747747748 0.064 0.23723723723723725
1 0.10400000000000001 0.25225225225225223 0.08 0.3003003003003003
1 0.28200000000000003 0.19369369369369369 0.028 0.1111111111111111
1 0.162 0.3003003003003003 0.12 0.4444444444444444
1 0.252 0.3858858858858859 0.096 0.35735735735735735
1 0.37 0.32432432432432434 0.14 0.5165165165165165
1 0.561 0.484984984984985 0.23 0.8438438438438438
1 0.67 0.33183183183183185 0.108 0.3933933933933934
1 0.641 0.1831831831831832 0.022 0.07807807807807808
1 0.7030000000000001 0.3063063063063063 0.07 0.26426426426426425
1 0.765 0.3063063063063063 0.038 0.15015015015015015
1 0.754 0.2957957957957958 0.044 0.15915915915915915
1 0.855 0.30930930930930933 0.038 0.13813813813813813
1 0.9520000000000001 0.2972972972972973 0.04 0.15015015015015015
1 0.982 0.3033033033033033 0.036000000000000004 0.15615615615615616
1 0.214 0.15915915915915915 0.028 0.05405405405405406
1 0.251 0.16816816816816815 0.022 0.036036036036036036
1 0.323 0.16216216216216217 0.03 0.06006006006006006
1 0.46 0.17267267267267267 0.052000000000000005 0.09309309309309309
1 0.5 0.17267267267267267 0.024 0.05105105105105105
1 0.596 0.2147147147147147 0.044 0.08108108108108109
