1 0.08421052631578947 0.6513157894736842 0.05964912280701754 0.21842105263157893
1 0.09385964912280702 0.6486842105263158 0.05087719298245614 0.19210526315789472
1 0.11403508771929825 0.6539473684210526 0.052631578947368425 0.19210526315789472
1 0.1412280701754386 0.6526315789473685 0.043859649122807015 0.15789473684210525
1 0.16578947368421054 0.6526315789473685 0.04736842105263158 0.17368421052631577
1 0.1956140350877193 0.6407894736842105 0.054385964912280704 0.19736842105263158
1 0.22280701754385965 0.6447368421052632 0.04912280701754386 0.18947368421052632
1 0.2412280701754386 0.631578947368421 0.05087719298245614 0.18947368421052632
1 0.2578947368421053 0.6368421052631579 0.04912280701754386 0.18947368421052632
1 0.2868421052631579 0.575 0.015789473684210527 0.06578947368421052
1 0.1587719298245614 0.6355263157894737 0.054385964912280704 0.2026315789473684
1 0.3026315789473684 0.6421052631578947 0.04035087719298246 0.14736842105263157
1 0.9798245614035088 0.6210526315789473 0.04035087719298246 0.16842105263157894
1 0.9394736842105263 0.5631578947368421 0.01929824561403509 0.06842105263157895
1 0.906140350877193 0.593421052631579 0.02280701754385965 0.08684210526315789
1 0.8754385964912281 0.5855263157894737 0.028070175438596492 0.10789473684210527
1 0.8429824561403509 0.5631578947368421 0.012280701754385965 0.05263157894736842
1 0.7859649122807018 0.5671052631578948 0.017543859649122806 0.06578947368421052
1 0.743859649122807 0.5710526315789474 0.010526315789473684 0.042105263157894736
1 0.718421052631579 0.5947368421052631 0.026315789473684213 0.09473684210526316
1 0.6824561403508772 0.5776315789473684 0.014035087719298246 0.05526315789473684
1 0.6605263157894737 0.5921052631578947 0.012280701754385965 0.05263157894736842
1 0.6271929824561404 0.5842105263157895 0.01929824561403509 0.06842105263157895
1 0.5903508771929825 0.5842105263157895 0.012280701754385965 0.04736842105263158
1 0.5543859649122808 0.5855263157894737 0.010526315789473684 0.039473684210526314
1 0.5280701754385965 0.606578947368421 0.021052631578947368 0.07631578947368421
1 0.8096491228070175 0.5736842105263158 0.03333333333333333 0.12105263157894737
1 0.3263157894736842 0.5736842105263158 0.014035087719298246 0.05263157894736842
1 0.3447368421052632 0.5947368421052631 0.02280701754385965 0.08421052631578947
1 0.37280701754385964 0.6039473684210526 0.026315789473684213 0.10263157894736842
1 0.40087719298245617 0.5960526315789474 0.01929824561403509 0.07105263157894737
1 0.4245614035087719 0.5776315789473684 0.014035087719298246 0.05526315789473684
1 0.4482456140350877 0.593421052631579 0.02280701754385965 0.08157894736842106
1 0.48771929824561405 0.5789473684210527 0.021052631578947368 0.08421052631578947
1 0.33421052631578946 0.631578947368421 0.03333333333333333 0.05789473684210526
1 0.3912280701754386 0.6342105263157894 0.031578947368421054 0.05789473684210526
1 0.4236842105263158 0.6328947368421053 0.02982456140350877 0.05526315789473684
1 0.45263157894736844 0.6328947368421053 0.028070175438596492 0.060526315789473685
1 0.47982456140350876 0.631578947368421 0.026315789473684213 0.06842105263157895
1 0.5087719298245614 0.6328947368421053 0.031578947368421054 0.07105263157894737
1 0.5552631578947369 0.6328947368421053 0.02982456140350877 0.05526315789473684
1 0.5859649122807018 0.6302631578947369 0.028070175438596492 0.05526315789473684
1 0.6157894736842106 0.6289473684210526 0.031578947368421054 0.06315789473684211
1 0.6473684210526316 0.6276315789473684 0.028070175438596492 0.060526315789473685
1 0.6780701754385965 0.6263157894736842 0.026315789473684213 0.06315789473684211
1 0.7078947368421052 0.625 0.026315789473684213 0.05526315789473684
1 0.7491228070175439 0.6223684210526316 0.03508771929824561 0.060526315789473685
1 0.787719298245614 0.6263157894736842 0.031578947368421054 0.05263157894736842
1 0.8385964912280702 0.6171052631578947 0.03859649122807018 0.060526315789473685
1 0.9508771929824562 0.6618421052631579 0.06315789473684211 0.1394736842105263
