1 0.13 0.6255020080321284 0.07333333333333333 0.2710843373493976
1 0.30533333333333335 0.7048192771084336 0.12266666666666666 0.4497991967871485
1 0.5046666666666666 0.6305220883534136 0.076 0.28112449799196787
1 0.642 0.6275100401606425 0.07066666666666667 0.25903614457831325
1 0.5773333333333334 0.6586345381526104 0.06933333333333333 0.25301204819277107
1 0.7286666666666667 0.6405622489959839 0.06799999999999999 0.25301204819277107
1 0.698 0.5662650602409638 0.03333333333333333 0.12449799196787148
1 0.7646666666666666 0.6325301204819277 0.06533333333333333 0.24497991967871482
1 0.8486666666666667 0.6325301204819277 0.06799999999999999 0.2570281124497992
1 0.872 0.6285140562248995 0.064 0.24096385542168672
1 0.8993333333333333 0.6255020080321284 0.06799999999999999 0.251004016064257
1 0.9186666666666666 0.6405622489959839 0.07466666666666666 0.28112449799196787
1 0.23666666666666666 0.6977911646586344 0.10266666666666667 0.19477911646586343
1 0.3486666666666667 0.6797188755020079 0.05466666666666666 0.16666666666666666
1 0.428 0.6596385542168675 0.09333333333333332 0.1546184738955823
1 0.706 0.8092369477911646 0.12666666666666665 0.3132530120481927
1 0.7946666666666666 0.7309236947791165 0.07466666666666666 0.24497991967871482
1 0.83 0.6907630522088353 0.04133333333333333 0.17670682730923692
