1 0.1015625 0.5081120943952803 0.025390625 0.09292035398230089
1 0.1162109375 0.5095870206489675 0.025390625 0.09292035398230089
1 0.14404296875 0.5058997050147492 0.0283203125 0.10324483775811209
1 0.15771484375 0.5191740412979351 0.0283203125 0.10914454277286136
1 0.17724609375 0.5199115044247787 0.0302734375 0.11061946902654868
1 0.1865234375 0.5051622418879056 0.025390625 0.09587020648967551
1 0.20849609375 0.5634218289085545 0.0283203125 0.10914454277286136
1 0.2861328125 0.5051622418879056 0.025390625 0.09882005899705015
1 0.27734375 0.5147492625368731 0.01953125 0.07669616519174041
1 0.39306640625 0.504424778761062 0.0263671875 0.10029498525073746
1 0.4326171875 0.5 0.02734375 0.10619469026548672
1 0.4501953125 0.5125368731563422 0.0234375 0.08702064896755163
1 0.48291015625 0.5199115044247787 0.0185546875 0.06932153392330384
1 0.51416015625 0.5132743362831859 0.0224609375 0.0855457227138643
1 0.52099609375 0.5081120943952803 0.0244140625 0.08997050147492625
