1 0.7041666666666667 0.5326633165829145 0.06833333333333334 0.2562814070351759
1 0.645 0.5201005025125628 0.09000000000000001 0.33668341708542715
1 0.49833333333333335 0.5276381909547738 0.06666666666666667 0.25125628140703515
1 0.4516666666666667 0.5339195979899497 0.06666666666666667 0.2537688442211055
1 0.34750000000000003 0.478643216080402 0.04166666666666667 0.15829145728643215
1 0.20750000000000002 0.45226130653266333 0.03166666666666667 0.11557788944723618
1 0.24500000000000002 0.45226130653266333 0.03333333333333333 0.12060301507537688
1 0.2808333333333333 0.4510050251256281 0.028333333333333335 0.10301507537688442
1 0.30250000000000005 0.4484924623115578 0.025 0.09296482412060302
1 0.33083333333333337 0.4484924623115578 0.028333333333333335 0.10804020100502512
1 0.36333333333333334 0.44221105527638194 0.030000000000000002 0.11055276381909548
1 0.38333333333333336 0.4824120603015075 0.023333333333333334 0.09045226130653267
1 0.4025 0.4547738693467337 0.03166666666666667 0.12562814070351758
1 0.41583333333333333 0.46733668341708545 0.035 0.1306532663316583
