1 0.9325 0.550656660412758 0.0525 0.19324577861163228
1 0.950625 0.27204502814258913 0.04125 0.1575984990619137
1 0.58 0.5412757973733584 0.0575 0.21575984990619138
1 0.801875 0.3133208255159475 0.03625 0.13883677298311445
1 0.781875 0.31050656660412757 0.03875 0.14071294559099437
1 0.7156250000000001 0.2973733583489681 0.03125 0.11444652908067542
1 0.70875 0.3227016885553471 0.03 0.11632270168855535
1 0.645625 0.35365853658536583 0.02625 0.09568480300187618
1 0.275625 0.5450281425891182 0.03375 0.1294559099437148
1 0.239375 0.5487804878048781 0.02375 0.09193245778611632
1 0.1525 0.5469043151969981 0.0325 0.12195121951219512
1 0.19125 0.551594746716698 0.0225 0.08630393996247655
1 0.11750000000000001 0.5487804878048781 0.0225 0.08818011257035648
1 0.100625 0.5525328330206379 0.02125 0.08442776735459662
1 0.0775 0.5525328330206379 0.0175 0.06566604127579738
1 0.051875000000000004 0.5544090056285178 0.01875 0.07317073170731707
1 0.03375 0.5525328330206379 0.0175 0.06941838649155722
1 0.173125 0.5787992495309568 0.04625 0.08442776735459662
1 0.4025 0.33864915572232646 0.22 0.350844277673546
1 0.555625 0.5609756097560976 0.043750000000000004 0.18761726078799248
1 0.50625 0.5206378986866792 0.035 0.058161350844277676
1 0.525 0.5121951219512195 0.025 0.04878048780487805
1 0.5375 0.50093808630394 0.0175 0.04127579737335835
