1 0.058 0.9036144578313253 0.04 0.15060240963855423
1 0.09 0.8975903614457832 0.04 0.15060240963855423
1 0.113 0.9096385542168676 0.038 0.15060240963855423
1 0.229 0.9156626506024097 0.042 0.1566265060240964
1 0.265 0.9096385542168676 0.042 0.1566265060240964
1 0.29 0.9216867469879518 0.036000000000000004 0.13855421686746988
1 0.325 0.8975903614457832 0.034 0.13253012048192772
1 0.342 0.9231927710843374 0.036000000000000004 0.14156626506024098
1 0.381 0.9006024096385543 0.038 0.13855421686746988
1 0.40900000000000003 0.9096385542168676 0.038 0.15060240963855423
1 0.44 0.9096385542168676 0.04 0.15060240963855423
1 0.482 0.9051204819277109 0.044 0.15963855421686748
1 0.506 0.908132530120482 0.044 0.15963855421686748
1 0.537 0.8990963855421688 0.042 0.16566265060240964
1 0.561 0.9141566265060241 0.038 0.14156626506024098
1 0.5700000000000001 0.8975903614457832 0.04 0.14457831325301207
1 0.648 0.8900602409638555 0.04 0.1536144578313253
1 0.686 0.9096385542168676 0.044 0.16265060240963855
1 0.762 0.7786144578313253 0.02 0.07530120481927711
1 0.715 0.7816265060240964 0.018000000000000002 0.06927710843373494
1 0.934 0.7545180722891567 0.016 0.06325301204819278
1 0.923 0.7259036144578314 0.014 0.060240963855421686
1 0.904 0.730421686746988 0.012 0.05120481927710844
1 0.887 0.7409638554216867 0.01 0.04819277108433735
1 0.555 0.8012048192771085 0.022 0.0783132530120482
1 0.523 0.7756024096385542 0.018000000000000002 0.07530120481927711
1 0.463 0.7966867469879518 0.026000000000000002 0.09939759036144578
1 0.508 0.7891566265060241 0.016 0.060240963855421686
1 0.493 0.7801204819277109 0.014 0.060240963855421686
1 0.482 0.8298192771084337 0.028 0.10542168674698796
1 0.391 0.8147590361445783 0.026000000000000002 0.09337349397590362
1 0.375 0.8102409638554218 0.022 0.08433734939759037
1 0.339 0.8117469879518072 0.022 0.08734939759036145
1 0.3 0.8132530120481928 0.02 0.08433734939759037
1 0.279 0.8253012048192772 0.026000000000000002 0.10240963855421688
1 0.252 0.8268072289156627 0.024 0.09939759036144578
1 0.176 0.9096385542168676 0.068 0.13855421686746988
