1 0.07375 0.5167464114832536 0.1475 0.7272727272727273
1 0.15625 0.5215311004784688 0.1575 0.7368421052631579
1 0.23375 0.5502392344497608 0.14250000000000002 0.6794258373205742
1 0.29875 0.5263157894736842 0.1525 0.7177033492822966
1 0.37375 0.5239234449760766 0.1525 0.7129186602870813
1 0.44375000000000003 0.5645933014354066 0.1475 0.6889952153110047
1 0.5175 0.5382775119617225 0.155 0.722488038277512
1 0.5962500000000001 0.5454545454545454 0.1575 0.7464114832535885
1 0.69125 0.5741626794258373 0.1575 0.7464114832535885
1 0.7775 0.562200956937799 0.16 0.7607655502392344
1 0.8575 0.5813397129186603 0.155 0.7320574162679425
1 0.93375 0.5741626794258373 0.1325 0.7272727272727273
1 0.14 0.37799043062200954 0.14 0.6698564593301435
1 0.1975 0.4043062200956938 0.145 0.6746411483253588
1 0.27 0.39473684210526316 0.15 0.7129186602870813
1 0.34750000000000003 0.3971291866028708 0.145 0.6889952153110047
1 0.425 0.38516746411483255 0.155 0.7320574162679425
1 0.4875 0.4043062200956938 0.145 0.6842105263157895
1 0.57125 0.41626794258373206 0.14250000000000002 0.6794258373205742
1 0.6475 0.41148325358851673 0.15 0.6985645933014354
1 0.73375 0.40909090909090906 0.1475 0.7033492822966507
1 0.8150000000000001 0.4138755980861244 0.155 0.722488038277512
1 0.8875000000000001 0.4282296650717703 0.145 0.69377990430622
1 0.9425 0.4354066985645933 0.115 0.6889952153110047
