1 0.053125 0.3 0.06875 0.3022222222222222
1 0.08625000000000001 0.29888888888888887 0.0625 0.2777777777777778
1 0.021875000000000002 0.3088888888888889 0.043750000000000004 0.28444444444444444
1 0.135 0.37555555555555553 0.115 0.49777777777777776
1 0.161875 0.3433333333333333 0.11375 0.4955555555555556
1 0.18812500000000001 0.27666666666666667 0.06125 0.2644444444444444
1 0.210625 0.28888888888888886 0.06875 0.29777777777777775
1 0.22187500000000002 0.22111111111111112 0.01375 0.06
1 0.23125 0.22444444444444445 0.015 0.06666666666666667
1 0.2525 0.28444444444444444 0.07 0.3022222222222222
1 0.30375 0.29555555555555557 0.075 0.3288888888888889
1 0.400625 0.2411111111111111 0.01875 0.08666666666666667
1 0.425 0.22444444444444445 0.0125 0.06222222222222222
1 0.4475 0.23333333333333334 0.02 0.09333333333333334
1 0.47250000000000003 0.24444444444444444 0.0275 0.12
1 0.494375 0.24444444444444444 0.02375 0.1111111111111111
1 0.504375 0.23666666666666666 0.02625 0.12222222222222222
1 0.55875 0.2544444444444444 0.0325 0.14888888888888888
1 0.645 0.28 0.05 0.2222222222222222
1 0.626875 0.27555555555555555 0.051250000000000004 0.2222222222222222
1 0.93875 0.35 0.085 0.37555555555555553
1 0.9087500000000001 0.3488888888888889 0.08 0.3511111111111111
1 0.846875 0.32222222222222224 0.06875 0.29777777777777775
1 0.8093750000000001 0.31 0.06125 0.2733333333333333
1 0.6825 0.26555555555555554 0.0475 0.2111111111111111
1 0.57875 0.25555555555555554 0.0375 0.16444444444444445
1 0.579375 0.5444444444444444 0.19125 0.36444444444444446
1 0.530625 0.31 0.03125 0.08666666666666667
1 0.50875 0.3 0.02 0.07555555555555556
