1 0.88 0.5201207243460765 0.24 0.8873239436619719
1 0.6053333333333333 0.5563380281690141 0.096 0.35211267605633806
1 0.6486666666666666 0.5533199195171027 0.06533333333333333 0.24547283702213282
1 0.7006666666666667 0.5492957746478874 0.04933333333333333 0.18913480885311873
1 0.49266666666666664 0.5724346076458753 0.156 0.5734406438631792
1 0.3773333333333333 0.5814889336016097 0.064 0.24144869215291753
1 0.322 0.5925553319919518 0.11866666666666666 0.4366197183098592
1 0.27999999999999997 0.5824949698189136 0.056 0.20724346076458755
1 0.20466666666666666 0.5965794768611671 0.08933333333333333 0.3360160965794769
1 0.156 0.5965794768611671 0.072 0.2635814889336016
1 0.11066666666666666 0.5955734406438632 0.06133333333333333 0.22937625754527166
1 0.07866666666666666 0.6006036217303824 0.05333333333333333 0.19517102615694168
1 0.048 0.6076458752515091 0.048 0.18108651911468815
1 0.446 0.5734406438631792 0.04933333333333333 0.18511066398390344
1 0.41866666666666663 0.5764587525150906 0.032 0.12273641851106641
