1 0.08069381598793364 0.6272727272727272 0.07088989441930618 0.2681818181818182
1 0.12141779788838612 0.6159090909090909 0.06485671191553545 0.24545454545454545
1 0.1568627450980392 0.6034090909090909 0.06636500754147813 0.2477272727272727
1 0.18174962292609353 0.634090909090909 0.07088989441930618 0.2636363636363636
1 0.25037707390648567 0.6409090909090909 0.0693815987933635 0.2545454545454545
1 0.3092006033182504 0.634090909090909 0.07541478129713425 0.2818181818181818
1 0.32805429864253394 0.6181818181818182 0.07390648567119155 0.2727272727272727
1 0.3717948717948718 0.6443181818181818 0.07390648567119155 0.27499999999999997
1 0.42533936651583715 0.6227272727272727 0.06636500754147813 0.25
1 0.4396681749622926 0.6431818181818182 0.07692307692307693 0.2818181818181818
1 0.5052790346907994 0.6420454545454545 0.06334841628959276 0.23863636363636362
1 0.5444947209653093 0.6465909090909091 0.07541478129713425 0.28409090909090906
1 0.6726998491704375 0.6511363636363636 0.08144796380090498 0.30227272727272725
1 0.6221719457013575 0.6068181818181818 0.04072398190045249 0.15
1 0.7420814479638009 0.6625 0.0784313725490196 0.28863636363636364
1 0.808446455505279 0.6613636363636364 0.08144796380090498 0.3
1 0.8318250377073907 0.6568181818181817 0.06787330316742082 0.2545454545454545
1 0.8815987933634993 0.6613636363636364 0.07692307692307693 0.2909090909090909
1 0.9441930618401208 0.6590909090909091 0.0693815987933635 0.2545454545454545
1 0.9630467571644042 0.6681818181818181 0.07390648567119155 0.2954545454545454
1 0.6463046757164405 0.6034090909090909 0.03469079939668175 0.12954545454545455
1 0.2526395173453997 0.4954545454545454 0.02262443438914027 0.08636363636363636
1 0.47511312217194573 0.5977272727272727 0.03619909502262444 0.1318181818181818
1 0.22171945701357468 0.5261363636363636 0.021116138763197588 0.04772727272727272
