1 0.045 0.9031531531531531 0.09 0.18468468468468469
1 0.135 0.9046546546546547 0.098 0.18168168168168167
1 0.26 0.9219219219219219 0.08 0.15015015015015015
1 0.427 0.7207207207207207 0.094 0.17117117117117117
1 0.56 0.7162162162162162 0.096 0.17717717717717718
1 0.833 0.6418918918918919 0.15 0.2777777777777778
1 0.031 0.6163663663663663 0.062 0.14264264264264265
1 0.08700000000000001 0.6163663663663663 0.074 0.13663663663663664
1 0.379 0.11336336336336336 0.054 0.09759759759759759
1 0.41100000000000003 0.11036036036036036 0.05 0.0915915915915916
1 0.454 0.1066066066066066 0.052000000000000005 0.0990990990990991
1 0.489 0.1021021021021021 0.046 0.08408408408408408
1 0.522 0.10885885885885886 0.052000000000000005 0.0945945945945946
1 0.5680000000000001 0.11261261261261261 0.048 0.09309309309309309
1 0.61 0.10435435435435435 0.052000000000000005 0.09759759759759759
1 0.639 0.08558558558558559 0.046 0.08708708708708708
1 0.529 0.9279279279279279 0.186 0.13513513513513514
1 0.731 0.1493993993993994 0.078 0.08858858858858859
1 0.788 0.12837837837837837 0.068 0.07057057057057058
1 0.834 0.11336336336336336 0.052000000000000005 0.046546546546546545
1 0.91 0.11186186186186187 0.044 0.046546546546546545
1 0.968 0.11561561561561562 0.056 0.04804804804804805
1 0.779 0.2882882882882883 0.17400000000000002 0.17417417417417416
1 0.395 0.06006006006006006 0.026000000000000002 0.03303303303303303
1 0.427 0.06156156156156156 0.018000000000000002 0.03303303303303303
1 0.448 0.057057057057057055 0.012 0.024024024024024024
1 0.47100000000000003 0.06231231231231231 0.018000000000000002 0.025525525525525526
1 0.494 0.0518018018018018 0.012 0.016516516516516516
1 0.507 0.06156156156156156 0.018000000000000002 0.02702702702702703
1 0.526 0.05630630630630631 0.016 0.01951951951951952
1 0.553 0.06606606606606606 0.022 0.02102102102102102
1 0.5720000000000001 0.05555555555555555 0.016 0.018018018018018018
1 0.592 0.06831831831831832 0.024 0.028528528528528527
1 0.603 0.05105105105105105 0.018000000000000002 0.018018018018018018
