1 0.109 0.432 0.10200000000000001 0.33599999999999997
1 0.148 0.43866666666666665 0.116 0.38666666666666666
1 0.044 0.3506666666666667 0.036000000000000004 0.12533333333333332
1 0.229 0.35866666666666663 0.046 0.152
1 0.251 0.344 0.01 0.042666666666666665
1 0.297 0.35333333333333333 0.026000000000000002 0.088
1 0.313 0.35866666666666663 0.03 0.09866666666666667
1 0.331 0.36266666666666664 0.034 0.11733333333333333
1 0.34700000000000003 0.37466666666666665 0.042 0.14133333333333334
1 0.381 0.3973333333333333 0.054 0.176
1 0.401 0.35333333333333333 0.026000000000000002 0.088
1 0.427 0.36266666666666664 0.03 0.10133333333333333
1 0.458 0.36266666666666664 0.04 0.128
1 0.484 0.4333333333333333 0.088 0.2853333333333333
1 0.5710000000000001 0.39466666666666667 0.05 0.17066666666666666
1 0.615 0.37866666666666665 0.03 0.096
1 0.625 0.388 0.034 0.10933333333333332
1 0.721 0.4066666666666667 0.042 0.14666666666666667
1 0.785 0.5266666666666666 0.166 0.5413333333333333
1 0.9570000000000001 0.4413333333333333 0.066 0.216
