1 0.9410000000000001 0.6231231231231231 0.11800000000000001 0.5255255255255256
1 0.048 0.6501501501501501 0.096 0.5795795795795796
1 0.097 0.6036036036036035 0.15 0.5525525525525525
1 0.17500000000000002 0.6801801801801802 0.162 0.6036036036036035
1 0.327 0.6951951951951952 0.154 0.5735735735735735
1 0.47000000000000003 0.7132132132132132 0.14 0.5195195195195195
1 0.54 0.6846846846846847 0.148 0.5465465465465466
1 0.664 0.6786786786786787 0.136 0.5045045045045045
1 0.753 0.6366366366366366 0.134 0.4924924924924925
1 0.8140000000000001 0.5870870870870871 0.136 0.5075075075075075
