1 0.6025 0.4011111111111111 0.095 0.3088888888888889
1 0.25833333333333336 0.3511111111111111 0.05666666666666667 0.19111111111111112
1 0.3866666666666667 0.4411111111111111 0.09666666666666668 0.2511111111111111
1 0.45833333333333337 0.4166666666666667 0.07333333333333333 0.2111111111111111
1 0.5325000000000001 0.43444444444444447 0.095 0.29555555555555557
1 0.6925 0.4288888888888889 0.09166666666666667 0.25333333333333335
1 0.7616666666666667 0.4588888888888889 0.08 0.32222222222222224
1 0.8416666666666667 0.4866666666666667 0.12333333333333334 0.3511111111111111
1 0.8875000000000001 0.5522222222222222 0.22166666666666668 0.4066666666666667
1 0.30000000000000004 0.4166666666666667 0.08 0.20222222222222222
1 0.11916666666666667 0.37 0.06833333333333334 0.09555555555555556
1 0.1675 0.35777777777777775 0.04166666666666667 0.10222222222222223
1 0.1991666666666667 0.42 0.06833333333333334 0.2
1 0.48833333333333334 0.3233333333333333 0.05 0.05555555555555555
