1 0.08333333333333333 0.4838012958963283 0.09130434782608696 0.33693304535637153
1 0.1782608695652174 0.6425485961123111 0.17681159420289855 0.6501079913606912
1 0.30144927536231886 0.5129589632829374 0.07536231884057971 0.27429805615550756
1 0.2427536231884058 0.3617710583153348 0.02753623188405797 0.10151187904967603
1 0.2927536231884058 0.3617710583153348 0.026086956521739132 0.09719222462203024
1 0.3456521739130435 0.3639308855291577 0.02463768115942029 0.09719222462203024
1 0.38768115942028986 0.36501079913606915 0.02753623188405797 0.10799136069114472
1 0.45 0.36825053995680346 0.030434782608695653 0.11015118790496761
1 0.48840579710144927 0.3801295896328294 0.034782608695652174 0.12526997840172788
1 0.5115942028985507 0.37257019438444927 0.028985507246376812 0.10583153347732183
1 0.4340579710144928 0.550755939524838 0.10869565217391304 0.39740820734341253
1 0.5572463768115942 0.591792656587473 0.14057971014492754 0.5183585313174947
1 0.644927536231884 0.45680345572354214 0.06376811594202898 0.2311015118790497
1 0.7594202898550725 0.45140388768898493 0.06666666666666667 0.24622030237580994
1 0.7586956521739131 0.4967602591792657 0.07101449275362319 0.2634989200863931
1 0.9166666666666666 0.36069114470842334 0.030434782608695653 0.11663066954643629
1 0.85 0.37904967602591794 0.02753623188405797 0.10151187904967603
1 0.8355072463768116 0.36069114470842334 0.021739130434782608 0.08207343412526999
1 0.8166666666666667 0.45680345572354214 0.06231884057971015 0.09287257019438445
1 0.8797101449275363 0.4416846652267819 0.06666666666666667 0.07991360691144708
1 0.908695652173913 0.5302375809935206 0.10144927536231885 0.1965442764578834
1 0.9434782608695652 0.6295896328293736 0.09855072463768116 0.23974082073434128
1 0.4666666666666667 0.7019438444924406 0.14202898550724638 0.3844492440604752
