1 0.6008333333333333 0.58 0.085 0.32
1 0.525 0.58 0.06666666666666667 0.25
1 0.49333333333333335 0.59375 0.04 0.1475
1 0.45083333333333336 0.58125 0.07166666666666667 0.2625
1 0.43000000000000005 0.5875 0.04 0.145
1 0.37833333333333335 0.59 0.03666666666666667 0.135
1 0.6741666666666667 0.57875 0.08166666666666667 0.2975
1 0.7158333333333334 0.5875 0.058333333333333334 0.22
1 0.8258333333333334 0.58625 0.06833333333333334 0.2575
1 0.8733333333333334 0.5825 0.06666666666666667 0.25
1 0.3241666666666667 0.58875 0.028333333333333335 0.10250000000000001
1 0.3016666666666667 0.5875 0.02666666666666667 0.1
1 0.2775 0.5875 0.04166666666666667 0.16
1 0.2575 0.58625 0.025 0.0975
1 0.24083333333333334 0.5875 0.03833333333333334 0.145
1 0.2 0.585 0.04666666666666667 0.17
1 0.1675 0.585 0.04166666666666667 0.155
1 0.15583333333333335 0.58375 0.025 0.0925
1 0.11750000000000001 0.58125 0.028333333333333335 0.1125
1 0.10833333333333334 0.58375 0.030000000000000002 0.1075
1 0.08833333333333333 0.585 0.02 0.08
1 0.043333333333333335 0.58875 0.02 0.0775
1 0.011666666666666667 0.58875 0.02 0.0825
