1 0.10166666666666667 0.7747395833333333 0.11333333333333334 0.4348958333333333
1 0.18166666666666667 0.7825520833333333 0.11333333333333334 0.4348958333333333
1 0.2391666666666667 0.7604166666666666 0.125 0.47916666666666663
1 0.3116666666666667 0.7669270833333333 0.12000000000000001 0.45572916666666663
1 0.375 0.7591145833333333 0.12000000000000001 0.4609375
1 0.41500000000000004 0.7708333333333333 0.11333333333333334 0.4375
1 0.48583333333333334 0.76953125 0.11833333333333335 0.4505208333333333
1 0.5575 0.7734375 0.115 0.44791666666666663
1 0.6225 0.7682291666666666 0.11833333333333335 0.453125
1 0.6841666666666667 0.76953125 0.11833333333333335 0.4609375
1 0.7441666666666668 0.7708333333333333 0.11833333333333335 0.453125
1 0.795 0.7747395833333333 0.11666666666666667 0.4505208333333333
1 0.8541666666666667 0.76171875 0.125 0.4765625
1 0.9058333333333334 0.76953125 0.11833333333333335 0.45572916666666663
1 0.35000000000000003 0.97265625 0.060000000000000005 0.049479166666666664
1 0.9591666666666667 0.9674479166666666 0.08166666666666667 0.06510416666666666
1 0.09916666666666667 0.13932291666666666 0.19833333333333333 0.2786458333333333
1 0.01916666666666667 0.11197916666666666 0.03833333333333334 0.21875
1 0.06416666666666668 0.07682291666666666 0.07166666666666667 0.15364583333333331
1 0.20916666666666667 0.11328125 0.08166666666666667 0.2265625
1 0.24416666666666667 0.12369791666666666 0.13833333333333334 0.24739583333333331
