1 0.5259259259259259 0.6323119777158774 0.040740740740740744 0.15041782729805014
1 0.4953703703703704 0.6211699164345403 0.04259259259259259 0.15598885793871867
1 0.3731481481481482 0.6337047353760445 0.03888888888888889 0.14763231197771587
1 0.35833333333333334 0.628133704735376 0.03518518518518519 0.13649025069637882
1 0.3351851851851852 0.6406685236768802 0.044444444444444446 0.1615598885793872
1 0.33240740740740743 0.628133704735376 0.03888888888888889 0.14763231197771587
1 0.312962962962963 0.6183844011142061 0.02962962962962963 0.11142061281337047
1 0.3 0.6462395543175488 0.044444444444444446 0.1615598885793872
1 0.2990740740740741 0.6364902506963789 0.0462962962962963 0.16991643454038996
1 0.26203703703703707 0.6364902506963789 0.04259259259259259 0.15877437325905291
1 0.2657407407407408 0.6392757660167131 0.03888888888888889 0.14206128133704735
1 0.24537037037037038 0.479108635097493 0.031481481481481485 0.12256267409470752
1 0.23611111111111113 0.47214484679665736 0.031481481481481485 0.12534818941504178
1 0.22592592592592595 0.47075208913649025 0.037037037037037035 0.13370473537604458
1 0.07685185185185185 0.6225626740947076 0.03888888888888889 0.14763231197771587
1 0.018518518518518517 0.6685236768802229 0.037037037037037035 0.2116991643454039
1 0.024074074074074074 0.6671309192200557 0.04814814814814815 0.1977715877437326
1 0.03981481481481482 0.6559888579387186 0.05740740740740741 0.21448467966573817
1 0.6787037037037037 0.649025069637883 0.05740740740740741 0.21727019498607242
1 0.737037037037037 0.6601671309192201 0.08518518518518518 0.31197771587743733
1 0.7592592592592593 0.6545961002785515 0.05555555555555556 0.20612813370473537
1 0.725 0.658774373259053 0.05740740740740741 0.21448467966573817
1 0.7935185185185185 0.6671309192200557 0.05740740740740741 0.2200557103064067
1 0.975925925925926 0.6559888579387186 0.04814814814814815 0.22562674094707522
1 0.9259259259259259 0.6615598885793872 0.05555555555555556 0.20891364902506965
1 0.8925925925925926 0.6518105849582173 0.06666666666666667 0.24512534818941503
1 0.9425925925925926 0.6476323119777159 0.05185185185185186 0.1977715877437326
1 0.8685185185185186 0.6406685236768802 0.05185185185185186 0.20055710306406685
1 0.850925925925926 0.6406685236768802 0.053703703703703705 0.20612813370473537
1 0.8314814814814815 0.6629526462395543 0.05185185185185186 0.20055710306406685
1 0.8074074074074075 0.637883008356546 0.05555555555555556 0.2116991643454039
1 0.20277777777777778 0.44846796657381616 0.02777777777777778 0.10584958217270195
1 0.23611111111111113 0.5724233983286908 0.012962962962962964 0.036211699164345405
1 0.024074074074074074 0.5668523676880223 0.018518518518518517 0.025069637883008356
1 0.02962962962962963 0.552924791086351 0.018518518518518517 0.036211699164345405
1 0.9074074074074074 0.5543175487465181 0.014814814814814815 0.022284122562674095
1 0.9564814814814815 0.5682451253481894 0.012962962962962964 0.022284122562674095
1 0.9601851851851853 0.5543175487465181 0.009259259259259259 0.027855153203342618
1 0.9888888888888889 0.541782729805014 0.011111111111111112 0.03064066852367688
1 0.9944444444444445 0.5501392757660167 0.007407407407407408 0.03064066852367688
1 0.8388888888888889 0.564066852367688 0.011111111111111112 0.025069637883008356
1 0.8240740740740741 0.5501392757660167 0.014814814814814815 0.025069637883008356
1 0.7851851851851852 0.5668523676880223 0.02592592592592593 0.06963788300835655
1 0.10092592592592593 0.7033426183844012 0.13148148148148148 0.48746518105849584
1 0.21851851851851853 0.7089136490250696 0.12592592592592594 0.47075208913649025
