1 0.8812500000000001 0.5135416666666667 0.06875 0.22291666666666665
1 0.8421875000000001 0.521875 0.06875 0.22291666666666665
1 0.81953125 0.5208333333333334 0.0734375 0.24583333333333332
1 0.7898437500000001 0.5270833333333333 0.0765625 0.25
1 0.74921875 0.5333333333333333 0.0765625 0.25416666666666665
1 0.7140625 0.5302083333333333 0.084375 0.27291666666666664
1 0.6726562500000001 0.53125 0.0890625 0.2916666666666667
1 0.628125 0.5385416666666667 0.09375 0.30625
1 0.584375 0.5458333333333333 0.096875 0.3208333333333333
1 0.52578125 0.5458333333333333 0.1078125 0.35
1 0.46796875000000004 0.5510416666666667 0.1171875 0.3854166666666667
1 0.38046875 0.53125 0.13593750000000002 0.4458333333333333
1 0.05390625 0.5166666666666666 0.0921875 0.30416666666666664
1 0.11171875 0.5239583333333333 0.09843750000000001 0.3229166666666667
1 0.12187500000000001 0.5114583333333333 0.09062500000000001 0.29791666666666666
1 0.1859375 0.5239583333333333 0.10625000000000001 0.34791666666666665
1 0.26328125 0.5375 0.11093750000000001 0.36666666666666664
1 0.2421875 0.5322916666666666 0.09062500000000001 0.29791666666666666
1 0.33046875000000003 0.5395833333333333 0.1046875 0.3458333333333333
1 0.25390625 0.5291666666666667 0.09843750000000001 0.3208333333333333
1 0.49531250000000004 0.5291666666666667 0.09062500000000001 0.3
1 0.54609375 0.53125 0.07968750000000001 0.2583333333333333
1 0.4453125 0.534375 0.09375 0.30625
1 0.2390625 0.39166666666666666 0.018750000000000003 0.0375
1 0.28671875 0.4041666666666667 0.0234375 0.05416666666666667
1 0.29531250000000003 0.4145833333333333 0.021875000000000002 0.041666666666666664
1 0.30546875 0.39479166666666665 0.0140625 0.04791666666666666
1 0.5421875 0.39166666666666666 0.015625 0.025
1 0.5609375 0.4166666666666667 0.018750000000000003 0.05
1 0.6046875 0.41770833333333335 0.018750000000000003 0.052083333333333336
1 0.6453125000000001 0.42291666666666666 0.009375000000000001 0.05
1 0.48359375000000004 0.40729166666666666 0.0140625 0.03958333333333333
1 0.42265625 0.4083333333333333 0.026562500000000003 0.058333333333333334
1 0.7000000000000001 0.4239583333333333 0.009375000000000001 0.03125
