1 0.8713333333333333 0.7188755020080321 0.08933333333333333 0.3293172690763052
1 0.696 0.6987951807228915 0.08266666666666667 0.3052208835341365
1 0.7446666666666666 0.5973895582329317 0.012 0.04216867469879518
1 0.4653333333333333 0.6837349397590361 0.072 0.2710843373493976
1 0.39599999999999996 0.6124497991967871 0.018666666666666665 0.07228915662650602
1 0.36666666666666664 0.6676706827309237 0.056 0.2108433734939759
1 0.328 0.6335341365461847 0.029333333333333333 0.10642570281124497
1 0.3113333333333333 0.6475903614457831 0.04933333333333333 0.1827309236947791
1 0.2806666666666667 0.6224899598393574 0.03866666666666667 0.14457831325301204
1 0.26666666666666666 0.6355421686746987 0.034666666666666665 0.13453815261044175
1 0.22066666666666665 0.6485943775100401 0.06266666666666666 0.2289156626506024
1 0.16999999999999998 0.6576305220883534 0.044 0.16666666666666666
1 0.11066666666666666 0.6506024096385542 0.050666666666666665 0.18473895582329317
1 0.06733333333333333 0.6506024096385542 0.044 0.1606425702811245
1 0.028666666666666667 0.6656626506024096 0.05733333333333333 0.23493975903614456
1 0.45466666666666666 0.6485943775100401 0.034666666666666665 0.1325301204819277
1 0.534 0.6084337349397589 0.014666666666666666 0.05220883534136546
1 0.5313333333333333 0.606425702811245 0.012 0.04417670682730923
1 0.5593333333333333 0.5953815261044176 0.009333333333333332 0.03413654618473895
1 0.5546666666666666 0.5923694779116465 0.008 0.028112449799196783
1 0.5133333333333333 0.5933734939759036 0.005333333333333333 0.02610441767068273
1 0.494 0.5953815261044176 0.009333333333333332 0.03413654618473895
1 0.49866666666666665 0.5953815261044176 0.008 0.03413654618473895
1 0.5166666666666666 0.5913654618473895 0.006666666666666666 0.02610441767068273
1 0.5439999999999999 0.5873493975903614 0.0026666666666666666 0.014056224899598391
1 0.5506666666666666 0.5853413654618473 0.005333333333333333 0.018072289156626505
1 0.5653333333333334 0.5943775100401606 0.005333333333333333 0.020080321285140562
1 0.5706666666666667 0.5953815261044176 0.005333333333333333 0.018072289156626505
1 0.32 0.5823293172690762 0.013333333333333332 0.028112449799196783
1 0.35333333333333333 0.5933734939759036 0.013333333333333332 0.04618473895582329
