1 0.33404255319148934 0.38738019169329074 0.025531914893617023 0.09424920127795527
1 0.6138297872340426 0.38738019169329074 0.01702127659574468 0.06230031948881789
1 0.6909574468085107 0.3777955271565495 0.018085106382978725 0.0718849840255591
1 0.872872340425532 0.5007987220447284 0.12234042553191489 0.4488817891373802
1 0.17925531914893617 0.7052715654952076 0.2712765957446809 0.26038338658146964
1 0.23031914893617023 0.6653354632587859 0.18617021276595744 0.21565495207667731
1 0.2835106382978723 0.6174121405750799 0.19680851063829788 0.22523961661341851
1 0.32553191489361705 0.5934504792332268 0.14893617021276595 0.24121405750798722
1 0.35904255319148937 0.5575079872204473 0.13297872340425532 0.18210862619808305
1 0.38776595744680853 0.5351437699680511 0.1074468085106383 0.1437699680511182
1 0.39680851063829786 0.5231629392971245 0.07021276595744681 0.16773162939297123
1 0.424468085106383 0.5135782747603833 0.0574468085106383 0.1645367412140575
1 0.44840425531914896 0.4984025559105431 0.06914893617021277 0.15335463258785942
1 0.48404255319148937 0.4888178913738019 0.08723404255319149 0.13099041533546324
1 0.5382978723404256 0.420926517571885 0.0574468085106383 0.04313099041533546
1 0.5430851063829787 0.41373801916932906 0.05 0.02875399361022364
1 0.5553191489361702 0.41134185303514376 0.0425531914893617 0.0463258785942492
1 0.5675531914893617 0.4033546325878594 0.039361702127659576 0.04313099041533546
