1 0.12818181818181817 0.4678787878787879 0.038181818181818185 0.12606060606060607
1 0.2777272727272727 0.4721212121212121 0.031818181818181815 0.10787878787878788
1 0.20545454545454545 0.34363636363636363 0.02 0.06666666666666667
1 0.33954545454545454 0.43272727272727274 0.03363636363636364 0.11151515151515151
1 0.3618181818181818 0.4078787878787879 0.04 0.13454545454545455
1 0.38272727272727275 0.4018181818181818 0.038181818181818185 0.12727272727272726
1 0.2959090909090909 0.6084848484848485 0.06454545454545454 0.21333333333333332
1 0.385 0.6181818181818182 0.07 0.23030303030303031
1 0.44045454545454543 0.6612121212121213 0.06454545454545454 0.21454545454545454
1 0.46 0.5363636363636364 0.05454545454545454 0.1806060606060606
1 0.5718181818181818 0.54 0.05272727272727273 0.17575757575757575
1 0.6254545454545455 0.5642424242424242 0.056363636363636366 0.18303030303030304
1 0.605 0.40606060606060607 0.03909090909090909 0.12848484848484848
1 0.5709090909090909 0.7121212121212122 0.07090909090909091 0.2315151515151515
1 0.6604545454545454 0.5187878787878788 0.05181818181818182 0.17212121212121212
1 0.6922727272727273 0.5018181818181818 0.05545454545454546 0.17939393939393938
1 0.8536363636363636 0.7272727272727273 0.08545454545454545 0.2812121212121212
1 0.9109090909090909 0.42727272727272725 0.038181818181818185 0.12484848484848485
1 0.1009090909090909 0.48787878787878786 0.06181818181818182 0.07636363636363637
1 0.2177272727272727 0.4993939393939394 0.026363636363636363 0.13818181818181818
1 0.31681818181818183 0.46484848484848484 0.05 0.08121212121212121
1 0.3340909090909091 0.4866666666666667 0.04090909090909091 0.09090909090909091
1 0.4309090909090909 0.48727272727272725 0.04 0.11393939393939394
1 0.4263636363636364 0.40484848484848485 0.03090909090909091 0.07272727272727272
1 0.44363636363636366 0.4121212121212121 0.023636363636363636 0.07515151515151515
1 0.44772727272727275 0.396969696969697 0.03 0.08363636363636363
1 0.47863636363636364 0.3981818181818182 0.04090909090909091 0.08363636363636363
1 0.5059090909090909 0.39636363636363636 0.024545454545454544 0.06545454545454546
1 0.5272727272727272 0.3993939393939394 0.03272727272727273 0.08121212121212121
1 0.5736363636363636 0.3981818181818182 0.04363636363636364 0.09818181818181818
1 0.6663636363636364 0.403030303030303 0.03636363636363636 0.08121212121212121
1 0.7163636363636363 0.3987878787878788 0.034545454545454546 0.0703030303030303
1 0.8036363636363636 0.4684848484848485 0.034545454545454546 0.10545454545454545
1 0.8772727272727273 0.5236363636363637 0.05272727272727273 0.11393939393939394
1 0.9345454545454546 0.3503030303030303 0.025454545454545455 0.03636363636363636
1 0.8654545454545455 0.8903030303030303 0.09454545454545454 0.11272727272727273
1 0.9354545454545454 0.8860606060606061 0.06909090909090909 0.11878787878787879
