1 0.08125 0.6484962406015037 0.0725 0.26691729323308266
1 0.12375 0.5958646616541353 0.0525 0.20676691729323307
1 0.2225 0.5808270676691729 0.05 0.18421052631578946
1 0.28875 0.6541353383458646 0.0725 0.2631578947368421
1 0.34500000000000003 0.7669172932330827 0.09 0.3383458646616541
1 0.39 0.6240601503759398 0.06 0.21804511278195488
1 0.445 0.6654135338345865 0.08 0.3007518796992481
1 0.52625 0.6353383458646616 0.0625 0.22556390977443608
1 0.49 0.5714285714285714 0.035 0.14285714285714285
1 0.58 0.7913533834586466 0.085 0.31954887218045114
1 0.63875 0.6710526315789473 0.08750000000000001 0.31954887218045114
1 0.6587500000000001 0.631578947368421 0.0625 0.23308270676691728
1 0.76 0.6071428571428571 0.05 0.18421052631578946
1 0.83875 0.6785714285714285 0.0775 0.2969924812030075
1 0.89625 0.593984962406015 0.0375 0.13533834586466165
1 0.86375 0.5639097744360901 0.0125 0.06015037593984962
1 0.34375 0.5601503759398496 0.0375 0.13533834586466165
1 0.31625000000000003 0.5545112781954887 0.0375 0.14661654135338345
1 0.97375 0.6954887218045113 0.0425 0.3007518796992481
1 0.81375 0.5451127819548872 0.0125 0.03759398496240601
1 0.5625 0.5601503759398496 0.025 0.08270676691729323
1 0.54 0.5413533834586466 0.02 0.06766917293233082
1 0.40125 0.537593984962406 0.0325 0.09022556390977443
1 0.41875 0.5244360902255639 0.0225 0.05639097744360902
1 0.38375000000000004 0.5037593984962405 0.0225 0.022556390977443608
1 0.29125 0.5263157894736842 0.0225 0.09022556390977443
1 0.2575 0.612781954887218 0.035 0.23308270676691728
