1 0.02 0.763157894736842 0.04 0.22305764411027568
1 0.0575 0.7456140350877193 0.058333333333333334 0.21303258145363407
1 0.12000000000000001 0.7330827067669172 0.04 0.14786967418546365
1 0.17500000000000002 0.7506265664160401 0.060000000000000005 0.21804511278195488
1 0.21083333333333334 0.7468671679197995 0.04833333333333334 0.17543859649122806
1 0.27083333333333337 0.7406015037593985 0.03833333333333334 0.14285714285714285
1 0.30083333333333334 0.731829573934837 0.04166666666666667 0.15037593984962405
1 0.3275 0.7155388471177945 0.028333333333333335 0.11278195488721804
1 0.3433333333333334 0.7042606516290726 0.030000000000000002 0.11528822055137844
1 0.3791666666666667 0.7681704260651628 0.055 0.20802005012531327
1 0.405 0.7456140350877193 0.04 0.15288220551378445
1 0.4241666666666667 0.7105263157894737 0.03166666666666667 0.12280701754385964
1 0.4366666666666667 0.706766917293233 0.02666666666666667 0.10526315789473684
1 0.4475 0.7042606516290726 0.028333333333333335 0.10526315789473684
1 0.5391666666666667 0.7531328320802004 0.05166666666666667 0.19298245614035087
1 0.6008333333333333 0.7080200501253132 0.028333333333333335 0.10275689223057644
1 0.6375000000000001 0.7105263157894737 0.025 0.09774436090225563
1 0.6525000000000001 0.731829573934837 0.03833333333333334 0.14035087719298245
1 0.6783333333333333 0.7305764411027569 0.03666666666666667 0.14285714285714285
1 0.7300000000000001 0.7406015037593985 0.05 0.18796992481203006
1 0.7783333333333334 0.7568922305764411 0.06666666666666667 0.2506265664160401
1 0.8266666666666668 0.7355889724310777 0.04 0.15288220551378445
1 0.8700000000000001 0.7518796992481203 0.05 0.18546365914786966
1 0.9375000000000001 0.7731829573934836 0.05166666666666667 0.19298245614035087
1 0.9708333333333334 0.7506265664160401 0.045000000000000005 0.16791979949874686
