1 0.21375 0.17359050445103857 0.0425 0.13353115727002968
1 0.30125 0.13798219584569735 0.0475 0.1394658753709199
1 0.43125 0.07566765578635015 0.0275 0.08605341246290801
1 0.41125 0.04302670623145401 0.0225 0.0741839762611276
1 0.51375 0.12314540059347182 0.0475 0.1394658753709199
1 0.67625 0.16913946587537093 0.0475 0.142433234421365
1 0.08875 0.5118694362017804 0.14250000000000002 0.18100890207715134
1 0.18375 0.3486646884272997 0.10250000000000001 0.11572700296735905
1 0.3 0.271513353115727 0.065 0.08605341246290801
1 0.34750000000000003 0.28041543026706234 0.075 0.12759643916913946
1 0.42125 0.185459940652819 0.0925 0.10385756676557864
1 0.4925 0.21068249258160238 0.085 0.08902077151335312
1 0.5750000000000001 0.1943620178041543 0.05 0.08605341246290801
1 0.60375 0.2789317507418398 0.0575 0.08902077151335312
1 0.75 0.1913946587537092 0.095 0.11572700296735905
1 0.75875 0.2551928783382789 0.0625 0.0712166172106825
1 0.74125 0.34124629080118696 0.1675 0.06528189910979229
1 0.8725 0.4391691394658754 0.095 0.17210682492581603
1 0.89625 0.35014836795252224 0.0925 0.11869436201780416
1 0.93 0.6320474777448072 0.115 0.19584569732937687
1 0.87 0.755192878338279 0.21 0.3056379821958457
1 0.7212500000000001 0.8189910979228487 0.1675 0.24332344213649854
1 0.61 0.9050445103857567 0.2 0.18991097922848665
1 0.31875000000000003 0.9376854599406529 0.1925 0.11275964391691395
1 0.23750000000000002 0.844213649851632 0.09 0.25816023738872407
1 0.075 0.827893175074184 0.14 0.16023738872403562
1 0.23375 0.5786350148367952 0.2125 0.2314540059347181
1 0.41000000000000003 0.4391691394658754 0.18 0.0712166172106825
1 0.4525 0.34421364985163205 0.145 0.08902077151335312
1 0.43875000000000003 0.3026706231454006 0.0975 0.08902077151335312
1 0.47750000000000004 0.5356083086053413 0.165 0.2403560830860534
1 0.55 0.37537091988130566 0.065 0.10979228486646884
1 0.6637500000000001 0.4762611275964392 0.1475 0.18694362017804156
