1 0.6708333333333334 0.67125 0.16833333333333333 0.6225
1 0.18000000000000002 0.75 0.12333333333333334 0.455
1 0.018333333333333333 0.76625 0.03666666666666667 0.1925
1 0.115 0.6687500000000001 0.05 0.1925
1 0.29833333333333334 0.7575000000000001 0.06333333333333334 0.23500000000000001
1 0.3116666666666667 0.795 0.06666666666666667 0.245
1 0.36500000000000005 0.7775 0.07666666666666667 0.29
1 0.4133333333333334 0.7775 0.07666666666666667 0.28500000000000003
1 0.405 0.6125 0.05 0.19
1 0.4525 0.585 0.05166666666666667 0.19
1 0.5008333333333334 0.8225 0.085 0.315
1 0.5608333333333334 0.77375 0.10833333333333334 0.4025
1 0.8291666666666667 0.7887500000000001 0.09833333333333334 0.3575
1 0.9141666666666667 0.7987500000000001 0.095 0.34750000000000003
1 0.9616666666666668 0.76625 0.07666666666666667 0.4525
1 0.9241666666666667 0.61875 0.07833333333333334 0.2925
1 0.5558333333333334 0.59 0.055 0.20500000000000002
1 0.7875000000000001 0.61 0.06833333333333334 0.255
1 0.24500000000000002 0.55875 0.04 0.1525
1 0.23333333333333334 0.77375 0.08666666666666667 0.3225
1 0.5175000000000001 0.5375 0.045000000000000005 0.165
1 0.5933333333333334 0.51375 0.05333333333333334 0.1325
