1 0.217 0.7293333333333333 0.046 0.15733333333333333
1 0.271 0.7306666666666667 0.046 0.14933333333333332
1 0.292 0.7226666666666667 0.044 0.14933333333333332
1 0.327 0.7226666666666667 0.042 0.13866666666666666
1 0.367 0.7293333333333333 0.046 0.152
1 0.455 0.7919999999999999 0.074 0.24
1 0.485 0.7706666666666666 0.058 0.192
1 0.525 0.732 0.054 0.184
1 0.561 0.7586666666666666 0.054 0.17866666666666667
1 0.654 0.76 0.056 0.192
1 0.68 0.7213333333333333 0.024 0.088
1 0.713 0.7853333333333333 0.07 0.22666666666666666
1 0.788 0.7626666666666666 0.068 0.21866666666666665
1 0.8190000000000001 0.7533333333333333 0.05 0.16799999999999998
1 0.762 0.756 0.052000000000000005 0.16799999999999998
1 0.873 0.744 0.05 0.16
1 0.538 0.712 0.016 0.058666666666666666
1 0.027 0.6306666666666666 0.03 0.04533333333333333
1 0.035 0.6853333333333333 0.05 0.09066666666666666
1 0.096 0.6413333333333333 0.064 0.104
1 0.128 0.7133333333333333 0.092 0.12533333333333332
1 0.181 0.6679999999999999 0.034 0.07733333333333334
1 0.199 0.6533333333333333 0.026000000000000002 0.03733333333333333
1 0.437 0.6773333333333333 0.022 0.042666666666666665
1 0.47000000000000003 0.6639999999999999 0.016 0.03733333333333333
