1 0.9127777777777778 0.36009933774834435 0.0811111111111111 0.2996688741721854
1 0.39944444444444444 0.29304635761589404 0.058888888888888886 0.2152317880794702
1 0.8361111111111111 0.32367549668874174 0.06555555555555556 0.2367549668874172
1 0.8066666666666666 0.31539735099337746 0.04888888888888889 0.1771523178807947
1 0.7461111111111111 0.3195364238410596 0.04555555555555556 0.16556291390728478
1 0.6933333333333334 0.3021523178807947 0.07333333333333333 0.26655629139072845
1 0.1511111111111111 0.6125827814569537 0.20666666666666667 0.4105960264900662
1 0.43666666666666665 0.4900662251655629 0.11333333333333333 0.4470198675496689
1 0.7838888888888889 0.6357615894039735 0.27 0.6291390728476821
1 0.5544444444444444 0.3882450331125828 0.11555555555555555 0.3394039735099338
1 0.69 0.3120860927152318 0.16666666666666666 0.22019867549668873
1 0.565 0.1804635761589404 0.07222222222222222 0.10264900662251655
1 0.6138888888888889 0.18956953642384106 0.03222222222222222 0.07450331125827815
