1 0.39416666666666667 0.6888888888888889 0.18833333333333335 0.6133333333333333
1 0.5083333333333334 0.6522222222222223 0.20333333333333334 0.66
1 0.6916666666666668 0.51 0.06333333333333334 0.2111111111111111
1 0.6675000000000001 0.47333333333333333 0.055 0.17777777777777778
1 0.9433333333333334 0.5244444444444445 0.07666666666666667 0.2577777777777778
1 0.9125000000000001 0.47888888888888886 0.055 0.18444444444444444
1 0.8683333333333334 0.47555555555555556 0.05333333333333334 0.17777777777777778
1 0.7291666666666667 0.49777777777777776 0.04166666666666667 0.14222222222222222
1 0.7875000000000001 0.48 0.055 0.18222222222222223
1 0.7633333333333334 0.4722222222222222 0.05333333333333334 0.17555555555555555
1 0.8433333333333334 0.5022222222222222 0.04 0.13777777777777778
