1 0.059000000000000004 0.5906515580736544 0.11800000000000001 0.4390934844192635
1 0.092 0.5552407932011332 0.1 0.3512747875354108
1 0.155 0.5141643059490085 0.07 0.2464589235127479
1 0.177 0.5708215297450425 0.058 0.2067988668555241
1 0.198 0.5155807365439093 0.068 0.24362606232294617
1 0.24 0.5028328611898017 0.068 0.24079320113314448
1 0.268 0.5028328611898017 0.06 0.21246458923512748
1 0.34600000000000003 0.4957507082152975 0.068 0.23796033994334279
1 0.369 0.5 0.058 0.20113314447592068
1 0.617 0.6317280453257791 0.15 0.5155807365439093
1 0.724 0.6671388101983003 0.176 0.6090651558073654
1 0.532 0.5297450424929179 0.092 0.3229461756373938
1 0.836 0.5424929178470255 0.116 0.4050991501416431
1 0.9400000000000001 0.5736543909348443 0.12 0.5014164305949008
1 0.47300000000000003 0.45467422096317284 0.038 0.1331444759206799
1 0.299 0.40368271954674223 0.03 0.042492917847025496
1 0.392 0.4065155807365439 0.028 0.042492917847025496
