1 0.044412607449856735 0.6217228464419475 0.08882521489971347 0.38202247191011235
1 0.1303724928366762 0.6460674157303371 0.1174785100286533 0.3857677902621723
1 0.22206303724928367 0.5168539325842697 0.05444126074498567 0.18726591760299627
1 0.25358166189111747 0.5131086142322098 0.05444126074498567 0.1797752808988764
1 0.29083094555873923 0.5205992509363296 0.04297994269340974 0.149812734082397
1 0.3538681948424069 0.5149812734082397 0.04871060171919771 0.16853932584269662
1 0.3968481375358166 0.5711610486891385 0.07163323782234957 0.23595505617977527
1 0.43409742120343836 0.5636704119850188 0.07163323782234957 0.22846441947565543
1 0.4469914040114613 0.6741573033707865 0.12607449856733524 0.41198501872659177
1 0.5429799426934098 0.6217228464419475 0.07736389684813753 0.2546816479400749
1 0.6389684813753581 0.5692883895131087 0.06876790830945559 0.2247191011235955
1 0.6747851002865329 0.6198501872659176 0.10028653295128939 0.31835205992509363
1 0.7392550143266475 0.548689138576779 0.07449856733524356 0.23595505617977527
1 0.7893982808022922 0.5636704119850188 0.07736389684813753 0.25842696629213485
1 0.8882521489971347 0.7153558052434457 0.16045845272206302 0.5168539325842697
1 0.839541547277937 0.548689138576779 0.06303724928366762 0.20599250936329588
1 0.9412607449856734 0.5973782771535581 0.10601719197707736 0.34831460674157305
