1 0.44711538461538464 0.6362229102167183 0.0826923076923077 0.325077399380805
1 0.5471153846153847 0.6393188854489165 0.09423076923076923 0.3746130030959752
1 0.6480769230769231 0.630030959752322 0.08461538461538462 0.33746130030959753
1 0.6721153846153847 0.6563467492260062 0.10576923076923078 0.4148606811145511
1 0.7125 0.6114551083591332 0.06346153846153846 0.25077399380804954
1 0.7557692307692309 0.6191950464396285 0.07692307692307693 0.30959752321981426
1 0.7846153846153847 0.6393188854489165 0.09615384615384616 0.3746130030959752
1 0.8163461538461539 0.6207430340557276 0.07115384615384615 0.281733746130031
1 0.875 0.6253869969040248 0.08461538461538462 0.3343653250773994
1 0.9423076923076924 0.6238390092879257 0.07692307692307693 0.30650154798761614
