1 0.084 0.43093093093093093 0.036000000000000004 0.14114114114114115
1 0.10400000000000001 0.6756756756756757 0.128 0.46846846846846846
1 0.317 0.5225225225225225 0.07 0.25825825825825827
1 0.37 0.5345345345345345 0.07200000000000001 0.26426426426426425
1 0.41600000000000004 0.5345345345345345 0.076 0.2882882882882883
1 0.451 0.5345345345345345 0.08600000000000001 0.3123123123123123
1 0.498 0.5435435435435435 0.084 0.3123123123123123
1 0.556 0.5585585585585585 0.088 0.3303303303303303
1 0.613 0.5630630630630631 0.09 0.3333333333333333
1 0.687 0.5870870870870871 0.08600000000000001 0.3213213213213213
1 0.721 0.5465465465465466 0.094 0.3483483483483483
1 0.781 0.6126126126126126 0.094 0.34234234234234234
1 0.81 0.5585585585585585 0.096 0.35435435435435436
1 0.91 0.6021021021021021 0.112 0.4114114114114114
1 0.901 0.581081081081081 0.106 0.38738738738738737
1 0.9460000000000001 0.5975975975975976 0.076 0.25825825825825827
1 0.584 0.39789789789789787 0.036000000000000004 0.057057057057057055
1 0.662 0.3993993993993994 0.028 0.05405405405405406
