1 0.036111111111111115 0.6666666666666667 0.07222222222222223 0.24074074074074076
1 0.1375 0.6805555555555556 0.061111111111111116 0.19814814814814816
1 0.09861111111111112 0.5231481481481481 0.016666666666666666 0.05740740740740741
1 0.11597222222222223 0.5240740740740741 0.020833333333333336 0.07037037037037037
1 0.02361111111111111 0.55 0.016666666666666666 0.05555555555555556
1 0.07222222222222223 0.5287037037037037 0.016666666666666666 0.05740740740740741
1 0.26458333333333334 0.7000000000000001 0.0625 0.20370370370370372
1 0.2138888888888889 0.6990740740740741 0.05 0.1685185185185185
1 0.21458333333333335 0.6694444444444445 0.051388888888888894 0.17222222222222222
1 0.3590277777777778 0.712962962962963 0.059722222222222225 0.2
1 0.3701388888888889 0.7064814814814815 0.051388888888888894 0.17222222222222222
1 0.4222222222222222 0.6509259259259259 0.030555555555555558 0.10555555555555556
1 0.4527777777777778 0.6490740740740741 0.04166666666666667 0.13518518518518519
1 0.4965277777777778 0.7314814814814815 0.07916666666666666 0.25925925925925924
1 0.5305555555555556 0.7148148148148148 0.05277777777777778 0.17037037037037037
1 0.5631944444444444 0.7546296296296297 0.0625 0.20925925925925926
1 0.625 0.7925925925925926 0.10833333333333334 0.35555555555555557
1 0.7208333333333333 0.737962962962963 0.08333333333333334 0.27222222222222225
1 0.6555555555555556 0.6083333333333334 0.016666666666666666 0.05740740740740741
1 0.6444444444444445 0.7324074074074074 0.09166666666666667 0.29814814814814816
1 0.7854166666666667 0.7601851851851852 0.08194444444444444 0.27222222222222225
1 0.8479166666666667 0.7787037037037038 0.059722222222222225 0.19814814814814816
1 0.8583333333333334 0.6712962962962963 0.019444444444444445 0.06851851851851852
1 0.9618055555555556 0.7564814814814815 0.0763888888888889 0.29074074074074074
1 0.6770833333333334 0.5287037037037037 0.015277777777777779 0.053703703703703705
1 0.6923611111111111 0.5148148148148148 0.015277777777777779 0.04814814814814815
1 0.6784722222222223 0.48333333333333334 0.006944444444444445 0.02592592592592593
1 0.6645833333333333 0.4861111111111111 0.0125 0.0462962962962963
1 0.7270833333333334 0.5638888888888889 0.018055555555555557 0.061111111111111116
1 0.7034722222222223 0.5703703703703704 0.015277777777777779 0.05555555555555556
1 0.6979166666666667 0.5925925925925926 0.015277777777777779 0.05185185185185186
1 0.7833333333333333 0.47500000000000003 0.008333333333333333 0.031481481481481485
1 0.5270833333333333 0.575925925925926 0.02361111111111111 0.08148148148148149
1 0.18125 0.5907407407407408 0.018055555555555557 0.06296296296296297
1 0.23750000000000002 0.3861111111111111 0.011111111111111112 0.03518518518518519
1 0.21180555555555555 0.3861111111111111 0.009722222222222222 0.03518518518518519
1 0.19930555555555557 0.3712962962962963 0.006944444444444445 0.02777777777777778
1 0.027083333333333334 0.5074074074074074 0.018055555555555557 0.02592592592592593
1 0.3041666666666667 0.5962962962962963 0.04722222222222222 0.08888888888888889
1 0.3611111111111111 0.5703703703703704 0.025 0.07407407407407407
1 0.17569444444444446 0.65 0.043055555555555555 0.10370370370370371
1 0.21319444444444446 0.5638888888888889 0.020833333333333336 0.03518518518518519
1 0.10277777777777779 0.6129629629629629 0.05277777777777778 0.0925925925925926
1 0.03958333333333333 0.6935185185185185 0.0763888888888889 0.13148148148148148
1 0.9486111111111112 0.4759259259259259 0.03888888888888889 0.16666666666666669
1 0.9743055555555556 0.42685185185185187 0.015277777777777779 0.07962962962962963
