1 0.045714285714285714 0.468 0.09142857142857143 0.36
1 0.05 0.41200000000000003 0.09714285714285714 0.336
1 0.041428571428571426 0.389 0.08285714285714285 0.34600000000000003
1 0.15142857142857144 0.392 0.10571428571428572 0.368
1 0.18928571428571428 0.489 0.10428571428571429 0.362
1 0.2307142857142857 0.49 0.11285714285714285 0.384
1 0.30428571428571427 0.524 0.1 0.34
1 0.3842857142857143 0.493 0.12285714285714286 0.422
1 0.3271428571428571 0.393 0.10285714285714286 0.358
1 0.465 0.494 0.12428571428571429 0.432
1 0.5464285714285714 0.47200000000000003 0.1442857142857143 0.492
1 0.6207142857142857 0.496 0.13285714285714287 0.46
1 0.69 0.484 0.14 0.48
1 0.7635714285714286 0.526 0.13285714285714287 0.452
1 0.84 0.525 0.14 0.47800000000000004
1 0.5942857142857143 0.329 0.05714285714285714 0.198
1 0.6942857142857143 0.421 0.1457142857142857 0.498
1 0.9571428571428572 0.406 0.08571428571428572 0.4
1 0.9128571428571428 0.446 0.13428571428571429 0.46
1 0.8471428571428572 0.231 0.022857142857142857 0.078
1 0.39571428571428574 0.223 0.03428571428571429 0.07
1 0.4228571428571429 0.276 0.022857142857142857 0.064
1 0.76 0.252 0.04 0.076
