1 0.64 0.7320754716981133 0.14 0.5207547169811321
1 0.225 0.6943396226415094 0.165 0.6037735849056604
1 0.1625 0.5490566037735849 0.165 0.6150943396226415
1 0.35375 0.3754716981132076 0.11750000000000001 0.4339622641509434
1 0.48625 0.2528301886792453 0.0825 0.3169811320754717
1 0.32 0.3018867924528302 0.09 0.33962264150943394
1 0.31625000000000003 0.10566037735849057 0.0275 0.11320754716981132
1 0.125 0.21132075471698114 0.075 0.28679245283018867
1 0.0575 0.16792452830188678 0.08 0.30566037735849055
1 0.6875 0.25849056603773585 0.135 0.49433962264150944
1 0.8825000000000001 0.2679245283018868 0.045 0.1660377358490566
1 0.80125 0.22452830188679246 0.0475 0.2
1 0.8325 0.45849056603773586 0.145 0.3132075471698113
1 0.95375 0.5037735849056604 0.08750000000000001 0.35094339622641507
