1 0.06285714285714286 0.6115879828326181 0.045714285714285714 0.17167381974248927
1 0.09071428571428572 0.6062231759656652 0.04428571428571428 0.16952789699570817
1 0.1392857142857143 0.6652360515021459 0.10428571428571429 0.38197424892703863
1 0.18142857142857144 0.6115879828326181 0.05142857142857143 0.19313304721030042
1 0.38857142857142857 0.6845493562231759 0.09428571428571429 0.34334763948497854
1 0.5521428571428572 0.6974248927038627 0.12428571428571429 0.463519313304721
1 0.6042857142857143 0.6427038626609443 0.07428571428571429 0.27682403433476394
1 0.6235714285714286 0.546137339055794 0.018571428571428572 0.07081545064377683
1 0.5221428571428571 0.6115879828326181 0.041428571428571426 0.15450643776824036
1 0.6671428571428571 0.6727467811158798 0.08857142857142856 0.3240343347639485
1 0.7214285714285714 0.6319742489270386 0.05714285714285714 0.2167381974248927
1 0.8342857142857143 0.6555793991416309 0.08857142857142856 0.3240343347639485
1 0.9392857142857143 0.5793991416309013 0.03 0.11158798283261803
1 0.7935714285714286 0.575107296137339 0.018571428571428572 0.07296137339055794
1 0.8671428571428571 0.5225321888412017 0.005714285714285714 0.027896995708154508
1 0.5064285714285715 0.5804721030042919 0.024285714285714285 0.08798283261802575
1 0.49214285714285716 0.5686695278969957 0.015714285714285715 0.06437768240343347
1 0.47214285714285714 0.5708154506437768 0.018571428571428572 0.06866952789699571
1 0.4592857142857143 0.5708154506437768 0.02142857142857143 0.07725321888412018
1 0.4471428571428571 0.5944206008583691 0.03428571428571429 0.12875536480686695
1 0.41285714285714287 0.6555793991416309 0.07714285714285714 0.2854077253218884
1 0.36642857142857144 0.5976394849785408 0.04428571428571428 0.1609442060085837
1 0.3271428571428571 0.5633047210300429 0.011428571428571429 0.045064377682403435
1 0.31 0.5686695278969957 0.017142857142857144 0.06437768240343347
1 0.26071428571428573 0.5901287553648069 0.027142857142857142 0.10300429184549356
1 0.2392857142857143 0.5944206008583691 0.027142857142857142 0.09871244635193133
1 0.4278571428571429 0.5472103004291845 0.01 0.04291845493562232
1 0.35714285714285715 0.5525751072961373 0.011428571428571429 0.0407725321888412
1 0.225 0.5740343347639485 0.018571428571428572 0.06652360515021459
1 0.21214285714285713 0.5697424892703863 0.018571428571428572 0.06652360515021459
1 0.21857142857142858 0.5697424892703863 0.017142857142857144 0.06652360515021459
1 0.2764285714285714 0.5718884120171673 0.012857142857142857 0.04935622317596566
1 0.9857142857142858 0.6534334763948498 0.022857142857142857 0.09656652360515021
1 0.9092857142857143 0.6276824034334764 0.05857142857142857 0.11802575107296137
