1 0.09927536231884058 0.6666666666666667 0.12608695652173912 0.43495934959349597
1 0.18333333333333335 0.6067073170731708 0.07971014492753624 0.27845528455284557
1 0.3398550724637681 0.603658536585366 0.07391304347826087 0.25609756097560976
1 0.4246376811594203 0.5945121951219513 0.0782608695652174 0.26626016260162605
1 0.5289855072463768 0.5904471544715448 0.0782608695652174 0.27439024390243905
1 0.5891304347826087 0.5823170731707318 0.06521739130434782 0.22154471544715448
1 0.48768115942028983 0.5752032520325204 0.06811594202898551 0.23983739837398377
1 0.5101449275362319 0.5823170731707318 0.07246376811594203 0.24593495934959353
1 0.631159420289855 0.5792682926829269 0.07101449275362319 0.24390243902439027
1 0.6521739130434783 0.6006097560975611 0.06956521739130435 0.24186991869918703
1 0.6905797101449276 0.5741869918699187 0.07101449275362319 0.24593495934959353
1 0.7188405797101449 0.592479674796748 0.07246376811594203 0.25
1 0.7869565217391304 0.5853658536585367 0.06956521739130435 0.23983739837398377
1 0.8333333333333334 0.5792682926829269 0.06956521739130435 0.23983739837398377
1 0.8760869565217392 0.576219512195122 0.06231884057971015 0.2134146341463415
1 0.9115942028985508 0.5802845528455285 0.06956521739130435 0.2378048780487805
1 0.9521739130434783 0.5772357723577236 0.06376811594202898 0.22357723577235775
1 0.6079710144927536 0.4806910569105692 0.02463768115942029 0.042682926829268296
