1 0.20720000000000002 0.2682926829268293 0.0688 0.25853658536585367
1 0.3568 0.33170731707317075 0.09280000000000001 0.35121951219512193
1 0.532 0.2817073170731707 0.08800000000000001 0.32926829268292684
1 0.3224 0.4841463414634146 0.152 0.573170731707317
1 0.1704 0.625609756097561 0.1968 0.7341463414634146
1 0.0432 0.4195121951219512 0.0864 0.5365853658536586
1 0.5712 0.325609756097561 0.11520000000000001 0.4268292682926829
1 0.40640000000000004 0.17682926829268292 0.041600000000000005 0.15365853658536585
1 0.6072000000000001 0.2524390243902439 0.0688 0.25609756097560976
1 0.7088 0.28292682926829266 0.0864 0.32195121951219513
1 0.8008000000000001 0.2817073170731707 0.1008 0.3829268292682927
1 0.9072 0.2 0.048 0.18536585365853658
1 0.7016 0.5048780487804878 0.1584 0.5902439024390244
1 0.9416 0.6853658536585366 0.1168 0.6146341463414634
1 0.48400000000000004 0.22195121951219512 0.046400000000000004 0.17560975609756097
1 0.08320000000000001 0.1975609756097561 0.0448 0.1024390243902439
1 0.1232 0.1951219512195122 0.0448 0.11219512195121951
1 0.16 0.20243902439024392 0.041600000000000005 0.09268292682926829
1 0.22240000000000001 0.16951219512195123 0.0352 0.09024390243902439
1 0.3224 0.1573170731707317 0.0368 0.08048780487804878
1 0.436 0.18414634146341463 0.04 0.09024390243902439
