1 0.014615384615384615 0.493006993006993 0.02923076923076923 0.17482517482517482
1 0.09230769230769231 0.5087412587412588 0.055384615384615386 0.3041958041958042
1 0.14076923076923076 0.5104895104895105 0.04461538461538461 0.2517482517482518
1 0.11384615384615385 0.49475524475524474 0.027692307692307693 0.15034965034965034
1 0.18307692307692308 0.5052447552447552 0.033846153846153845 0.19230769230769232
1 0.16076923076923078 0.49125874125874125 0.026153846153846153 0.15034965034965034
1 0.2276923076923077 0.5104895104895105 0.04923076923076923 0.27972027972027974
1 0.25846153846153846 0.5034965034965035 0.043076923076923075 0.24475524475524477
1 0.2846153846153846 0.5034965034965035 0.03692307692307692 0.2097902097902098
1 0.30230769230769233 0.49475524475524474 0.03230769230769231 0.19230769230769232
1 0.3192307692307692 0.4965034965034965 0.02923076923076923 0.16083916083916083
1 0.3853846153846154 0.506993006993007 0.05384615384615385 0.3006993006993007
1 0.40615384615384614 0.4965034965034965 0.03692307692307692 0.2097902097902098
1 0.5069230769230769 0.5087412587412588 0.05076923076923077 0.28321678321678323
1 0.6230769230769231 0.5087412587412588 0.052307692307692305 0.2902097902097902
1 0.64 0.48951048951048953 0.027692307692307693 0.15384615384615385
1 0.676923076923077 0.49475524475524474 0.03076923076923077 0.17132867132867133
1 0.5638461538461539 0.493006993006993 0.026153846153846153 0.15384615384615385
1 0.5738461538461539 0.5 0.03076923076923077 0.18181818181818182
1 0.703076923076923 0.49475524475524474 0.033846153846153845 0.1993006993006993
1 0.7392307692307692 0.5 0.04461538461538461 0.24475524475524477
1 0.7930769230769231 0.5087412587412588 0.05076923076923077 0.28321678321678323
1 0.7684615384615384 0.49125874125874125 0.02923076923076923 0.16433566433566432
1 0.8084615384615385 0.49475524475524474 0.03538461538461538 0.1993006993006993
1 0.8715384615384615 0.4965034965034965 0.04153846153846154 0.23076923076923078
1 0.8938461538461538 0.4807692307692308 0.021538461538461538 0.12937062937062938
1 0.95 0.5034965034965035 0.047692307692307694 0.26573426573426573
1 0.9661538461538461 0.4825174825174825 0.024615384615384615 0.13986013986013987
1 0.8507692307692307 0.4825174825174825 0.024615384615384615 0.11188811188811189
1 0.9061538461538462 0.5104895104895105 0.024615384615384615 0.09090909090909091
1 0.4715384615384615 0.1346153846153846 0.05692307692307692 0.25524475524475526
