1 0.074 0.5877742946708464 0.148 0.6300940438871473
1 0.155 0.5752351097178683 0.046 0.18495297805642633
1 0.222 0.5721003134796238 0.1 0.3855799373040752
1 0.28600000000000003 0.5783699059561128 0.068 0.26018808777429464
1 0.401 0.5595611285266457 0.226 0.8620689655172413
1 0.504 0.5626959247648903 0.06 0.24137931034482757
1 0.532 0.5564263322884012 0.088 0.34169278996865204
1 0.594 0.567398119122257 0.04 0.1567398119122257
1 0.5640000000000001 0.5595611285266457 0.044 0.16614420062695925
1 0.648 0.5517241379310345 0.14 0.5454545454545454
1 0.764 0.5423197492163009 0.108 0.41379310344827586
1 0.849 0.5423197492163009 0.082 0.3134796238244514
1 0.904 0.554858934169279 0.064 0.2507836990595611
1 0.9560000000000001 0.5344827586206896 0.044 0.17241379310344826
1 0.984 0.5391849529780564 0.032 0.16927899686520376
