1 0.11545454545454545 0.5218579234972678 0.12545454545454546 0.4644808743169399
1 0.24909090909090909 0.5969945355191257 0.10181818181818182 0.3797814207650273
1 0.34454545454545454 0.5942622950819673 0.10727272727272727 0.39617486338797814
1 0.39 0.6202185792349727 0.07818181818181819 0.29508196721311475
1 0.46454545454545454 0.5969945355191257 0.07454545454545454 0.2814207650273224
1 0.5245454545454545 0.5915300546448088 0.14727272727272728 0.5437158469945356
1 0.5890909090909091 0.5478142076502732 0.07272727272727272 0.27049180327868855
1 0.6709090909090909 0.6366120218579235 0.10181818181818182 0.37158469945355194
1 0.64 0.51775956284153 0.06545454545454546 0.24316939890710382
1 0.7218181818181818 0.5150273224043715 0.05454545454545454 0.20491803278688525
1 0.8054545454545454 0.657103825136612 0.12363636363636364 0.4562841530054645
1 0.76 0.6639344262295082 0.10545454545454545 0.39344262295081966
1 0.86 0.6980874316939891 0.09454545454545454 0.3524590163934426
1 0.9627272727272728 0.674863387978142 0.07454545454545454 0.44808743169398907
1 0.42818181818181816 0.5150273224043715 0.04909090909090909 0.1830601092896175
1 0.37363636363636366 0.4453551912568306 0.03090909090909091 0.07650273224043716
1 0.5645454545454546 0.42486338797814205 0.02 0.05737704918032787
