1 0.03 0.5716666666666667 0.06 0.33666666666666667
1 0.085 0.4683333333333334 0.06 0.20333333333333334
1 0.11 0.62 0.115 0.3866666666666667
1 0.17500000000000002 0.5266666666666667 0.07 0.22666666666666668
1 0.26 0.5650000000000001 0.095 0.31
1 0.34 0.6083333333333334 0.11 0.36333333333333334
1 0.46875 0.5650000000000001 0.08750000000000001 0.2833333333333333
1 0.425 0.48000000000000004 0.06 0.19333333333333336
1 0.53 0.5333333333333333 0.06 0.2066666666666667
1 0.585 0.61 0.1 0.33333333333333337
1 0.66625 0.5700000000000001 0.0725 0.24666666666666667
1 0.7275 0.63 0.115 0.38
1 0.8125 0.6233333333333334 0.085 0.2733333333333334
1 0.9625 0.5916666666666667 0.075 0.2833333333333333
