1 0.17500000000000002 0.64625 0.03333333333333333 0.1275
1 0.19583333333333336 0.6375000000000001 0.045000000000000005 0.165
1 0.23333333333333334 0.63125 0.05 0.1925
1 0.2733333333333334 0.665 0.03666666666666667 0.135
1 0.35583333333333333 0.62 0.04833333333333334 0.185
1 0.375 0.585 0.04 0.15
1 0.39 0.58875 0.02666666666666667 0.10250000000000001
1 0.4058333333333334 0.64875 0.04166666666666667 0.1575
1 0.4391666666666667 0.59 0.03166666666666667 0.125
1 0.4716666666666667 0.6425 0.05666666666666667 0.20500000000000002
1 0.5316666666666667 0.6575 0.06333333333333334 0.24
1 0.5816666666666667 0.64375 0.06666666666666667 0.2525
1 0.6508333333333334 0.67625 0.07833333333333334 0.28750000000000003
1 0.3066666666666667 0.55875 0.02666666666666667 0.0975
1 0.3216666666666667 0.56 0.02 0.075
