1 0.9395796847635727 0.9024110218140069 0.03327495621716287 0.05510907003444317
1 0.9211908931698775 0.9001148105625718 0.03502626970227671 0.0574052812858783
1 0.8940455341506129 0.8978185993111366 0.03327495621716287 0.05281285878300804
1 0.8791593695271454 0.8966704936854191 0.03502626970227671 0.05970149253731343
1 0.8502626970227671 0.8938002296211252 0.01576182136602452 0.024110218140068886
1 0.8213660245183888 0.8949483352468427 0.014010507880910683 0.024110218140068886
1 0.7723292469352014 0.9535017221584386 0.03852889667250438 0.06314580941446614
1 0.7014010507880911 0.9276693455797934 0.05779334500875657 0.09414466130884042
1 0.6339754816112084 0.8955223880597015 0.017513134851138354 0.029850746268656716
1 0.5735551663747811 0.9098737083811711 0.03327495621716287 0.0539609644087256
1 0.5499124343257443 0.9070034443168772 0.03502626970227671 0.05970149253731343
1 0.43782837127845886 0.907577497129736 0.028021015761821366 0.04707233065442021
1 0.4133099824868651 0.9041331802525833 0.03152364273204904 0.0539609644087256
1 0.3555166374781086 0.9081515499425947 0.03502626970227671 0.05970149253731343
1 0.3274956217162872 0.9041331802525833 0.03502626970227671 0.05855338691159587
1 0.2968476357267951 0.9047072330654421 0.0297723292469352 0.04822043628013777
1 0.30998248686514884 0.9041331802525833 0.028021015761821366 0.04707233065442021
1 0.15674255691768826 0.9092996555683123 0.0297723292469352 0.05051664753157291
1 0.2180385288966725 0.947187141216992 0.06129597197898424 0.10103329506314582
1 0.26444833625218916 0.9454649827784156 0.06304728546409807 0.09988518943742825
1 0.05866900175131348 0.9041331802525833 0.02626970227670753 0.04247990815154994
1 0.08231173380035026 0.9052812858783008 0.024518388791593695 0.04247990815154994
1 0.9746059544658494 0.9437428243398392 0.050788091068301226 0.07347876004592423
1 0.6322241681260946 0.9477611940298508 0.05604203152364273 0.07003444316877153
1 0.45796847635726795 0.9540757749712974 0.050788091068301226 0.04362801377726751
1 0.38704028021015763 0.9563719862227326 0.05604203152364273 0.05510907003444317
1 0.08318739054290718 0.9380022962112514 0.02626970227670753 0.045924225028702644
1 0.13922942206654992 0.9374282433983927 0.043782837127845885 0.04247990815154994
1 0.7714535901926445 0.9098737083811711 0.0297723292469352 0.024110218140068886
