1 0.12 0.7657657657657657 0.08600000000000001 0.3153153153153153
1 0.1915 0.740990990990991 0.097 0.35585585585585583
1 0.2765 0.753003003003003 0.099 0.36486486486486486
1 0.3525 0.7312312312312312 0.121 0.44744744744744747
1 0.39 0.8153153153153153 0.074 0.27627627627627627
1 0.447 0.75 0.11 0.4039039039039039
1 0.497 0.7364864864864865 0.094 0.34384384384384387
1 0.551 0.728978978978979 0.11 0.4069069069069069
1 0.604 0.771021021021021 0.084 0.3108108108108108
1 0.716 0.7815315315315315 0.08600000000000001 0.31681681681681684
1 0.797 0.7747747747747747 0.09 0.3333333333333333
1 0.66 0.7545045045045045 0.068 0.24774774774774774
1 0.24 0.7387387387387387 0.09 0.3303303303303303
1 0.131 0.5548048048048048 0.02 0.05855855855855856
1 0.495 0.8986486486486487 0.158 0.17567567567567569
1 0.9745 0.6741741741741741 0.049 0.12012012012012012
1 0.9450000000000001 0.7072072072072072 0.042 0.12012012012012012
