1 0.10125 0.39711934156378603 0.0675 0.2674897119341564
1 0.2475 0.33539094650205764 0.03 0.11934156378600824
1 0.21 0.6337448559670782 0.17500000000000002 0.7078189300411524
1 0.30625 0.4320987654320988 0.0775 0.3209876543209877
1 0.34 0.37860082304526754 0.05 0.19753086419753088
1 0.41875 0.448559670781893 0.0825 0.34567901234567905
1 0.54 0.40534979423868317 0.065 0.2592592592592593
1 0.62125 0.42798353909465026 0.0825 0.34567901234567905
1 0.6687500000000001 0.4156378600823046 0.0725 0.29629629629629634
1 0.76875 0.5164609053497943 0.1125 0.45679012345679015
1 0.8975 0.448559670781893 0.08 0.32921810699588483
