1 0.915 0.465 0.16333333333333333 0.61
1 0.76 0.44 0.14 0.53
1 0.6533333333333333 0.4625 0.16666666666666669 0.605
1 0.5766666666666667 0.4475 0.16 0.595
1 0.43500000000000005 0.485 0.14333333333333334 0.54
1 0.31833333333333336 0.4675 0.15000000000000002 0.5650000000000001
1 0.2066666666666667 0.4675 0.15333333333333335 0.5750000000000001
1 0.115 0.49 0.15666666666666668 0.58
1 0.19333333333333336 0.59 0.12666666666666668 0.41000000000000003
1 0.2916666666666667 0.5975 0.07 0.395
1 0.3916666666666667 0.6175 0.11666666666666667 0.41500000000000004
1 0.48000000000000004 0.5825 0.12000000000000001 0.365
1 0.5750000000000001 0.5525 0.12333333333333334 0.395
1 0.7200000000000001 0.5675 0.14666666666666667 0.41500000000000004
1 0.8666666666666667 0.58 0.18000000000000002 0.42
