1 0.03 0.7951680672268907 0.04666666666666666 0.17857142857142858
1 0.07533333333333334 0.7878151260504201 0.04933333333333333 0.19747899159663865
1 0.12066666666666666 0.7867647058823529 0.05733333333333333 0.22478991596638653
1 0.16799999999999998 0.7762605042016807 0.05333333333333333 0.2079831932773109
1 0.19866666666666666 0.7878151260504201 0.050666666666666665 0.19327731092436973
1 0.23199999999999998 0.7762605042016807 0.05333333333333333 0.2079831932773109
1 0.27399999999999997 0.782563025210084 0.04666666666666666 0.1869747899159664
1 0.302 0.792016806722689 0.04666666666666666 0.18487394957983191
1 0.3333333333333333 0.7951680672268907 0.042666666666666665 0.17016806722689076
1 0.36133333333333334 0.8046218487394957 0.042666666666666665 0.1638655462184874
1 0.5706666666666667 0.8067226890756303 0.04 0.15546218487394958
1 0.6113333333333333 0.8056722689075629 0.04666666666666666 0.17857142857142858
1 0.6426666666666666 0.7983193277310924 0.04533333333333333 0.18067226890756302
1 0.6799999999999999 0.7857142857142857 0.05333333333333333 0.20588235294117646
1 0.7106666666666667 0.7878151260504201 0.05333333333333333 0.21008403361344538
1 0.7546666666666666 0.7878151260504201 0.050666666666666665 0.20168067226890757
1 0.8019999999999999 0.7930672268907563 0.052 0.1995798319327731
1 0.8393333333333333 0.792016806722689 0.052 0.20168067226890757
1 0.884 0.7972689075630252 0.05333333333333333 0.20378151260504201
1 0.9146666666666666 0.7930672268907563 0.050666666666666665 0.1995798319327731
1 0.9666666666666667 0.8004201680672268 0.048 0.18907563025210083
1 0.42133333333333334 0.7069327731092436 0.034666666666666665 0.13655462184873948
1 0.446 0.6995798319327731 0.03866666666666667 0.15126050420168066
1 0.4746666666666666 0.7048319327731092 0.04533333333333333 0.17857142857142858
1 0.5106666666666666 0.6974789915966386 0.04 0.15966386554621848
1 0.5459999999999999 0.7153361344537815 0.04133333333333333 0.15756302521008403
1 0.574 0.7048319327731092 0.04133333333333333 0.16176470588235292
1 0.29 0.6502100840336135 0.03866666666666667 0.14915966386554622
1 0.322 0.6418067226890756 0.028 0.11554621848739495
1 0.344 0.6460084033613445 0.034666666666666665 0.13655462184873948
1 0.4066666666666667 0.8098739495798319 0.048 0.1533613445378151
1 0.4473333333333333 0.8308823529411764 0.044 0.12394957983193276
1 0.488 0.8308823529411764 0.03733333333333333 0.1533613445378151
1 0.52 0.819327731092437 0.048 0.13865546218487396
