1 0.3522222222222222 0.43333333333333335 0.1711111111111111 0.6333333333333334
1 0.03666666666666667 0.41000000000000003 0.05555555555555555 0.2066666666666667
1 0.07222222222222222 0.4216666666666667 0.04666666666666667 0.18333333333333335
1 0.14333333333333334 0.4216666666666667 0.05555555555555555 0.21000000000000002
1 0.18888888888888888 0.42333333333333334 0.035555555555555556 0.13333333333333333
1 0.2288888888888889 0.42000000000000004 0.044444444444444446 0.16666666666666669
1 0.41555555555555557 0.4166666666666667 0.07555555555555556 0.28
1 0.59 0.42833333333333334 0.03777777777777778 0.14333333333333334
1 0.6466666666666666 0.4366666666666667 0.03111111111111111 0.12666666666666668
1 0.7188888888888889 0.42500000000000004 0.03777777777777778 0.15000000000000002
1 0.7533333333333333 0.4266666666666667 0.035555555555555556 0.14
1 0.7688888888888888 0.4266666666666667 0.044444444444444446 0.16666666666666669
1 0.8488888888888889 0.42500000000000004 0.06222222222222222 0.2366666666666667
1 0.8288888888888889 0.43500000000000005 0.04888888888888889 0.19
1 0.9 0.42833333333333334 0.044444444444444446 0.16333333333333333
1 0.9566666666666667 0.45 0.05555555555555555 0.21333333333333335
1 0.48444444444444446 0.4666666666666667 0.06666666666666667 0.19333333333333336
