1 0.08 0.6743772241992882 0.10400000000000001 0.4590747330960854
1 0.151 0.7241992882562277 0.09 0.40213523131672596
1 0.225 0.7081850533807829 0.058 0.25622775800711745
1 0.257 0.702846975088968 0.106 0.4590747330960854
1 0.315 0.7117437722419928 0.098 0.4270462633451957
1 0.438 0.7064056939501779 0.096 0.42348754448398573
1 0.47600000000000003 0.7081850533807829 0.084 0.36298932384341637
1 0.561 0.6903914590747331 0.094 0.4199288256227758
1 0.584 0.7064056939501779 0.096 0.42348754448398573
1 0.635 0.7135231316725978 0.10200000000000001 0.45195729537366547
1 0.674 0.7099644128113879 0.088 0.3879003558718861
1 0.787 0.701067615658363 0.098 0.43416370106761565
1 0.839 0.7313167259786476 0.082 0.3665480427046263
1 0.9 0.7277580071174377 0.092 0.40213523131672596
1 0.9510000000000001 0.693950177935943 0.098 0.4483985765124555
1 0.967 0.7046263345195729 0.066 0.48398576512455516
1 0.026000000000000002 0.697508896797153 0.052000000000000005 0.3558718861209964
1 0.044 0.6797153024911031 0.07200000000000001 0.31316725978647686
1 0.601 0.5302491103202847 0.022 0.08540925266903915
1 0.923 0.5729537366548042 0.034 0.08540925266903915
