1 0.060625 0.801707779886148 0.06875 0.25996204933586337
1 0.095 0.7760910815939279 0.0575 0.22011385199240988
1 0.12687500000000002 0.7561669829222012 0.05625 0.20683111954459205
1 0.165 0.7305502846299811 0.0475 0.18216318785578747
1 0.26625 0.7855787476280836 0.06 0.22770398481973436
1 0.294375 0.7798861480075902 0.058750000000000004 0.22011385199240988
1 0.49625 0.801707779886148 0.0775 0.2865275142314991
1 0.47250000000000003 0.752371916508539 0.0475 0.17647058823529413
1 0.58875 0.752371916508539 0.055 0.20683111954459205
1 0.62 0.7760910815939279 0.06 0.22770398481973436
1 0.6725 0.793168880455408 0.07 0.2618595825426945
1 0.73625 0.7447817836812144 0.0475 0.17647058823529413
1 0.7518750000000001 0.75426944971537 0.05375 0.19924098671726756
1 0.81125 0.7760910815939279 0.06 0.2239089184060721
1 0.873125 0.7979127134724858 0.05625 0.21062618595825428
1 0.91625 0.7694497153700189 0.0525 0.19924098671726756
1 0.964375 0.7912713472485768 0.05625 0.2125237191650854
