1 0.08 0.6408114558472554 0.16 0.6945107398568019
1 0.10250000000000001 0.6205250596658711 0.20500000000000002 0.7398568019093079
1 0.16583333333333333 0.5 0.10166666666666667 0.3556085918854415
1 0.2016666666666667 0.5095465393794749 0.08666666666666667 0.3031026252983294
1 0.27666666666666667 0.60381861575179 0.22 0.7732696897374702
1 0.35833333333333334 0.6109785202863962 0.2066666666666667 0.730310262529833
1 0.47500000000000003 0.60381861575179 0.2066666666666667 0.7255369928400955
1 0.5950000000000001 0.5990453460620525 0.22 0.7684964200477328
1 0.7016666666666667 0.6121718377088305 0.18666666666666668 0.6610978520286397
1 0.8116666666666668 0.5799522673031027 0.23 0.8066825775656324
1 0.895 0.6384248210023866 0.18666666666666668 0.6515513126491647
1 0.9416666666666668 0.6157517899761337 0.11666666666666667 0.7064439140811456
1 0.1275 0.22195704057279236 0.035 0.12410501193317423
1 0.14750000000000002 0.2171837708830549 0.03833333333333334 0.13365155131264916
1 0.18083333333333335 0.25298329355608595 0.055 0.19093078758949883
1 0.04666666666666667 0.25059665871121717 0.030000000000000002 0.10501193317422435
1 0.4733333333333334 0.22673031026252985 0.03666666666666667 0.1288782816229117
1 0.53 0.24821002386634847 0.03666666666666667 0.13365155131264916
1 0.5775 0.07875894988066826 0.03166666666666667 0.11933174224343676
1 0.7575000000000001 0.15513126491646778 0.035 0.12410501193317423
1 0.36250000000000004 0.23866348448687352 0.04166666666666667 0.06682577565632458
1 0.6166666666666667 0.2398568019093079 0.016666666666666666 0.0405727923627685
1 0.6633333333333333 0.2315035799522673 0.03333333333333333 0.06205250596658712
1 0.7083333333333334 0.21121718377088305 0.03333333333333333 0.08353221957040573
1 0.8650000000000001 0.21479713603818618 0.05 0.09546539379474941
1 0.9641666666666667 0.21479713603818618 0.04833333333333334 0.057279236276849645
1 0.5083333333333334 0.18377088305489261 0.023333333333333334 0.05250596658711217
