1 0.11093750000000001 0.3596698113207547 0.07187500000000001 0.2712264150943396
1 0.15625 0.2983490566037736 0.053125000000000006 0.19575471698113206
1 0.08125 0.27594339622641506 0.053125000000000006 0.1981132075471698
1 0.25703125 0.4917452830188679 0.18906250000000002 0.695754716981132
1 0.44609375 0.5483490566037735 0.1703125 0.625
1 0.36015625 0.20754716981132074 0.0421875 0.15566037735849056
1 0.27421875 0.18160377358490565 0.035937500000000004 0.13679245283018868
1 0.6234375000000001 0.5636792452830188 0.153125 0.570754716981132
1 0.8382812500000001 0.5153301886792453 0.18281250000000002 0.6768867924528301
1 0.95234375 0.3761792452830188 0.09531250000000001 0.5212264150943396
1 0.59765625 0.36910377358490565 0.1078125 0.39858490566037735
1 0.728125 0.21698113207547168 0.05625 0.2122641509433962
1 0.5875 0.22287735849056603 0.053125000000000006 0.20047169811320753
1 0.40078125000000003 0.23231132075471697 0.0234375 0.09198113207547169
