1 0.7316666666666667 0.65375 0.12000000000000001 0.4375
1 0.5916666666666667 0.645 0.11666666666666667 0.43
1 0.6508333333333334 0.65 0.08833333333333333 0.33
1 0.5366666666666667 0.63625 0.07666666666666667 0.28750000000000003
1 0.5058333333333334 0.63125 0.07833333333333334 0.28750000000000003
1 0.44833333333333336 0.64125 0.07333333333333333 0.2675
1 0.4216666666666667 0.6375000000000001 0.06666666666666667 0.245
1 0.3441666666666667 0.6375000000000001 0.095 0.355
1 0.29000000000000004 0.64 0.09000000000000001 0.33
1 0.24916666666666668 0.63625 0.08833333333333333 0.3225
1 0.22166666666666668 0.64375 0.07666666666666667 0.28750000000000003
1 0.195 0.635 0.07333333333333333 0.275
1 0.16083333333333336 0.64 0.06166666666666667 0.23500000000000001
1 0.14833333333333334 0.63625 0.06333333333333334 0.23750000000000002
1 0.11916666666666667 0.64875 0.055 0.2025
1 0.08416666666666667 0.635 0.04833333333333334 0.18
1 0.06916666666666667 0.63375 0.045000000000000005 0.17250000000000001
1 0.0325 0.635 0.065 0.275
