1 0.10400000000000001 0.6807228915662651 0.164 0.6024096385542169
1 0.161 0.6099397590361446 0.08600000000000001 0.32228915662650603
1 0.273 0.6822289156626506 0.14200000000000002 0.5271084337349398
1 0.34900000000000003 0.6882530120481928 0.146 0.5391566265060241
1 0.446 0.6987951807228916 0.14400000000000002 0.536144578313253
1 0.654 0.6566265060240964 0.148 0.5421686746987953
1 0.58 0.5572289156626506 0.068 0.25903614457831325
1 0.927 0.6807228915662651 0.146 0.6144578313253012
1 0.768 0.5572289156626506 0.06 0.22891566265060243
1 0.8180000000000001 0.549698795180723 0.056 0.20783132530120482
1 0.717 0.588855421686747 0.082 0.3102409638554217
1 0.512 0.5783132530120483 0.068 0.25903614457831325
