1 0.07100000000000001 0.6156156156156156 0.134 0.4984984984984985
1 0.147 0.6141141141141141 0.146 0.5375375375375375
1 0.183 0.6141141141141141 0.13 0.48348348348348347
1 0.222 0.6336336336336337 0.096 0.36036036036036034
1 0.307 0.6096096096096096 0.15 0.5465465465465466
1 0.375 0.6261261261261262 0.13 0.4774774774774775
1 0.504 0.6156156156156156 0.128 0.4744744744744745
1 0.589 0.6066066066066066 0.146 0.5405405405405406
1 0.73 0.6081081081081081 0.14400000000000002 0.5375375375375375
1 0.794 0.6036036036036035 0.14400000000000002 0.5345345345345345
1 0.856 0.6051051051051051 0.152 0.5675675675675675
1 0.908 0.5930930930930931 0.124 0.45345345345345345
1 0.96 0.6426426426426426 0.08 0.3663663663663664
