1 0.245 0.4894894894894895 0.066 0.24024024024024024
1 0.301 0.49099099099099097 0.07 0.26726726726726724
1 0.339 0.5045045045045045 0.07 0.26426426426426425
1 0.373 0.5015015015015015 0.074 0.2702702702702703
1 0.711 0.44594594594594594 0.026000000000000002 0.10510510510510511
1 0.733 0.4444444444444444 0.026000000000000002 0.0960960960960961
1 0.754 0.4519519519519519 0.036000000000000004 0.13513513513513514
1 0.785 0.46546546546546547 0.046 0.16816816816816815
1 0.852 0.45045045045045046 0.044 0.16816816816816815
1 0.921 0.5930930930930931 0.158 0.6396396396396397
1 0.9420000000000001 0.56006006006006 0.116 0.5375375375375375
1 0.509 0.5105105105105106 0.15 0.5465465465465466
