1 0.296 0.49393939393939396 0.264 0.9818181818181818
1 0.435 0.6166666666666667 0.194 0.7181818181818181
1 0.926 0.6590909090909091 0.148 0.6454545454545455
1 0.836 0.5348484848484848 0.20800000000000002 0.7666666666666667
1 0.765 0.6227272727272727 0.15 0.5545454545454546
1 0.732 0.5393939393939394 0.132 0.49696969696969695
1 0.659 0.5484848484848485 0.17 0.6363636363636364
1 0.612 0.5257575757575758 0.17200000000000001 0.6333333333333333
1 0.551 0.593939393939394 0.11800000000000001 0.43636363636363634
1 0.499 0.55 0.13 0.48787878787878786
1 0.025 0.5863636363636363 0.046 0.17272727272727273
1 0.05 0.5863636363636363 0.04 0.15454545454545454
1 0.083 0.5893939393939394 0.05 0.18484848484848485
1 0.111 0.593939393939394 0.05 0.18787878787878787
1 0.14200000000000002 0.5590909090909091 0.068 0.2515151515151515
1 0.166 0.5893939393939394 0.056 0.20909090909090908
1 0.9510000000000001 0.31363636363636366 0.078 0.19090909090909092
1 0.875 0.4121212121212121 0.08600000000000001 0.12727272727272726
1 0.783 0.33181818181818185 0.054 0.1
1 0.375 0.3606060606060606 0.026000000000000002 0.09090909090909091
1 0.4 0.35 0.036000000000000004 0.06363636363636363
1 0.04 0.48333333333333334 0.048 0.08181818181818182
1 0.08600000000000001 0.4772727272727273 0.028 0.051515151515151514
1 0.182 0.47575757575757577 0.032 0.05454545454545454
