1 0.08024691358024691 0.625 0.1111111111111111 0.6954545454545454
1 0.12962962962962962 0.65 0.10758377425044091 0.6818181818181818
1 0.20105820105820105 0.6772727272727272 0.09876543209876543 0.6363636363636364
1 0.35537918871252205 0.6454545454545454 0.10405643738977072 0.6545454545454545
1 0.5238095238095237 0.6272727272727272 0.1128747795414462 0.7181818181818181
1 0.44885361552028213 0.5977272727272727 0.07936507936507936 0.5136363636363636
1 0.6084656084656084 0.6204545454545454 0.09876543209876543 0.6227272727272727
1 0.6437389770723103 0.6636363636363636 0.10582010582010581 0.6636363636363636
1 0.691358024691358 0.575 0.07760141093474426 0.48636363636363633
1 0.7416225749559082 0.6113636363636363 0.09700176366843033 0.6227272727272727
1 0.7927689594356261 0.5659090909090909 0.08994708994708994 0.5772727272727273
1 0.8324514991181657 0.6704545454545454 0.10229276895943562 0.65
1 0.8783068783068783 0.5659090909090909 0.09171075837742504 0.5772727272727273
1 0.9091710758377425 0.5977272727272727 0.08641975308641975 0.5409090909090909
1 0.9620811287477954 0.6159090909090909 0.07583774250440917 0.7045454545454545
1 0.25044091710758376 0.2863636363636364 0.03527336860670194 0.13636363636363635
