1 0.09444444444444444 0.7983651226158038 0.040740740740740744 0.14713896457765668
1 0.11851851851851852 0.8010899182561307 0.03333333333333333 0.12534059945504086
1 0.14444444444444446 0.7847411444141689 0.02962962962962963 0.11444141689373297
1 0.47685185185185186 0.8283378746594006 0.024074074074074074 0.09264305177111716
1 0.5083333333333333 0.8119891008174387 0.03888888888888889 0.1416893732970027
1 0.5416666666666667 0.8283378746594006 0.031481481481481485 0.11989100817438691
1 0.5814814814814815 0.8256130790190735 0.037037037037037035 0.1307901907356948
1 0.6518518518518519 0.8433242506811989 0.018518518518518517 0.07356948228882834
1 0.6277777777777778 0.829700272479564 0.014814814814814815 0.05722070844686648
1 0.662962962962963 0.8215258855585831 0.014814814814814815 0.051771117166212535
1 0.7194444444444444 0.8392370572207084 0.020370370370370372 0.07084468664850135
1 0.7814814814814816 0.8433242506811989 0.022222222222222223 0.07901907356948229
1 0.8083333333333333 0.8446866485013623 0.016666666666666666 0.0653950953678474
1 0.837037037037037 0.8351498637602179 0.018518518518518517 0.06811989100817438
1 0.8703703703703703 0.8242506811989101 0.018518518518518517 0.06811989100817438
1 0.9009259259259259 0.8460490463215259 0.020370370370370372 0.07356948228882834
