1 0.038 0.5953177257525083 0.076 0.41471571906354515
1 0.09 0.6003344481605352 0.108 0.44481605351170567
1 0.167 0.588628762541806 0.098 0.4013377926421405
1 0.259 0.5953177257525083 0.098 0.4013377926421405
1 0.357 0.5468227424749164 0.162 0.6722408026755853
1 0.423 0.5785953177257525 0.134 0.5484949832775919
1 0.5 0.5451505016722408 0.136 0.5618729096989966
1 0.717 0.5518394648829431 0.15 0.6086956521739131
1 0.783 0.5551839464882943 0.10200000000000001 0.4214046822742475
1 0.878 0.5819397993311036 0.092 0.3745819397993311
1 0.9510000000000001 0.560200668896321 0.098 0.42474916387959866
1 0.968 0.5501672240802675 0.064 0.3979933110367893
1 0.617 0.36622073578595316 0.114 0.21070234113712374
