1 0.596 0.610655737704918 0.18 0.6038251366120219
1 0.492 0.5505464480874317 0.152 0.5163934426229508
1 0.369 0.6174863387978142 0.162 0.546448087431694
1 0.402 0.505464480874317 0.136 0.453551912568306
1 0.6990000000000001 0.5409836065573771 0.162 0.546448087431694
1 0.8250000000000001 0.505464480874317 0.13 0.4426229508196721
1 0.93 0.45901639344262296 0.10400000000000001 0.3551912568306011
1 0.23 0.38114754098360654 0.08 0.27049180327868855
1 0.11 0.639344262295082 0.20800000000000002 0.6994535519125683
1 0.149 0.4166666666666667 0.09 0.30327868852459017
1 0.303 0.34972677595628415 0.078 0.2677595628415301
1 0.965 0.48633879781420764 0.07 0.41530054644808745
1 0.893 0.42349726775956287 0.11 0.3770491803278688
1 0.06 0.7486338797814208 0.116 0.4808743169398907
1 0.033 0.3825136612021858 0.062 0.20765027322404372
1 0.43 0.3292349726775956 0.068 0.16120218579234974
1 0.543 0.31420765027322406 0.078 0.14207650273224043
1 0.502 0.27595628415300544 0.048 0.06557377049180328
1 0.47600000000000003 0.2786885245901639 0.032 0.0546448087431694
1 0.535 0.24316939890710382 0.034 0.0546448087431694
