1 0.5081818181818182 0.723433242506812 0.14727272727272728 0.547683923705722
1 0.14727272727272728 0.7397820163487738 0.12363636363636364 0.44959128065395093
1 0.038181818181818185 0.7384196185286104 0.07636363636363637 0.5068119891008174
1 0.24272727272727274 0.6989100817438691 0.09636363636363636 0.3623978201634877
1 0.3054545454545455 0.6730245231607629 0.08363636363636363 0.30517711171662126
1 0.33545454545454545 0.656675749318801 0.07090909090909091 0.2615803814713896
1 0.9354545454545454 0.7384196185286104 0.1290909090909091 0.5013623978201635
1 0.8327272727272728 0.7329700272479563 0.11636363636363636 0.4250681198910082
1 0.7863636363636364 0.7057220708446866 0.1 0.3651226158038147
1 0.7318181818181818 0.670299727520436 0.07818181818181819 0.29427792915531337
1 0.5136363636363637 0.35013623978201636 0.02727272727272727 0.12261580381471389
