1 0.24000000000000002 0.5311111111111111 0.07 0.22666666666666666
1 0.9308333333333334 0.5577777777777778 0.13833333333333334 0.4888888888888889
1 0.8700000000000001 0.5277777777777778 0.08 0.26
1 0.8191666666666667 0.5255555555555556 0.07500000000000001 0.2511111111111111
1 0.7741666666666667 0.5222222222222223 0.07166666666666667 0.24
1 0.7308333333333333 0.5244444444444445 0.07166666666666667 0.23555555555555555
1 0.6883333333333334 0.5255555555555556 0.07 0.2288888888888889
1 0.6583333333333333 0.5277777777777778 0.06666666666666667 0.22
1 0.6233333333333334 0.52 0.06666666666666667 0.2222222222222222
1 0.5933333333333334 0.5166666666666667 0.06666666666666667 0.21555555555555556
1 0.5616666666666666 0.5122222222222222 0.07 0.2288888888888889
1 0.5208333333333334 0.5277777777777778 0.058333333333333334 0.18888888888888888
1 0.5041666666666667 0.5122222222222222 0.065 0.21555555555555556
1 0.47250000000000003 0.5155555555555555 0.06166666666666667 0.20444444444444446
1 0.44833333333333336 0.5033333333333333 0.06666666666666667 0.22
1 0.42333333333333334 0.49444444444444446 0.06666666666666667 0.22444444444444445
1 0.39416666666666667 0.4955555555555556 0.065 0.21777777777777776
1 0.3541666666666667 0.5055555555555555 0.058333333333333334 0.19777777777777777
1 0.33333333333333337 0.5022222222222222 0.060000000000000005 0.2
1 0.31083333333333335 0.5022222222222222 0.058333333333333334 0.19555555555555557
1 0.2816666666666667 0.5055555555555555 0.05666666666666667 0.18444444444444444
1 0.27166666666666667 0.38333333333333336 0.013333333333333334 0.051111111111111114
1 0.22666666666666668 0.38333333333333336 0.013333333333333334 0.04666666666666667
1 0.3325 0.38222222222222224 0.015000000000000001 0.04888888888888889
1 0.3716666666666667 0.38555555555555554 0.01 0.03777777777777778
1 0.11 0.38 0.016666666666666666 0.06222222222222222
1 0.008333333333333333 0.37777777777777777 0.016666666666666666 0.057777777777777775
1 0.15583333333333335 0.4866666666666667 0.055 0.18666666666666668
1 0.16583333333333333 0.5077777777777778 0.04833333333333334 0.15777777777777777
1 0.18583333333333335 0.5088888888888888 0.04833333333333334 0.16
1 0.0175 0.4911111111111111 0.035 0.16
1 0.04583333333333334 0.48777777777777775 0.05166666666666667 0.16666666666666666
1 0.07583333333333334 0.4911111111111111 0.04833333333333334 0.16
1 0.14166666666666666 0.48777777777777775 0.05 0.16666666666666666
1 0.2041666666666667 0.5044444444444445 0.03166666666666667 0.1688888888888889
