1 0.151875 0.5747663551401869 0.15625 0.5700934579439253
1 0.211875 0.5355140186915888 0.11375 0.41682242990654206
1 0.28250000000000003 0.5130841121495328 0.105 0.383177570093458
1 0.323125 0.49065420560747663 0.08375 0.30841121495327106
1 0.3925 0.47476635514018695 0.08 0.29158878504672897
1 0.436875 0.4485981308411215 0.06875 0.25794392523364484
1 0.579375 0.4523364485981309 0.06625 0.24672897196261684
1 0.671875 0.4822429906542056 0.08375 0.3102803738317757
1 0.728125 0.5214953271028038 0.10625 0.38878504672897196
1 0.7937500000000001 0.5532710280373832 0.1225 0.4523364485981309
1 0.8225 0.45700934579439256 0.0675 0.25233644859813087
1 0.93625 0.4757009345794393 0.085 0.3121495327102804
1 0.96875 0.5074766355140187 0.0625 0.36074766355140186
1 0.6825 0.42336448598130844 0.0375 0.1925233644859813
1 0.46 0.2738317757009346 0.045 0.12897196261682242
1 0.05 0.5037383177570094 0.1 0.08411214953271029
1 0.49625 0.4738317757009346 0.1 0.09906542056074767
1 0.615 0.48598130841121495 0.05 0.10841121495327104
1 0.868125 0.48785046728971965 0.07625 0.09345794392523366
