1 0.30234375 0.8024618991793668 0.0671875 0.24970691676436105
1 0.39882812500000003 0.8147713950762016 0.057031250000000006 0.20867526377491205
1 0.475390625 0.7936694021101992 0.055468750000000004 0.2039859320046893
1 0.5144531250000001 0.8083235638921453 0.06484375 0.2379835873388042
1 0.5625 0.8042203985932004 0.0546875 0.2039859320046893
1 0.591015625 0.8264947245017584 0.06015625 0.22039859320046892
1 0.6578125 0.8100820633059789 0.0546875 0.19929660023446658
1 0.69140625 0.8194607268464243 0.060937500000000006 0.22508792497069166
1 0.7117187500000001 0.8141852286049237 0.053125000000000006 0.19343493552168814
1 0.775390625 0.8300117233294255 0.057031250000000006 0.20867526377491205
1 0.747265625 0.8012895662368112 0.047656250000000004 0.17702227432590856
1 0.18476562500000002 0.8177022274325908 0.055468750000000004 0.20750293083235638
1 0.11953125 0.8030480656506447 0.065625 0.24150058616647127
1 0.031640625 0.8552168815943727 0.06328125 0.2778429073856975
1 0.625 0.7883939038686987 0.051562500000000004 0.19109026963657677
1 0.80390625 0.8165298944900351 0.053125000000000006 0.19343493552168814
1 0.83203125 0.8270808909730363 0.0578125 0.2145369284876905
1 0.880078125 0.8124267291910902 0.05078125 0.1899179366940211
1 0.9339843750000001 0.8259085580304806 0.057031250000000006 0.20984759671746775
1 0.9203125000000001 0.8030480656506447 0.05 0.18288393903868697
1 0.977734375 0.8147713950762016 0.04453125 0.1969519343493552
