1 0.607638888888889 0.8513215859030838 0.0625 0.24889867841409694
1 0.07222222222222223 0.8039647577092511 0.0638888888888889 0.24669603524229078
1 0.13402777777777777 0.6453744493392071 0.04583333333333334 0.1762114537444934
1 0.17916666666666667 0.6420704845814978 0.05 0.19603524229074892
1 0.21944444444444444 0.6464757709251102 0.044444444444444446 0.17400881057268724
1 0.27083333333333337 0.6387665198237886 0.04722222222222222 0.18942731277533043
1 0.32708333333333334 0.6354625550660794 0.051388888888888894 0.20044052863436126
1 0.43472222222222223 0.6949339207048458 0.05 0.20044052863436126
1 0.5083333333333333 0.6409691629955948 0.05 0.19383259911894274
1 0.43194444444444446 0.6079295154185023 0.05 0.19823788546255508
1 0.5798611111111112 0.61784140969163 0.043055555555555555 0.1696035242290749
1 0.5701388888888889 0.6806167400881058 0.04583333333333334 0.18502202643171808
1 0.6666666666666667 0.6993392070484582 0.05277777777777778 0.20484581497797358
1 0.6916666666666667 0.682819383259912 0.04722222222222222 0.18502202643171808
1 0.6736111111111112 0.6420704845814978 0.04722222222222222 0.1828193832599119
1 0.7270833333333334 0.7004405286343613 0.04861111111111111 0.19383259911894274
1 0.7715277777777778 0.7004405286343613 0.04861111111111111 0.19383259911894274
1 0.7236111111111111 0.6343612334801763 0.05 0.19823788546255508
1 0.7715277777777778 0.6387665198237886 0.04861111111111111 0.18942731277533043
1 0.8520833333333334 0.7059471365638768 0.05416666666666667 0.21365638766519826
1 0.8222222222222223 0.7147577092511014 0.04722222222222222 0.18722466960352424
1 0.8902777777777778 0.7081497797356829 0.05277777777777778 0.20484581497797358
1 0.9361111111111111 0.710352422907489 0.05 0.19603524229074892
1 0.11319444444444444 0.73568281938326 0.04027777777777778 0.11013215859030838
1 0.8493055555555555 0.6068281938325992 0.043055555555555555 0.08590308370044053
