1 0.2734375 0.5194444444444445 0.215625 0.9500000000000001
1 0.690625 0.3611111111111111 0.1125 0.5
1 0.7109375 0.35000000000000003 0.12187500000000001 0.5333333333333333
1 0.7781250000000001 0.35833333333333334 0.11875000000000001 0.5277777777777778
1 0.5906250000000001 0.35000000000000003 0.10625000000000001 0.4666666666666667
1 0.58125 0.26944444444444443 0.05 0.21666666666666667
1 0.534375 0.3416666666666667 0.10625000000000001 0.47222222222222227
1 0.4859375 0.3611111111111111 0.09062500000000001 0.4
1 0.42031250000000003 0.34444444444444444 0.084375 0.37777777777777777
1 0.8562500000000001 0.38333333333333336 0.125 0.5555555555555556
1 0.9140625 0.3666666666666667 0.134375 0.6
1 0.9593750000000001 0.36944444444444446 0.08125 0.5944444444444444
1 0.309375 0.2777777777777778 0.0625 0.2111111111111111
