1 0.03958333333333333 0.5555555555555556 0.07916666666666666 0.32222222222222224
1 0.2 0.6111111111111112 0.10833333333333334 0.35555555555555557
1 0.21875 0.5333333333333333 0.07916666666666666 0.26666666666666666
1 0.3208333333333333 0.5083333333333333 0.075 0.2388888888888889
1 0.37083333333333335 0.5666666666666667 0.09166666666666666 0.3
1 0.39791666666666664 0.49444444444444446 0.07083333333333333 0.23333333333333334
1 0.47291666666666665 0.6527777777777778 0.12916666666666665 0.4277777777777778
1 0.58125 0.6055555555555556 0.1125 0.37777777777777777
1 0.6458333333333334 0.5750000000000001 0.1 0.3277777777777778
1 0.7020833333333333 0.5388888888888889 0.0875 0.2888888888888889
1 0.8479166666666667 0.7194444444444444 0.15416666666666667 0.5055555555555555
1 0.5458333333333333 0.513888888888889 0.075 0.25
1 0.8958333333333334 0.638888888888889 0.13333333333333333 0.43333333333333335
1 0.9208333333333333 0.6 0.11666666666666667 0.37777777777777777
