1 0.065 0.6490963855421688 0.07 0.2560240963855422
1 0.129 0.6566265060240964 0.07 0.25903614457831325
1 0.185 0.6596385542168675 0.062 0.23493975903614459
1 0.243 0.6701807228915663 0.062 0.22590361445783133
1 0.293 0.6626506024096386 0.07 0.25903614457831325
1 0.35100000000000003 0.658132530120482 0.07 0.2560240963855422
1 0.41300000000000003 0.6626506024096386 0.066 0.2530120481927711
1 0.46900000000000003 0.658132530120482 0.07 0.2560240963855422
1 0.538 0.6641566265060241 0.068 0.2560240963855422
1 0.597 0.6671686746987953 0.066 0.25
1 0.663 0.661144578313253 0.07 0.2680722891566265
1 0.726 0.674698795180723 0.068 0.2530120481927711
1 0.788 0.6671686746987953 0.068 0.2560240963855422
1 0.858 0.6762048192771085 0.068 0.25
