1 0.6962890625 0.3938802083333333 0.056640625 0.18489583333333331
1 0.7373046875 0.38671875 0.0546875 0.1796875
1 0.76171875 0.3567708333333333 0.0712890625 0.23177083333333331
1 0.781982421875 0.4007161458333333 0.05322265625 0.17513020833333331
1 0.826416015625 0.4104817708333333 0.04443359375 0.146484375
1 0.840576171875 0.349609375 0.07275390625 0.23828125
1 0.879150390625 0.3557942708333333 0.06103515625 0.19856770833333331
1 0.907470703125 0.341796875 0.05029296875 0.16536458333333331
1 0.9375 0.3388671875 0.052734375 0.17252604166666666
1 0.9814453125 0.2825520833333333 0.037109375 0.20442708333333331
1 0.060791015625 0.07356770833333333 0.02978515625 0.09635416666666666
1 0.088134765625 0.4287109375 0.05322265625 0.173828125
1 0.13427734375 0.3274739583333333 0.0380859375 0.12630208333333331
1 0.185546875 0.32291666666666663 0.04296875 0.14192708333333331
1 0.2421875 0.3017578125 0.0458984375 0.150390625
1 0.269775390625 0.3167317708333333 0.03662109375 0.119140625
1 0.361083984375 0.35904947916666663 0.03369140625 0.111328125
1 0.366943359375 0.2978515625 0.02978515625 0.09700520833333333
1 0.349609375 0.2958984375 0.02734375 0.09049479166666666
1 0.30810546875 0.3017578125 0.0390625 0.12825520833333331
1 0.3876953125 0.2874348958333333 0.021484375 0.07096354166666666
1 0.406982421875 0.2841796875 0.02587890625 0.08528645833333333
1 0.4033203125 0.30924479166666663 0.01953125 0.06510416666666666
1 0.275146484375 0.3059895833333333 0.03955078125 0.13020833333333331
1 0.580078125 0.26822916666666663 0.01171875 0.0390625
1 0.574951171875 0.2766927083333333 0.00927734375 0.029947916666666664
1 0.573486328125 0.2646484375 0.01513671875 0.048828125
1 0.546875 0.26725260416666663 0.0146484375 0.05013020833333333
1 0.297607421875 0.3645833333333333 0.04052734375 0.11458333333333333
1 0.3388671875 0.36295572916666663 0.0478515625 0.111328125
1 0.397216796875 0.38736979166666663 0.04052734375 0.05208333333333333
1 0.446533203125 0.3486328125 0.02978515625 0.103515625
1 0.469482421875 0.3450520833333333 0.03466796875 0.0859375
1 0.5400390625 0.28092447916666663 0.01171875 0.016276041666666664
