1 0.7616666666666667 0.6125 0.20333333333333334 0.745
1 0.7075 0.55125 0.13833333333333334 0.5075000000000001
1 0.6608333333333334 0.45875 0.08833333333333333 0.3225
1 0.41500000000000004 0.58 0.16333333333333333 0.605
1 0.4891666666666667 0.5175 0.12833333333333335 0.47500000000000003
1 0.3375 0.4975 0.09833333333333334 0.36
1 0.28583333333333333 0.485 0.085 0.315
1 0.19583333333333336 0.5375 0.11166666666666668 0.41000000000000003
1 0.155 0.49375 0.1 0.3675
1 0.02666666666666667 0.42125 0.05333333333333334 0.2425
1 0.9733333333333334 0.4275 0.05333333333333334 0.20500000000000002
1 0.9325000000000001 0.44375000000000003 0.07833333333333334 0.2925
1 0.8766666666666667 0.46 0.07333333333333333 0.27
1 0.5958333333333333 0.44 0.065 0.245
1 0.23500000000000001 0.43375 0.05 0.1925
1 0.09250000000000001 0.36625 0.045000000000000005 0.1625
