1 0.034057971014492754 0.6157205240174672 0.06811594202898551 0.3799126637554585
1 0.09347826086956522 0.48580786026200873 0.07681159420289856 0.28602620087336245
1 0.1644927536231884 0.5927947598253275 0.08840579710144927 0.32532751091703055
1 0.23550724637681159 0.6353711790393013 0.10579710144927536 0.38864628820960695
1 0.2920289855072464 0.5775109170305677 0.08260869565217391 0.3078602620087336
1 0.3869565217391304 0.6146288209606987 0.09565217391304348 0.35152838427947597
1 0.45217391304347826 0.6441048034934498 0.1536231884057971 0.5633187772925764
1 0.5166666666666667 0.6604803493449781 0.10289855072463769 0.38209606986899564
1 0.5623188405797102 0.5807860262008734 0.0782608695652174 0.29257641921397376
1 0.5934782608695652 0.6299126637554585 0.09710144927536232 0.36462882096069865
1 0.6304347826086957 0.574235807860262 0.07536231884057971 0.2794759825327511
1 0.6681159420289855 0.6146288209606987 0.0927536231884058 0.3471615720524017
1 0.7514492753623189 0.6582969432314411 0.13478260869565217 0.49563318777292575
1 0.8398550724637681 0.6550218340611353 0.10869565217391304 0.40611353711790393
1 0.9007246376811594 0.6375545851528384 0.09710144927536232 0.35807860262008734
1 0.9536231884057971 0.6102620087336245 0.0927536231884058 0.36026200873362446
1 0.336231884057971 0.482532751091703 0.06666666666666667 0.25327510917030566
1 0.23405797101449274 0.42139737991266374 0.059420289855072465 0.10043668122270742
1 0.25434782608695655 0.3951965065502183 0.03333333333333333 0.1222707423580786
1 0.2876811594202899 0.4017467248908297 0.03333333333333333 0.10917030567685589
1 0.02753623188405797 0.43013100436681223 0.04927536231884058 0.19213973799126638
