1 0.10072463768115943 0.4598393574297188 0.09710144927536232 0.3293172690763052
1 0.23550724637681159 0.4046184738955823 0.04782608695652174 0.16666666666666666
1 0.2579710144927536 0.4016064257028112 0.043478260869565216 0.15261044176706826
1 0.3318840579710145 0.46787148594377503 0.08695652173913043 0.3012048192771084
1 0.4173913043478261 0.4116465863453815 0.04927536231884058 0.1646586345381526
1 0.4681159420289855 0.40662650602409633 0.052173913043478265 0.17871485943775098
1 0.48840579710144927 0.4016064257028112 0.057971014492753624 0.1967871485943775
1 0.5528985507246377 0.40963855421686746 0.06811594202898551 0.2329317269076305
1 0.5811594202898551 0.4186746987951807 0.06666666666666667 0.23092369477911645
1 0.6340579710144928 0.41365461847389556 0.059420289855072465 0.20481927710843373
1 0.668840579710145 0.4216867469879518 0.0536231884057971 0.18473895582329317
1 0.7391304347826088 0.4006024096385542 0.06086956521739131 0.20682730923694778
1 0.7652173913043478 0.429718875502008 0.06086956521739131 0.21285140562248994
1 0.8268115942028985 0.43674698795180716 0.06231884057971015 0.214859437751004
1 0.8702898550724638 0.41666666666666663 0.06521739130434782 0.2188755020080321
1 0.8920289855072464 0.4397590361445783 0.06521739130434782 0.22088353413654616
1 0.9268115942028986 0.4437751004016064 0.06811594202898551 0.2369477911646586
