1 0.09625 0.2806691449814126 0.0775 0.2788104089219331
1 0.13625 0.2620817843866171 0.0625 0.23420074349442377
1 0.16 0.26765799256505574 0.06 0.22304832713754646
1 0.2025 0.23048327137546468 0.075 0.275092936802974
1 0.26375 0.2620817843866171 0.0625 0.23420074349442377
1 0.3825 0.3048327137546468 0.07 0.2527881040892193
1 0.465 0.30855018587360594 0.065 0.2379182156133829
1 0.5375 0.30855018587360594 0.06 0.22304832713754646
1 0.625 0.3048327137546468 0.06 0.23048327137546468
1 0.60375 0.27695167286245354 0.0625 0.23420074349442377
1 0.70875 0.29925650557620814 0.0675 0.241635687732342
1 0.68875 0.275092936802974 0.0675 0.2453531598513011
1 0.7875 0.2843866171003717 0.065 0.24907063197026022
1 0.87375 0.30855018587360594 0.0725 0.26022304832713755
1 0.9175 0.30855018587360594 0.075 0.275092936802974
