1 0.036875 0.6322701688555347 0.07375 0.2776735459662289
1 0.225625 0.624765478424015 0.07375 0.2701688555347092
1 0.256875 0.648217636022514 0.10875 0.399624765478424
1 0.333125 0.6604127579737336 0.09375 0.34146341463414637
1 0.34625 0.6313320825515948 0.085 0.30956848030018763
1 0.3825 0.6153846153846154 0.0725 0.26641651031894936
1 0.419375 0.625703564727955 0.10625 0.3883677298311445
1 0.504375 0.6416510318949343 0.08875 0.32645403377110693
1 0.47500000000000003 0.5872420262664165 0.0575 0.2176360225140713
1 0.543125 0.5872420262664165 0.06625 0.24390243902439024
1 0.579375 0.6153846153846154 0.10375000000000001 0.38649155722326456
1 0.625 0.5853658536585366 0.05 0.18386491557223264
1 0.656875 0.6219512195121951 0.11125 0.41088180112570355
1 0.72875 0.6397748592870544 0.11750000000000001 0.43151969981238275
1 0.821875 0.648217636022514 0.12875 0.4709193245778612
1 0.89125 0.6632270168855535 0.145 0.5347091932457786
1 0.968125 0.5834896810506567 0.06375 0.2701688555347092
1 0.950625 0.5881801125703565 0.06625 0.24577861163227016
1 0.761875 0.5919324577861164 0.06625 0.24577861163227016
1 0.86625 0.47842401500938087 0.03 0.0600375234521576
