1 0.02681159420289855 0.5174081237911026 0.0536231884057971 0.23404255319148937
1 0.1072463768115942 0.5705996131528046 0.08695652173913043 0.2862669245647969
1 0.20942028985507247 0.6160541586073501 0.12608695652173912 0.4119922630560928
1 0.33043478260869563 0.5754352030947776 0.0927536231884058 0.30754352030947774
1 0.4572463768115942 0.7059961315280464 0.1463768115942029 0.4796905222437137
1 0.5594202898550724 0.5502901353965184 0.08405797101449275 0.2727272727272727
1 0.6905797101449276 0.5986460348162476 0.11739130434782609 0.3849129593810445
1 0.7992753623188406 0.5473887814313346 0.08550724637681159 0.2823984526112186
1 0.7601449275362319 0.5106382978723404 0.07391304347826087 0.23984526112185686
1 0.8695652173913043 0.4574468085106383 0.057971014492753624 0.19148936170212766
1 0.9007246376811594 0.47292069632495165 0.06811594202898551 0.22243713733075435
1 0.9492753623188406 0.5067698259187621 0.07246376811594203 0.23984526112185686
1 0.9760869565217392 0.5338491295938105 0.04782608695652174 0.26305609284332687
1 0.23695652173913043 0.4951644100580271 0.06231884057971015 0.20889748549323017
1 0.02318840579710145 0.35009671179883944 0.034782608695652174 0.11992263056092843
1 0.08188405797101449 0.49129593810444877 0.06811594202898551 0.2205029013539652
