1 0.03 0.5439914163090128 0.06 0.2982832618025751
1 0.02857142857142857 0.592274678111588 0.05714285714285714 0.24892703862660945
1 0.07071428571428572 0.5418454935622318 0.07857142857142857 0.28969957081545067
1 0.105 0.5386266094420601 0.07 0.2575107296137339
1 0.17214285714285715 0.5547210300429185 0.047142857142857146 0.1781115879828326
1 0.16642857142857143 0.5869098712446352 0.03857142857142857 0.13948497854077252
1 0.19857142857142857 0.6319742489270386 0.06571428571428571 0.24678111587982832
1 0.26571428571428574 0.5933476394849785 0.12571428571428572 0.4613733905579399
1 0.38 0.5493562231759657 0.1 0.3648068669527897
1 0.4542857142857143 0.4957081545064378 0.04857142857142857 0.18454935622317598
1 0.5178571428571429 0.6491416309012875 0.16142857142857142 0.5901287553648069
1 0.6978571428571428 0.5504291845493562 0.09 0.3283261802575107
1 0.7378571428571429 0.5021459227467812 0.05 0.18884120171673818
1 0.7821428571428571 0.4967811158798283 0.05 0.18669527896995708
1 0.8271428571428572 0.5944206008583691 0.10571428571428572 0.3905579399141631
1 0.8971428571428571 0.5493562231759657 0.07428571428571429 0.27896995708154504
1 0.9571428571428572 0.5643776824034334 0.08571428571428572 0.33047210300429186
1 0.6042857142857143 0.5010729613733905 0.04 0.15236051502145923
1 0.6278571428571429 0.5160944206008584 0.03571428571428571 0.1351931330472103
1 0.5757142857142857 0.48283261802575106 0.03428571428571429 0.13304721030042918
1 0.4085714285714286 0.5386266094420601 0.025714285714285714 0.09442060085836909
1 0.3221428571428571 0.5418454935622318 0.032857142857142856 0.12660944206008584
1 0.3464285714285714 0.5429184549356223 0.03571428571428571 0.12875536480686695
1 0.3221428571428571 0.4978540772532189 0.047142857142857146 0.18025751072961374
1 0.19214285714285714 0.5214592274678111 0.05857142857142857 0.2145922746781116
1 0.17142857142857143 0.5236051502145923 0.054285714285714284 0.20600858369098712
1 0.12428571428571429 0.47854077253218885 0.03142857142857143 0.11587982832618025
