1 0.06103515625 0.5789902280130294 0.0517578125 0.21335504885993486
1 0.10791015625 0.7117263843648208 0.1123046875 0.4592833876221499
1 0.1474609375 0.6343648208469056 0.091796875 0.3762214983713355
1 0.2109375 0.6889250814332248 0.103515625 0.4201954397394137
1 0.32421875 0.6058631921824105 0.05859375 0.241042345276873
1 0.443359375 0.6767100977198698 0.087890625 0.35993485342019543
1 0.52490234375 0.5203583061889251 0.0361328125 0.15146579804560262
1 0.505859375 0.5252442996742671 0.03515625 0.1449511400651466
1 0.3701171875 0.5415309446254072 0.03515625 0.14169381107491857
1 0.47412109375 0.5309446254071661 0.0283203125 0.11400651465798047
1 0.58056640625 0.744299674267101 0.1240234375 0.504885993485342
1 0.6474609375 0.7027687296416938 0.09375 0.38273615635179153
1 0.68701171875 0.5643322475570033 0.0517578125 0.21661237785016288
1 0.69873046875 0.5496742671009772 0.0478515625 0.1970684039087948
1 0.71875 0.5765472312703583 0.048828125 0.20195439739413681
1 0.80712890625 0.7760586319218241 0.1025390625 0.4185667752442997
1 0.9462890625 0.744299674267101 0.107421875 0.501628664495114
1 0.01953125 0.5765472312703583 0.0390625 0.20846905537459284
1 0.3935546875 0.5293159609120521 0.0234375 0.10097719869706841
1 0.794921875 0.5439739413680782 0.048828125 0.20195439739413681
