1 0.07166666666666667 0.6880952380952382 0.14333333333333334 0.5190476190476191
1 0.11333333333333334 0.6535714285714286 0.12000000000000001 0.4166666666666667
1 0.15333333333333335 0.5964285714285715 0.11333333333333334 0.3928571428571429
1 0.22 0.5892857142857143 0.09000000000000001 0.32142857142857145
1 0.29250000000000004 0.5666666666666668 0.07500000000000001 0.2619047619047619
1 0.3666666666666667 0.5726190476190477 0.08333333333333334 0.29285714285714287
1 0.41500000000000004 0.5416666666666667 0.060000000000000005 0.21666666666666667
1 0.43000000000000005 0.5178571428571429 0.05666666666666667 0.19761904761904764
1 0.5216666666666667 0.5571428571428572 0.06333333333333334 0.2285714285714286
1 0.6008333333333333 0.5464285714285715 0.05166666666666667 0.18333333333333335
1 0.7125 0.505952380952381 0.025 0.0880952380952381
1 0.77 0.5238095238095238 0.04 0.1380952380952381
1 0.8166666666666668 0.5214285714285715 0.03333333333333333 0.12380952380952381
1 0.7958333333333334 0.6071428571428572 0.03166666666666667 0.1142857142857143
1 0.9041666666666667 0.536904761904762 0.03833333333333334 0.13571428571428573
1 0.9391666666666667 0.5011904761904762 0.015000000000000001 0.05
1 0.325 0.5488095238095239 0.06666666666666667 0.2404761904761905
1 0.17916666666666667 0.455952380952381 0.045000000000000005 0.07380952380952381
