1 0.281 0.5 0.094 0.30666666666666664
1 0.34800000000000003 0.496 0.092 0.30933333333333335
1 0.364 0.496 0.088 0.29333333333333333
1 0.404 0.496 0.092 0.304
1 0.47700000000000004 0.48133333333333334 0.09 0.296
1 0.499 0.48266666666666663 0.08600000000000001 0.2773333333333333
1 0.542 0.48533333333333334 0.088 0.288
1 0.587 0.476 0.08600000000000001 0.2853333333333333
1 0.646 0.492 0.08 0.2693333333333333
1 0.7020000000000001 0.48533333333333334 0.084 0.2826666666666667
1 0.754 0.484 0.08 0.2693333333333333
1 0.812 0.48533333333333334 0.084 0.2773333333333333
1 0.868 0.4933333333333333 0.08 0.2613333333333333
1 0.836 0.48 0.076 0.24533333333333332
1 0.911 0.4973333333333333 0.09 0.2906666666666667
1 0.779 0.48 0.082 0.26666666666666666
1 0.616 0.372 0.032 0.050666666666666665
1 0.724 0.3733333333333333 0.032 0.058666666666666666
1 0.426 0.5773333333333334 0.08 0.216
1 0.494 0.568 0.07200000000000001 0.19733333333333333
1 0.556 0.5626666666666666 0.06 0.192
1 0.614 0.5559999999999999 0.06 0.20533333333333334
1 0.66 0.5586666666666666 0.068 0.20533333333333334
1 0.714 0.5613333333333334 0.06 0.19999999999999998
1 0.784 0.5559999999999999 0.07200000000000001 0.22133333333333333
