1 0.10130246020260492 0.6365979381443299 0.10130246020260492 0.44329896907216493
1 0.15846599131693198 0.604381443298969 0.07670043415340086 0.3376288659793814
1 0.35962373371924744 0.663659793814433 0.13169319826338638 0.5798969072164948
1 0.4949348769898697 0.6069587628865979 0.0723589001447178 0.3170103092783505
1 0.5361794500723589 0.625 0.085383502170767 0.3685567010309278
1 0.46164978292329956 0.5141752577319587 0.01736613603473227 0.08505154639175258
1 0.42547033285094066 0.5128865979381443 0.020260492040520984 0.08762886597938144
1 0.41172214182344424 0.5141752577319587 0.018813314037626625 0.07989690721649484
1 0.6056439942112879 0.5966494845360825 0.06222865412445731 0.2757731958762887
1 0.569464544138929 0.5154639175257731 0.018813314037626625 0.08247422680412371
1 0.5832127351664255 0.5141752577319587 0.023154848046309694 0.10051546391752578
1 0.6526772793053545 0.6597938144329897 0.10709117221418234 0.4742268041237113
1 0.6895803183791606 0.6095360824742267 0.07091172214182344 0.3170103092783505
1 0.7293777134587554 0.5747422680412371 0.05209840810419681 0.2268041237113402
1 0.7619392185238784 0.5644329896907216 0.04486251808972503 0.20103092783505155
1 0.7843704775687409 0.5914948453608248 0.05788712011577424 0.2551546391752577
1 0.845875542691751 0.6262886597938144 0.08827785817655572 0.38144329896907214
1 0.8900144717800289 0.5425257731958762 0.03183791606367583 0.13659793814432988
1 0.9146164978292329 0.547680412371134 0.03473227206946454 0.15206185567010308
1 0.9450072358900145 0.6134020618556701 0.0723589001447178 0.31443298969072164
1 0.9790159189580318 0.595360824742268 0.04196816208393632 0.25773195876288657
1 0.2098408104196816 0.5167525773195876 0.01447178002894356 0.06958762886597938
1 0.19826338639652677 0.5154639175257731 0.01736613603473227 0.07731958762886598
1 0.08393632416787264 0.5695876288659794 0.16787264833574528 0.8144329896907216
1 0.18958031837916062 0.520618556701031 0.008683068017366135 0.08762886597938144
1 0.33285094066570187 0.604381443298969 0.12735166425470332 0.5128865979381443
1 0.3060781476121563 0.5231958762886598 0.013024602026049202 0.05670103092783505
1 0.8169319826338639 0.5399484536082474 0.02460202604920405 0.19329896907216496
1 0.8234442836468885 0.5850515463917526 0.0492040520984081 0.2422680412371134
