1 0.023333333333333334 0.31625000000000003 0.04666666666666667 0.2625
1 0.05416666666666667 0.28125 0.035 0.1375
1 0.09333333333333334 0.24875 0.02 0.0825
1 0.14833333333333334 0.29375 0.05666666666666667 0.2125
1 0.21666666666666667 0.2775 0.04 0.145
1 0.26 0.28125 0.04 0.1525
1 0.33416666666666667 0.29 0.04833333333333334 0.185
1 0.53 0.2975 0.04666666666666667 0.17500000000000002
1 0.5666666666666667 0.2975 0.04 0.145
1 0.625 0.3125 0.05333333333333334 0.195
1 0.6958333333333334 0.3025 0.045000000000000005 0.17
1 0.7191666666666667 0.30875 0.05166666666666667 0.1875
1 0.8716666666666667 0.33375 0.060000000000000005 0.2175
1 0.8750000000000001 0.63125 0.17333333333333334 0.6375000000000001
1 0.29250000000000004 0.50875 0.11833333333333335 0.4375
1 0.037500000000000006 0.22875 0.015000000000000001 0.0525
1 0.025 0.2225 0.013333333333333334 0.03
1 0.055 0.22125 0.02 0.0375
1 0.2991666666666667 0.2425 0.035 0.09
1 0.7583333333333334 0.36375 0.06333333333333334 0.11750000000000001
1 0.9483333333333334 0.40625 0.08333333333333334 0.11750000000000001
1 0.4683333333333334 0.8150000000000001 0.4766666666666667 0.335
