1 0.051000000000000004 0.5214723926380368 0.10200000000000001 0.558282208588957
1 0.133 0.5552147239263804 0.17400000000000002 0.6503067484662577
1 0.298 0.5475460122699387 0.17200000000000001 0.6533742331288344
1 0.392 0.5061349693251533 0.128 0.4846625766871166
1 0.526 0.5736196319018405 0.168 0.6257668711656442
1 0.578 0.49233128834355827 0.136 0.5061349693251533
1 0.6920000000000001 0.5214723926380368 0.132 0.49693251533742333
1 0.8300000000000001 0.5352760736196319 0.136 0.5184049079754601
1 0.892 0.5567484662576687 0.16 0.6042944785276074
1 0.969 0.43098159509202455 0.046 0.18098159509202455
1 0.101 0.3052147239263804 0.03 0.11349693251533742
1 0.194 0.3098159509202454 0.044 0.09815950920245399
1 0.163 0.3021472392638037 0.026000000000000002 0.046012269938650305
1 0.23600000000000002 0.4601226993865031 0.08 0.5153374233128835
1 0.34500000000000003 0.3052147239263804 0.062 0.08895705521472393
1 0.426 0.31901840490797545 0.044 0.12269938650306748
1 0.445 0.28680981595092025 0.03 0.06441717791411043
1 0.47600000000000003 0.3404907975460123 0.08 0.1901840490797546
1 0.628 0.34355828220858897 0.028 0.1411042944785276
1 0.662 0.30828220858895705 0.048 0.11349693251533742
1 0.739 0.3558282208588957 0.054 0.17177914110429449
1 0.76 0.3941717791411043 0.024 0.21779141104294478
1 0.784 0.36349693251533743 0.016 0.10122699386503067
1 0.808 0.348159509202454 0.04 0.08895705521472393
1 0.9390000000000001 0.3558282208588957 0.034 0.08588957055214724
1 0.981 0.32975460122699385 0.014 0.05828220858895706
