1 0.42250000000000004 0.2939914163090129 0.11833333333333335 0.37339055793991416
1 0.5733333333333334 0.30793991416309013 0.09000000000000001 0.2854077253218884
1 0.5491666666666667 0.21888412017167383 0.045000000000000005 0.1459227467811159
1 0.07666666666666667 0.27360515021459225 0.1 0.315450643776824
1 0.1375 0.30042918454935624 0.11166666666666668 0.351931330472103
1 0.195 0.2532188841201717 0.07666666666666667 0.24034334763948498
1 0.24416666666666667 0.29506437768240346 0.11833333333333335 0.37553648068669526
1 0.28583333333333333 0.2446351931330472 0.085 0.2703862660944206
1 0.3716666666666667 0.24678111587982832 0.08 0.2532188841201717
1 0.4691666666666667 0.2929184549356223 0.08833333333333333 0.2854077253218884
1 0.6133333333333334 0.23390557939914164 0.04666666666666667 0.15450643776824036
1 0.6366666666666667 0.20815450643776823 0.03333333333333333 0.10300429184549356
1 0.675 0.2939914163090129 0.08 0.2532188841201717
1 0.51 0.24678111587982832 0.06333333333333334 0.19742489270386265
1 0.7091666666666667 0.2296137339055794 0.03833333333333334 0.12446351931330472
1 0.7816666666666667 0.2821888412017167 0.06666666666666667 0.2167381974248927
1 0.8150000000000001 0.26180257510729615 0.04666666666666667 0.15450643776824036
1 0.9383333333333334 0.26931330472103004 0.060000000000000005 0.19098712446351931
1 0.8983333333333334 0.22746781115879827 0.02666666666666667 0.08583690987124463
1 0.8400000000000001 0.21351931330472104 0.030000000000000002 0.09656652360515021
1 0.7433333333333334 0.20708154506437768 0.030000000000000002 0.09227467811158799
1 0.7316666666666667 0.2017167381974249 0.02666666666666667 0.09012875536480687
1 0.8683333333333334 0.1984978540772532 0.013333333333333334 0.045064377682403435
1 0.9116666666666667 0.22854077253218885 0.03666666666666667 0.11802575107296137
1 0.6950000000000001 0.18454935622317598 0.016666666666666666 0.055793991416309016
1 0.6575000000000001 0.19742489270386265 0.03166666666666667 0.09871244635193133
1 0.7158333333333334 0.21566523605150215 0.035 0.11802575107296137
1 0.7675000000000001 0.1813304721030043 0.015000000000000001 0.04935622317596566
1 0.5141666666666667 0.7006437768240343 0.03166666666666667 0.10515021459227468
1 0.525 0.6920600858369099 0.03333333333333333 0.10944206008583691
1 0.5808333333333334 0.6974248927038627 0.028333333333333335 0.09012875536480687
1 0.6158333333333333 0.6834763948497854 0.021666666666666667 0.07510729613733906
1 0.6258333333333334 0.6630901287553648 0.018333333333333333 0.055793991416309016
1 0.8025000000000001 0.7736051502145923 0.065 0.20386266094420602
1 0.7758333333333334 0.6877682403433476 0.018333333333333333 0.05793991416309013
1 0.6875 0.7274678111587983 0.03166666666666667 0.09871244635193133
1 0.6683333333333333 0.6984978540772532 0.023333333333333334 0.07939914163090128
1 0.6291666666666667 0.6716738197424893 0.011666666666666667 0.03862660944206009
1 0.8208333333333334 0.7253218884120172 0.04833333333333334 0.15450643776824036
1 0.8483333333333334 0.7392703862660944 0.03333333333333333 0.10944206008583691
1 0.8350000000000001 0.7145922746781116 0.03666666666666667 0.12017167381974249
1 0.9016666666666667 0.7027896995708155 0.02 0.06223175965665236
1 0.8708333333333333 0.7167381974248928 0.03833333333333334 0.12017167381974249
1 0.48583333333333334 0.6931330472103004 0.025 0.08583690987124463
1 0.4733333333333334 0.6877682403433476 0.02 0.06652360515021459
1 0.43333333333333335 0.7070815450643777 0.02666666666666667 0.08369098712446352
1 0.41583333333333333 0.6856223175965666 0.015000000000000001 0.0536480686695279
1 0.3866666666666667 0.6866952789699571 0.013333333333333334 0.047210300429184546
1 0.36750000000000005 0.694206008583691 0.018333333333333333 0.06223175965665236
1 0.3566666666666667 0.6974248927038627 0.02 0.06866952789699571
1 0.34833333333333333 0.6974248927038627 0.02 0.06866952789699571
1 0.34 0.6931330472103004 0.02 0.06866952789699571
1 0.32833333333333337 0.6952789699570815 0.023333333333333334 0.07296137339055794
1 0.3166666666666667 0.703862660944206 0.023333333333333334 0.0815450643776824
1 0.3016666666666667 0.7060085836909871 0.023333333333333334 0.0815450643776824
1 0.2866666666666667 0.7049356223175965 0.02666666666666667 0.08369098712446352
1 0.2675 0.7124463519313304 0.028333333333333335 0.09442060085836909
1 0.24416666666666667 0.7178111587982833 0.021666666666666667 0.07510729613733906
1 0.21000000000000002 0.7103004291845494 0.030000000000000002 0.09871244635193133
1 0.16583333333333333 0.7671673819742489 0.085 0.27253218884120173
1 0.395 0.6877682403433476 0.016666666666666666 0.05793991416309013
1 0.22333333333333336 0.6974248927038627 0.023333333333333334 0.07296137339055794
1 0.115 0.7113733905579399 0.03333333333333333 0.10944206008583691
1 0.1 0.7124463519313304 0.030000000000000002 0.09871244635193133
1 0.08333333333333334 0.7145922746781116 0.03666666666666667 0.11587982832618025
1 0.060000000000000005 0.721030042918455 0.03333333333333333 0.11158798283261803
1 0.035 0.7253218884120172 0.03333333333333333 0.10300429184549356
1 0.2525 0.7006437768240343 0.025 0.07939914163090128
1 0.12833333333333335 0.6984978540772532 0.023333333333333334 0.07510729613733906
1 0.4083333333333334 0.6866952789699571 0.01 0.034334763948497854
1 0.14166666666666666 0.6684549356223176 0.013333333333333334 0.0407725321888412
1 0.5641666666666667 0.7135193133047211 0.025 0.06223175965665236
1 0.6000000000000001 0.7092274678111588 0.04 0.07081545064377683
1 0.6425000000000001 0.7027896995708155 0.025 0.06652360515021459
1 0.7216666666666667 0.721030042918455 0.030000000000000002 0.07296137339055794
1 0.9616666666666668 0.6845493562231759 0.023333333333333334 0.05150214592274678
1 0.935 0.6834763948497854 0.030000000000000002 0.0407725321888412
1 0.9491666666666667 0.7489270386266095 0.03166666666666667 0.09012875536480687
1 0.9183333333333334 0.7489270386266095 0.02666666666666667 0.09012875536480687
1 0.885 0.7650214592274678 0.03333333333333333 0.10944206008583691
