1 0.3231046931407942 0.4958904109589041 0.10830324909747292 0.4
1 0.3637184115523466 0.5082191780821917 0.12093862815884476 0.452054794520548
1 0.453971119133574 0.4986301369863014 0.13537906137184116 0.5041095890410959
1 0.5108303249097473 0.3986301369863014 0.07220216606498195 0.27123287671232876
1 0.5595667870036102 0.4986301369863014 0.1263537906137184 0.4657534246575343
1 0.6588447653429603 0.4945205479452055 0.11913357400722022 0.4465753424657534
1 0.7075812274368232 0.5136986301369864 0.12996389891696752 0.4794520547945206
1 0.30866425992779783 0.5767123287671233 0.11191335740072203 0.4136986301369863
1 0.8276173285198556 0.4054794520547945 0.0776173285198556 0.28493150684931506
1 0.025270758122743684 0.4123287671232877 0.036101083032490974 0.13972602739726028
1 0.012635379061371842 0.410958904109589 0.025270758122743684 0.14246575342465753
1 0.06046931407942238 0.46164383561643835 0.048736462093862815 0.1780821917808219
1 0.8393501805054152 0.6328767123287671 0.20216606498194947 0.3780821917808219
1 0.5424187725631769 0.6123287671232877 0.2833935018050542 0.38082191780821917
1 0.2157039711191336 0.6082191780821918 0.0776173285198556 0.3835616438356164
1 0.1516245487364621 0.5958904109589042 0.05054151624548737 0.3917808219178082
