1 0.0419047619047619 0.62109375 0.0838095238095238 0.71875
1 0.17047619047619048 0.619140625 0.14666666666666667 0.73046875
1 0.15333333333333332 0.521484375 0.13142857142857142 0.66015625
1 0.26761904761904765 0.529296875 0.11619047619047619 0.58984375
1 0.24095238095238095 0.396484375 0.07047619047619047 0.36328125
1 0.32095238095238093 0.564453125 0.13523809523809524 0.67578125
1 0.3676190476190476 0.48046875 0.11428571428571428 0.5859375
1 0.42952380952380953 0.478515625 0.09333333333333334 0.46484375
1 0.47619047619047616 0.55078125 0.11047619047619048 0.5625
1 0.52 0.5 0.11047619047619048 0.5625
1 0.5695238095238095 0.466796875 0.10285714285714286 0.52734375
1 0.6123809523809524 0.4609375 0.09333333333333334 0.4765625
1 0.6666666666666666 0.423828125 0.0838095238095238 0.41796875
1 0.8657142857142857 0.421875 0.07047619047619047 0.3515625
1 0.8809523809523809 0.416015625 0.06285714285714286 0.32421875
1 0.7742857142857142 0.40625 0.05904761904761905 0.3046875
1 0.699047619047619 0.392578125 0.05714285714285714 0.28515625
1 0.7266666666666667 0.41015625 0.08190476190476191 0.40625
1 0.5495238095238095 0.419921875 0.09333333333333334 0.46484375
1 0.7428571428571429 0.390625 0.07238095238095238 0.3671875
1 0.8019047619047619 0.369140625 0.05714285714285714 0.29296875
