1 0.06931216931216931 0.6946983546617916 0.1322751322751323 0.5594149908592322
1 0.24232804232804234 0.6489945155393053 0.0634920634920635 0.27056672760511885
1 0.3746031746031746 0.6608775137111518 0.07195767195767196 0.30895795246800734
1 0.4232804232804233 0.6215722120658135 0.052910052910052914 0.2230347349177331
1 0.5 0.6755027422303473 0.0835978835978836 0.35283363802559414
1 0.5534391534391535 0.623400365630713 0.06137566137566138 0.263254113345521
1 0.626984126984127 0.553016453382084 0.03068783068783069 0.12979890310786105
1 0.6682539682539683 0.6334552102376599 0.06666666666666667 0.2870201096892139
1 0.6894179894179895 0.6773308957952467 0.09841269841269842 0.4186471663619744
1 0.7444444444444445 0.5383912248628885 0.026455026455026457 0.11151736745886655
1 0.7994708994708996 0.5347349177330896 0.026455026455026457 0.11517367458866545
1 0.8417989417989419 0.6398537477148081 0.07301587301587302 0.31444241316270566
1 0.9063492063492065 0.6956124314442413 0.11534391534391535 0.4844606946983547
1 0.9767195767195768 0.6489945155393053 0.04656084656084657 0.3546617915904936
1 0.9507936507936509 0.4853747714808044 0.011640211640211642 0.05301645338208409
1 0.9661375661375662 0.5429616087751371 0.025396825396825397 0.113345521023766
1 0.8777777777777779 0.5018281535648994 0.022222222222222223 0.038391224862888484
