1 0.28795180722891567 0.2292418772563177 0.0746987951807229 0.2779783393501805
1 0.49638554216867475 0.3465703971119134 0.09156626506024097 0.3465703971119134
1 0.5939759036144578 0.46750902527075816 0.10843373493975905 0.40794223826714804
1 0.45662650602409643 0.12815884476534298 0.02168674698795181 0.08303249097472924
1 0.4843373493975904 0.13537906137184116 0.014457831325301207 0.05415162454873646
1 0.5397590361445783 0.13176895306859207 0.01927710843373494 0.07581227436823106
1 0.5963855421686748 0.1263537906137184 0.016867469879518072 0.07220216606498195
1 0.6385542168674699 0.13176895306859207 0.01927710843373494 0.07581227436823106
1 0.8698795180722892 0.40433212996389895 0.11566265060240966 0.4259927797833935
1 0.6771084337349398 0.18411552346570398 0.03855421686746988 0.1444043321299639
1 0.6975903614457832 0.18772563176895307 0.03614457831325302 0.1371841155234657
1 0.7361445783132531 0.18050541516245489 0.04096385542168675 0.1516245487364621
1 0.7578313253012049 0.18050541516245489 0.04096385542168675 0.1588447653429603
1 0.7807228915662652 0.18953068592057762 0.04337349397590362 0.1552346570397112
1 0.8132530120481929 0.12996389891696752 0.016867469879518072 0.06498194945848376
1 0.8337349397590362 0.13357400722021662 0.014457831325301207 0.05776173285198556
1 0.8903614457831326 0.12815884476534298 0.02168674698795181 0.07581227436823106
1 0.9144578313253013 0.1407942238267148 0.012048192771084338 0.05776173285198556
1 0.9457831325301206 0.14259927797833935 0.012048192771084338 0.05415162454873646
1 0.9650602409638555 0.14259927797833935 0.012048192771084338 0.04693140794223827
1 0.9939759036144579 0.148014440433213 0.0072289156626506035 0.036101083032490974
1 0.866265060240964 0.13898916967509026 0.016867469879518072 0.06137184115523466
1 0.8144578313253013 0.26353790613718414 0.06265060240963856 0.23104693140794225
1 0.3759036144578314 0.13176895306859207 0.01927710843373494 0.06859205776173286
