1 0.48141263940520446 0.5 0.20446096654275092 0.7528089887640449
1 0.9321561338289962 0.2808988764044944 0.09851301115241635 0.3707865168539326
1 0.9823420074349442 0.20365168539325842 0.03531598513011152 0.22191011235955055
1 0.9795539033457249 0.15589887640449437 0.02973977695167286 0.1095505617977528
1 0.9656133828996282 0.1544943820224719 0.027881040892193308 0.10674157303370786
1 0.7871747211895911 0.1601123595505618 0.031598513011152414 0.12359550561797752
1 0.766728624535316 0.1853932584269663 0.05018587360594795 0.1853932584269663
1 0.7314126394052044 0.16853932584269662 0.03531598513011152 0.1292134831460674
1 0.7546468401486989 0.15870786516853932 0.03717472118959107 0.13764044943820225
1 0.7109665427509293 0.16713483146067415 0.03903345724907063 0.1544943820224719
1 0.6784386617100372 0.17134831460674158 0.03717472118959107 0.1348314606741573
1 0.6579925650557621 0.16573033707865167 0.026022304832713755 0.10674157303370786
1 0.6356877323420074 0.16292134831460675 0.02973977695167286 0.11797752808988764
1 0.6189591078066914 0.1544943820224719 0.03345724907063197 0.12359550561797752
1 0.6059479553903345 0.15308988764044942 0.03345724907063197 0.12078651685393257
1 0.5920074349442379 0.1502808988764045 0.031598513011152414 0.12078651685393257
1 0.5715613382899628 0.15870786516853932 0.027881040892193308 0.1095505617977528
1 0.5529739776951672 0.15730337078651685 0.031598513011152414 0.12359550561797752
1 0.5325278810408922 0.13202247191011235 0.016728624535315983 0.06741573033707865
1 0.3782527881040892 0.1601123595505618 0.031598513011152414 0.12359550561797752
1 0.36059479553903345 0.15870786516853932 0.03345724907063197 0.12078651685393257
1 0.3382899628252788 0.16573033707865167 0.03717472118959107 0.1348314606741573
1 0.3141263940520446 0.14747191011235955 0.02973977695167286 0.1151685393258427
1 0.2973977695167286 0.1502808988764045 0.03717472118959107 0.13764044943820225
1 0.23977695167286245 0.1544943820224719 0.03345724907063197 0.12359550561797752
1 0.21096654275092935 0.15308988764044942 0.027881040892193308 0.1095505617977528
1 0.18866171003717472 0.15168539325842695 0.0241635687732342 0.09550561797752809
1 0.17286245353159851 0.15589887640449437 0.03345724907063197 0.12640449438202248
1 0.1533457249070632 0.1544943820224719 0.027881040892193308 0.10674157303370786
1 0.12825278810408922 0.14185393258426965 0.022304832713754646 0.08707865168539325
1 0.28345724907063197 0.14606741573033707 0.027881040892193308 0.11235955056179775
1 0.2648698884758364 0.14887640449438203 0.027881040892193308 0.10112359550561797
1 0.04925650557620818 0.14747191011235955 0.027881040892193308 0.1095505617977528
1 0.07063197026022304 0.14887640449438203 0.026022304832713755 0.10674157303370786
1 0.0845724907063197 0.1348314606741573 0.016728624535315983 0.06741573033707865
1 0.22769516728624534 0.14887640449438203 0.031598513011152414 0.11797752808988764
