1 0.0705244122965642 0.513550135501355 0.12658227848101267 0.4634146341463415
1 0.054249547920433995 0.524390243902439 0.10849909584086799 0.4363143631436314
1 0.16726943942133815 0.521680216802168 0.12839059674502712 0.46883468834688347
1 0.24683544303797467 0.55420054200542 0.12477396021699819 0.45799457994579945
1 0.2549728752260398 0.5 0.12658227848101267 0.4634146341463415
1 0.20976491862567812 0.470189701897019 0.11211573236889692 0.4092140921409214
1 0.4358047016274864 0.5257452574525745 0.12658227848101267 0.46612466124661245
1 0.49547920433996384 0.5555555555555556 0.1410488245931284 0.5149051490514905
1 0.6383363471971066 0.502710027100271 0.12296564195298372 0.45257452574525747
1 0.7025316455696202 0.5474254742547425 0.13200723327305605 0.4823848238482385
1 0.8399638336347197 0.5257452574525745 0.12477396021699819 0.46612466124661245
1 0.8887884267631103 0.42276422764227645 0.07775768535262206 0.2872628726287263
1 0.9285714285714285 0.42953929539295393 0.081374321880651 0.3008130081300813
