1 0.06835205992509363 0.06488549618320612 0.024344569288389514 0.08396946564885496
1 0.1404494382022472 0.10814249363867685 0.011235955056179775 0.03816793893129771
1 0.1750936329588015 0.11704834605597965 0.009363295880149813 0.04071246819338423
1 0.04307116104868914 0.6424936386768448 0.08614232209737828 0.36895674300254455
1 0.056179775280898875 0.5865139949109415 0.11235955056179775 0.44529262086514
1 0.07958801498127341 0.6106870229007634 0.09550561797752809 0.3155216284987278
1 0.11704119850187265 0.6272264631043257 0.08426966292134831 0.2875318066157761
1 0.32397003745318353 0.6386768447837151 0.08239700374531836 0.27989821882951654
1 0.3642322097378277 0.6348600508905853 0.07303370786516854 0.24681933842239187
1 0.29681647940074907 0.5687022900763359 0.12172284644194757 0.4096692111959288
1 0.33801498127340823 0.5763358778625954 0.10674157303370786 0.3536895674300255
1 0.4204119850187266 0.6374045801526718 0.06928838951310862 0.2315521628498728
1 0.4681647940074906 0.6386768447837151 0.0599250936329588 0.20356234096692113
1 0.5112359550561798 0.6043256997455472 0.07116104868913858 0.24173027989821885
1 0.5571161048689138 0.6145038167938932 0.06179775280898876 0.20610687022900764
1 0.399812734082397 0.5725190839694657 0.09925093632958802 0.33587786259541985
1 0.4541198501872659 0.573791348600509 0.09925093632958802 0.32824427480916035
1 0.5177902621722846 0.4681933842239186 0.03558052434456929 0.1272264631043257
1 0.5561797752808989 0.5699745547073791 0.07865168539325842 0.25954198473282447
1 0.5889513108614233 0.5928753180661578 0.06928838951310862 0.22900763358778628
1 0.6170411985018727 0.5966921119592876 0.06179775280898876 0.20610687022900764
1 0.6563670411985019 0.5890585241730281 0.05805243445692884 0.20101781170483463
1 0.598314606741573 0.5534351145038169 0.08052434456928839 0.27226463104325704
1 0.6432584269662921 0.4770992366412214 0.031835205992509365 0.10941475826972011
1 0.6956928838951311 0.5954198473282443 0.04681647940074907 0.1628498727735369
1 0.6835205992509363 0.5483460559796438 0.07116104868913858 0.24173027989821885
1 0.7453183520599251 0.5928753180661578 0.0449438202247191 0.1577608142493639
1 0.7649812734082397 0.5928753180661578 0.04307116104868914 0.14249363867684478
1 0.800561797752809 0.583969465648855 0.04307116104868914 0.14503816793893132
1 0.7237827715355806 0.5483460559796438 0.07303370786516854 0.24173027989821885
1 0.7546816479400749 0.48091603053435117 0.033707865168539325 0.11195928753180662
1 0.7846441947565543 0.49363867684478374 0.026217228464419477 0.09669211195928754
1 0.8155430711610487 0.5508905852417303 0.05805243445692884 0.19592875318066158
1 0.8455056179775281 0.5445292620865141 0.05805243445692884 0.19338422391857507
1 0.8792134831460674 0.5356234096692112 0.05805243445692884 0.20101781170483463
1 0.9316479400749064 0.5279898218829517 0.06928838951310862 0.2315521628498728
1 0.9784644194756554 0.5267175572519084 0.04307116104868914 0.22900763358778628
1 0.8230337078651685 0.39185750636132316 0.02059925093632959 0.07124681933842239
1 0.848314606741573 0.3944020356234097 0.026217228464419477 0.08651399491094149
1 0.8670411985018727 0.4147582697201018 0.018726591760299626 0.06106870229007634
1 0.9044943820224719 0.4656488549618321 0.0149812734082397 0.05597964376590331
1 0.8342696629213483 0.5763358778625954 0.04307116104868914 0.14503816793893132
1 0.8661048689138577 0.5712468193384225 0.04307116104868914 0.15012722646310434
1 0.8941947565543071 0.5699745547073791 0.04307116104868914 0.14249363867684478
1 0.9138576779026217 0.5674300254452926 0.04119850187265918 0.13740458015267176
1 0.952247191011236 0.5343511450381679 0.05805243445692884 0.19338422391857507
1 0.7228464419475655 0.2251908396946565 0.011235955056179775 0.04325699745547074
1 0.9232209737827716 0.33078880407124683 0.011235955056179775 0.04071246819338423
1 0.6835205992509363 0.30025445292620867 0.02247191011235955 0.08142493638676845
1 0.6666666666666666 0.26717557251908397 0.0149812734082397 0.05597964376590331
1 0.6338951310861424 0.23918575063613234 0.013108614232209739 0.050890585241730284
1 0.6910112359550562 0.2646310432569975 0.026217228464419477 0.08651399491094149
1 0.4747191011235955 0.19592875318066158 0.013108614232209739 0.050890585241730284
1 0.7172284644194756 0.27608142493638677 0.026217228464419477 0.0534351145038168
1 0.02247191011235955 0.08142493638676845 0.02247191011235955 0.03053435114503817
