1 0.1221264367816092 0.37583148558758317 0.05459770114942529 0.2106430155210643
1 0.17672413793103448 0.37583148558758317 0.04310344827586207 0.1662971175166297
1 0.2665229885057471 0.3869179600886918 0.04741379310344827 0.1662971175166297
1 0.3706896551724138 0.3946784922394678 0.037356321839080456 0.164079822616408
1 0.47413793103448276 0.38913525498891355 0.04597701149425287 0.17516629711751663
1 0.5308908045977011 0.3713968957871397 0.04454022988505747 0.13968957871396895
1 0.5790229885057471 0.3713968957871397 0.04310344827586207 0.13968957871396895
1 0.6329022988505747 0.3669623059866962 0.05028735632183908 0.13968957871396895
1 0.6788793103448276 0.369179600886918 0.03879310344827586 0.1352549889135255
1 0.7349137931034483 0.37028824833702884 0.05028735632183908 0.13747228381374724
1 0.9791666666666666 0.5920177383592018 0.03879310344827586 0.2838137472283814
1 0.9181034482758621 0.5742793791574279 0.08620689655172414 0.15521064301552107
1 0.8979885057471264 0.8192904656319291 0.14942528735632182 0.3303769401330377
1 0.8397988505747126 0.5742793791574279 0.06465517241379311 0.14634146341463414
1 0.7579022988505747 0.6751662971175166 0.09339080459770115 0.34811529933481156
1 0.6738505747126436 0.5665188470066519 0.06321839080459771 0.1352549889135255
1 0.3333333333333333 0.7971175166297118 0.16091954022988506 0.3968957871396896
1 0.16738505747126436 0.5942350332594235 0.06465517241379311 0.17738359201773835
1 0.08908045977011494 0.6984478935698448 0.10919540229885058 0.3237250554323725
