1 0.07454545454545454 0.8529411764705882 0.03636363636363636 0.24509803921568626
1 0.11818181818181818 0.7843137254901961 0.02909090909090909 0.20588235294117646
1 0.1290909090909091 0.7598039215686274 0.02909090909090909 0.19607843137254902
1 0.16454545454545455 0.7107843137254902 0.02 0.12745098039215685
1 0.1809090909090909 0.7549019607843137 0.02 0.14705882352941177
1 0.1990909090909091 0.7426470588235294 0.02727272727272727 0.18137254901960784
1 0.25545454545454543 0.7598039215686274 0.02 0.14705882352941177
1 0.2718181818181818 0.7598039215686274 0.02 0.13725490196078433
1 0.3109090909090909 0.7843137254901961 0.03272727272727273 0.21568627450980393
1 0.34 0.7892156862745098 0.025454545454545455 0.16666666666666666
1 0.3781818181818182 0.7990196078431372 0.02181818181818182 0.1568627450980392
1 0.39181818181818184 0.8161764705882353 0.016363636363636365 0.12254901960784313
1 0.4118181818181818 0.8406862745098039 0.016363636363636365 0.10294117647058823
1 0.4618181818181818 0.9117647058823529 0.02181818181818182 0.1568627450980392
1 0.01090909090909091 0.6151960784313726 0.014545454545454545 0.09313725490196079
1 0.023636363636363636 0.6862745098039216 0.02181818181818182 0.1568627450980392
1 0.04909090909090909 0.75 0.025454545454545455 0.16666666666666666
1 0.06272727272727273 0.678921568627451 0.016363636363636365 0.12254901960784313
1 0.09090909090909091 0.7156862745098039 0.025454545454545455 0.16666666666666666
1 0.034545454545454546 0.6446078431372549 0.014545454545454545 0.10294117647058823
1 0.07545454545454545 0.6446078431372549 0.016363636363636365 0.10294117647058823
1 0.1190909090909091 0.625 0.00909090909090909 0.07352941176470588
1 0.1481818181818182 0.5955882352941176 0.00909090909090909 0.07352941176470588
1 0.14272727272727273 0.7009803921568627 0.023636363636363636 0.1568627450980392
1 0.17272727272727273 0.5980392156862745 0.007272727272727273 0.058823529411764705
1 0.15545454545454546 0.6299019607843137 0.00909090909090909 0.07352941176470588
1 0.18454545454545454 0.6102941176470588 0.00909090909090909 0.06372549019607843
1 0.19363636363636363 0.642156862745098 0.00909090909090909 0.0784313725490196
1 0.2309090909090909 0.6029411764705882 0.01090909090909091 0.0784313725490196
1 0.28363636363636363 0.5857843137254902 0.01090909090909091 0.07352941176470588
1 0.26636363636363636 0.5980392156862745 0.00909090909090909 0.06862745098039216
1 0.4290909090909091 0.8112745098039216 0.01090909090909091 0.07352941176470588
1 0.12363636363636364 0.4877450980392157 0.007272727272727273 0.044117647058823525
1 0.05818181818181818 0.49754901960784315 0.007272727272727273 0.05392156862745098
1 0.004545454545454545 0.4950980392156863 0.00909090909090909 0.058823529411764705
1 0.013636363636363636 0.4926470588235294 0.00909090909090909 0.06372549019607843
1 0.03909090909090909 0.5 0.005454545454545455 0.049019607843137254
1 0.5481818181818182 0.8700980392156863 0.034545454545454546 0.24019607843137256
1 0.5727272727272728 0.8063725490196079 0.02181818181818182 0.16176470588235295
1 0.6063636363636363 0.8431372549019608 0.045454545454545456 0.29411764705882354
1 0.6263636363636363 0.8602941176470588 0.038181818181818185 0.25980392156862747
1 0.6618181818181819 0.821078431372549 0.04 0.27941176470588236
1 0.6954545454545454 0.7867647058823529 0.038181818181818185 0.25
1 0.7163636363636363 0.7426470588235294 0.02181818181818182 0.16176470588235295
1 0.7527272727272727 0.7132352941176471 0.01818181818181818 0.12254901960784313
1 0.7427272727272727 0.7156862745098039 0.016363636363636365 0.10784313725490197
1 0.6409090909090909 0.7450980392156863 0.02 0.12745098039215685
1 0.77 0.8382352941176471 0.04181818181818182 0.28431372549019607
1 0.7863636363636364 0.7181372549019608 0.03090909090909091 0.22058823529411764
1 0.7972727272727272 0.7279411764705882 0.02727272727272727 0.18137254901960784
1 0.8781818181818182 0.6887254901960784 0.025454545454545455 0.1715686274509804
1 0.8936363636363637 0.6862745098039216 0.02727272727272727 0.1764705882352941
1 0.9081818181818182 0.6764705882352942 0.023636363636363636 0.16666666666666666
1 0.9209090909090909 0.6715686274509803 0.023636363636363636 0.1568627450980392
1 0.8554545454545455 0.6862745098039216 0.02 0.12745098039215685
1 0.8372727272727273 0.6519607843137255 0.016363636363636365 0.10784313725490197
1 0.8272727272727273 0.6593137254901961 0.014545454545454545 0.11274509803921569
