1 0.009000000000000001 0.5765765765765766 0.018000000000000002 0.12012012012012012
1 0.11 0.5495495495495496 0.02 0.08408408408408408
1 0.147 0.5285285285285285 0.022 0.09009009009009009
1 0.246 0.6711711711711712 0.176 0.6456456456456456
1 0.383 0.6921921921921922 0.162 0.5915915915915916
1 0.425 0.6381381381381381 0.10200000000000001 0.3813813813813814
1 0.513 0.6336336336336337 0.098 0.3663663663663664
1 0.5740000000000001 0.6531531531531531 0.096 0.35735735735735735
1 0.65 0.6576576576576576 0.10400000000000001 0.3783783783783784
1 0.624 0.6216216216216216 0.1 0.37237237237237236
1 0.713 0.6006006006006006 0.10200000000000001 0.3843843843843844
1 0.739 0.6591591591591591 0.10200000000000001 0.3813813813813814
1 0.773 0.6276276276276276 0.10200000000000001 0.37237237237237236
1 0.84 0.6486486486486487 0.124 0.4624624624624625
1 0.92 0.6321321321321322 0.124 0.45345345345345345
1 0.9590000000000001 0.6741741741741741 0.082 0.5495495495495496
